window,testing_start_date,testing_end_date,characteristics,factors,ap_tree_max_depth,ap_tree_min_samples_leaf,node_id,leaf_depth,depth_position,feature
2009-01-01_to_2012-01-01,2009-01-01,2012-01-01,"hml,smb,mom",mkt,14,5,6,6,1,mom
2009-01-01_to_2012-01-01,2009-01-01,2012-01-01,"hml,smb,mom",mkt,14,5,6,6,2,mom
2009-01-01_to_2012-01-01,2009-01-01,2012-01-01,"hml,smb,mom",mkt,14,5,6,6,3,mom
2009-01-01_to_2012-01-01,2009-01-01,2012-01-01,"hml,smb,mom",mkt,14,5,6,6,4,mom
2009-01-01_to_2012-01-01,2009-01-01,2012-01-01,"hml,smb,mom",mkt,14,5,6,6,5,mom
2009-01-01_to_2012-01-01,2009-01-01,2012-01-01,"hml,smb,mom",mkt,14,5,6,6,6,hml
2009-01-01_to_2012-01-01,2009-01-01,2012-01-01,"hml,smb,mom",mkt,14,5,7,6,1,mom
2009-01-01_to_2012-01-01,2009-01-01,2012-01-01,"hml,smb,mom",mkt,14,5,7,6,2,mom
2009-01-01_to_2012-01-01,2009-01-01,2012-01-01,"hml,smb,mom",mkt,14,5,7,6,3,mom
2009-01-01_to_2012-01-01,2009-01-01,2012-01-01,"hml,smb,mom",mkt,14,5,7,6,4,mom
2009-01-01_to_2012-01-01,2009-01-01,2012-01-01,"hml,smb,mom",mkt,14,5,7,6,5,mom
2009-01-01_to_2012-01-01,2009-01-01,2012-01-01,"hml,smb,mom",mkt,14,5,7,6,6,hml
2009-01-01_to_2012-01-01,2009-01-01,2012-01-01,"hml,smb,mom",mkt,14,5,10,7,1,mom
2009-01-01_to_2012-01-01,2009-01-01,2012-01-01,"hml,smb,mom",mkt,14,5,10,7,2,mom
2009-01-01_to_2012-01-01,2009-01-01,2012-01-01,"hml,smb,mom",mkt,14,5,10,7,3,mom
2009-01-01_to_2012-01-01,2009-01-01,2012-01-01,"hml,smb,mom",mkt,14,5,10,7,4,mom
2009-01-01_to_2012-01-01,2009-01-01,2012-01-01,"hml,smb,mom",mkt,14,5,10,7,5,mom
2009-01-01_to_2012-01-01,2009-01-01,2012-01-01,"hml,smb,mom",mkt,14,5,10,7,6,hml
2009-01-01_to_2012-01-01,2009-01-01,2012-01-01,"hml,smb,mom",mkt,14,5,10,7,7,hml
2009-01-01_to_2012-01-01,2009-01-01,2012-01-01,"hml,smb,mom",mkt,14,5,11,7,1,mom
2009-01-01_to_2012-01-01,2009-01-01,2012-01-01,"hml,smb,mom",mkt,14,5,11,7,2,mom
2009-01-01_to_2012-01-01,2009-01-01,2012-01-01,"hml,smb,mom",mkt,14,5,11,7,3,mom
2009-01-01_to_2012-01-01,2009-01-01,2012-01-01,"hml,smb,mom",mkt,14,5,11,7,4,mom
2009-01-01_to_2012-01-01,2009-01-01,2012-01-01,"hml,smb,mom",mkt,14,5,11,7,5,mom
2009-01-01_to_2012-01-01,2009-01-01,2012-01-01,"hml,smb,mom",mkt,14,5,11,7,6,hml
2009-01-01_to_2012-01-01,2009-01-01,2012-01-01,"hml,smb,mom",mkt,14,5,11,7,7,hml
2009-01-01_to_2012-01-01,2009-01-01,2012-01-01,"hml,smb,mom",mkt,14,5,13,7,1,mom
2009-01-01_to_2012-01-01,2009-01-01,2012-01-01,"hml,smb,mom",mkt,14,5,13,7,2,mom
2009-01-01_to_2012-01-01,2009-01-01,2012-01-01,"hml,smb,mom",mkt,14,5,13,7,3,mom
2009-01-01_to_2012-01-01,2009-01-01,2012-01-01,"hml,smb,mom",mkt,14,5,13,7,4,mom
2009-01-01_to_2012-01-01,2009-01-01,2012-01-01,"hml,smb,mom",mkt,14,5,13,7,5,mom
2009-01-01_to_2012-01-01,2009-01-01,2012-01-01,"hml,smb,mom",mkt,14,5,13,7,6,hml
2009-01-01_to_2012-01-01,2009-01-01,2012-01-01,"hml,smb,mom",mkt,14,5,13,7,7,mom
2009-01-01_to_2012-01-01,2009-01-01,2012-01-01,"hml,smb,mom",mkt,14,5,14,7,1,mom
2009-01-01_to_2012-01-01,2009-01-01,2012-01-01,"hml,smb,mom",mkt,14,5,14,7,2,mom
2009-01-01_to_2012-01-01,2009-01-01,2012-01-01,"hml,smb,mom",mkt,14,5,14,7,3,mom
2009-01-01_to_2012-01-01,2009-01-01,2012-01-01,"hml,smb,mom",mkt,14,5,14,7,4,mom
2009-01-01_to_2012-01-01,2009-01-01,2012-01-01,"hml,smb,mom",mkt,14,5,14,7,5,mom
2009-01-01_to_2012-01-01,2009-01-01,2012-01-01,"hml,smb,mom",mkt,14,5,14,7,6,hml
2009-01-01_to_2012-01-01,2009-01-01,2012-01-01,"hml,smb,mom",mkt,14,5,14,7,7,mom
2009-01-01_to_2012-01-01,2009-01-01,2012-01-01,"hml,smb,mom",mkt,14,5,19,8,1,mom
2009-01-01_to_2012-01-01,2009-01-01,2012-01-01,"hml,smb,mom",mkt,14,5,19,8,2,mom
2009-01-01_to_2012-01-01,2009-01-01,2012-01-01,"hml,smb,mom",mkt,14,5,19,8,3,mom
2009-01-01_to_2012-01-01,2009-01-01,2012-01-01,"hml,smb,mom",mkt,14,5,19,8,4,mom
2009-01-01_to_2012-01-01,2009-01-01,2012-01-01,"hml,smb,mom",mkt,14,5,19,8,5,mom
2009-01-01_to_2012-01-01,2009-01-01,2012-01-01,"hml,smb,mom",mkt,14,5,19,8,6,mom
2009-01-01_to_2012-01-01,2009-01-01,2012-01-01,"hml,smb,mom",mkt,14,5,19,8,7,hml
2009-01-01_to_2012-01-01,2009-01-01,2012-01-01,"hml,smb,mom",mkt,14,5,19,8,8,mom
2009-01-01_to_2012-01-01,2009-01-01,2012-01-01,"hml,smb,mom",mkt,14,5,20,8,1,mom
2009-01-01_to_2012-01-01,2009-01-01,2012-01-01,"hml,smb,mom",mkt,14,5,20,8,2,mom
2009-01-01_to_2012-01-01,2009-01-01,2012-01-01,"hml,smb,mom",mkt,14,5,20,8,3,mom
2009-01-01_to_2012-01-01,2009-01-01,2012-01-01,"hml,smb,mom",mkt,14,5,20,8,4,mom
2009-01-01_to_2012-01-01,2009-01-01,2012-01-01,"hml,smb,mom",mkt,14,5,20,8,5,mom
2009-01-01_to_2012-01-01,2009-01-01,2012-01-01,"hml,smb,mom",mkt,14,5,20,8,6,mom
2009-01-01_to_2012-01-01,2009-01-01,2012-01-01,"hml,smb,mom",mkt,14,5,20,8,7,hml
2009-01-01_to_2012-01-01,2009-01-01,2012-01-01,"hml,smb,mom",mkt,14,5,20,8,8,mom
2009-01-01_to_2012-01-01,2009-01-01,2012-01-01,"hml,smb,mom",mkt,14,5,21,7,1,mom
2009-01-01_to_2012-01-01,2009-01-01,2012-01-01,"hml,smb,mom",mkt,14,5,21,7,2,mom
2009-01-01_to_2012-01-01,2009-01-01,2012-01-01,"hml,smb,mom",mkt,14,5,21,7,3,mom
2009-01-01_to_2012-01-01,2009-01-01,2012-01-01,"hml,smb,mom",mkt,14,5,21,7,4,mom
2009-01-01_to_2012-01-01,2009-01-01,2012-01-01,"hml,smb,mom",mkt,14,5,21,7,5,mom
2009-01-01_to_2012-01-01,2009-01-01,2012-01-01,"hml,smb,mom",mkt,14,5,21,7,6,mom
2009-01-01_to_2012-01-01,2009-01-01,2012-01-01,"hml,smb,mom",mkt,14,5,21,7,7,hml
2009-01-01_to_2012-01-01,2009-01-01,2012-01-01,"hml,smb,mom",mkt,14,5,23,7,1,mom
2009-01-01_to_2012-01-01,2009-01-01,2012-01-01,"hml,smb,mom",mkt,14,5,23,7,2,mom
2009-01-01_to_2012-01-01,2009-01-01,2012-01-01,"hml,smb,mom",mkt,14,5,23,7,3,mom
2009-01-01_to_2012-01-01,2009-01-01,2012-01-01,"hml,smb,mom",mkt,14,5,23,7,4,mom
2009-01-01_to_2012-01-01,2009-01-01,2012-01-01,"hml,smb,mom",mkt,14,5,23,7,5,mom
2009-01-01_to_2012-01-01,2009-01-01,2012-01-01,"hml,smb,mom",mkt,14,5,23,7,6,mom
2009-01-01_to_2012-01-01,2009-01-01,2012-01-01,"hml,smb,mom",mkt,14,5,23,7,7,smb
2009-01-01_to_2012-01-01,2009-01-01,2012-01-01,"hml,smb,mom",mkt,14,5,24,7,1,mom
2009-01-01_to_2012-01-01,2009-01-01,2012-01-01,"hml,smb,mom",mkt,14,5,24,7,2,mom
2009-01-01_to_2012-01-01,2009-01-01,2012-01-01,"hml,smb,mom",mkt,14,5,24,7,3,mom
2009-01-01_to_2012-01-01,2009-01-01,2012-01-01,"hml,smb,mom",mkt,14,5,24,7,4,mom
2009-01-01_to_2012-01-01,2009-01-01,2012-01-01,"hml,smb,mom",mkt,14,5,24,7,5,mom
2009-01-01_to_2012-01-01,2009-01-01,2012-01-01,"hml,smb,mom",mkt,14,5,24,7,6,mom
2009-01-01_to_2012-01-01,2009-01-01,2012-01-01,"hml,smb,mom",mkt,14,5,24,7,7,smb
2009-01-01_to_2012-01-01,2009-01-01,2012-01-01,"hml,smb,mom",mkt,14,5,28,8,1,mom
2009-01-01_to_2012-01-01,2009-01-01,2012-01-01,"hml,smb,mom",mkt,14,5,28,8,2,mom
2009-01-01_to_2012-01-01,2009-01-01,2012-01-01,"hml,smb,mom",mkt,14,5,28,8,3,mom
2009-01-01_to_2012-01-01,2009-01-01,2012-01-01,"hml,smb,mom",mkt,14,5,28,8,4,mom
2009-01-01_to_2012-01-01,2009-01-01,2012-01-01,"hml,smb,mom",mkt,14,5,28,8,5,mom
2009-01-01_to_2012-01-01,2009-01-01,2012-01-01,"hml,smb,mom",mkt,14,5,28,8,6,mom
2009-01-01_to_2012-01-01,2009-01-01,2012-01-01,"hml,smb,mom",mkt,14,5,28,8,7,smb
2009-01-01_to_2012-01-01,2009-01-01,2012-01-01,"hml,smb,mom",mkt,14,5,28,8,8,hml
2009-01-01_to_2012-01-01,2009-01-01,2012-01-01,"hml,smb,mom",mkt,14,5,29,8,1,mom
2009-01-01_to_2012-01-01,2009-01-01,2012-01-01,"hml,smb,mom",mkt,14,5,29,8,2,mom
2009-01-01_to_2012-01-01,2009-01-01,2012-01-01,"hml,smb,mom",mkt,14,5,29,8,3,mom
2009-01-01_to_2012-01-01,2009-01-01,2012-01-01,"hml,smb,mom",mkt,14,5,29,8,4,mom
2009-01-01_to_2012-01-01,2009-01-01,2012-01-01,"hml,smb,mom",mkt,14,5,29,8,5,mom
2009-01-01_to_2012-01-01,2009-01-01,2012-01-01,"hml,smb,mom",mkt,14,5,29,8,6,mom
2009-01-01_to_2012-01-01,2009-01-01,2012-01-01,"hml,smb,mom",mkt,14,5,29,8,7,smb
2009-01-01_to_2012-01-01,2009-01-01,2012-01-01,"hml,smb,mom",mkt,14,5,29,8,8,hml
2009-01-01_to_2012-01-01,2009-01-01,2012-01-01,"hml,smb,mom",mkt,14,5,33,10,1,mom
2009-01-01_to_2012-01-01,2009-01-01,2012-01-01,"hml,smb,mom",mkt,14,5,33,10,2,mom
2009-01-01_to_2012-01-01,2009-01-01,2012-01-01,"hml,smb,mom",mkt,14,5,33,10,3,mom
2009-01-01_to_2012-01-01,2009-01-01,2012-01-01,"hml,smb,mom",mkt,14,5,33,10,4,mom
2009-01-01_to_2012-01-01,2009-01-01,2012-01-01,"hml,smb,mom",mkt,14,5,33,10,5,mom
2009-01-01_to_2012-01-01,2009-01-01,2012-01-01,"hml,smb,mom",mkt,14,5,33,10,6,mom
2009-01-01_to_2012-01-01,2009-01-01,2012-01-01,"hml,smb,mom",mkt,14,5,33,10,7,smb
2009-01-01_to_2012-01-01,2009-01-01,2012-01-01,"hml,smb,mom",mkt,14,5,33,10,8,smb
2009-01-01_to_2012-01-01,2009-01-01,2012-01-01,"hml,smb,mom",mkt,14,5,33,10,9,mom
2009-01-01_to_2012-01-01,2009-01-01,2012-01-01,"hml,smb,mom",mkt,14,5,33,10,10,hml
2009-01-01_to_2012-01-01,2009-01-01,2012-01-01,"hml,smb,mom",mkt,14,5,34,10,1,mom
2009-01-01_to_2012-01-01,2009-01-01,2012-01-01,"hml,smb,mom",mkt,14,5,34,10,2,mom
2009-01-01_to_2012-01-01,2009-01-01,2012-01-01,"hml,smb,mom",mkt,14,5,34,10,3,mom
2009-01-01_to_2012-01-01,2009-01-01,2012-01-01,"hml,smb,mom",mkt,14,5,34,10,4,mom
2009-01-01_to_2012-01-01,2009-01-01,2012-01-01,"hml,smb,mom",mkt,14,5,34,10,5,mom
2009-01-01_to_2012-01-01,2009-01-01,2012-01-01,"hml,smb,mom",mkt,14,5,34,10,6,mom
2009-01-01_to_2012-01-01,2009-01-01,2012-01-01,"hml,smb,mom",mkt,14,5,34,10,7,smb
2009-01-01_to_2012-01-01,2009-01-01,2012-01-01,"hml,smb,mom",mkt,14,5,34,10,8,smb
2009-01-01_to_2012-01-01,2009-01-01,2012-01-01,"hml,smb,mom",mkt,14,5,34,10,9,mom
2009-01-01_to_2012-01-01,2009-01-01,2012-01-01,"hml,smb,mom",mkt,14,5,34,10,10,hml
2009-01-01_to_2012-01-01,2009-01-01,2012-01-01,"hml,smb,mom",mkt,14,5,36,10,1,mom
2009-01-01_to_2012-01-01,2009-01-01,2012-01-01,"hml,smb,mom",mkt,14,5,36,10,2,mom
2009-01-01_to_2012-01-01,2009-01-01,2012-01-01,"hml,smb,mom",mkt,14,5,36,10,3,mom
2009-01-01_to_2012-01-01,2009-01-01,2012-01-01,"hml,smb,mom",mkt,14,5,36,10,4,mom
2009-01-01_to_2012-01-01,2009-01-01,2012-01-01,"hml,smb,mom",mkt,14,5,36,10,5,mom
2009-01-01_to_2012-01-01,2009-01-01,2012-01-01,"hml,smb,mom",mkt,14,5,36,10,6,mom
2009-01-01_to_2012-01-01,2009-01-01,2012-01-01,"hml,smb,mom",mkt,14,5,36,10,7,smb
2009-01-01_to_2012-01-01,2009-01-01,2012-01-01,"hml,smb,mom",mkt,14,5,36,10,8,smb
2009-01-01_to_2012-01-01,2009-01-01,2012-01-01,"hml,smb,mom",mkt,14,5,36,10,9,mom
2009-01-01_to_2012-01-01,2009-01-01,2012-01-01,"hml,smb,mom",mkt,14,5,36,10,10,hml
2009-01-01_to_2012-01-01,2009-01-01,2012-01-01,"hml,smb,mom",mkt,14,5,37,10,1,mom
2009-01-01_to_2012-01-01,2009-01-01,2012-01-01,"hml,smb,mom",mkt,14,5,37,10,2,mom
2009-01-01_to_2012-01-01,2009-01-01,2012-01-01,"hml,smb,mom",mkt,14,5,37,10,3,mom
2009-01-01_to_2012-01-01,2009-01-01,2012-01-01,"hml,smb,mom",mkt,14,5,37,10,4,mom
2009-01-01_to_2012-01-01,2009-01-01,2012-01-01,"hml,smb,mom",mkt,14,5,37,10,5,mom
2009-01-01_to_2012-01-01,2009-01-01,2012-01-01,"hml,smb,mom",mkt,14,5,37,10,6,mom
2009-01-01_to_2012-01-01,2009-01-01,2012-01-01,"hml,smb,mom",mkt,14,5,37,10,7,smb
2009-01-01_to_2012-01-01,2009-01-01,2012-01-01,"hml,smb,mom",mkt,14,5,37,10,8,smb
2009-01-01_to_2012-01-01,2009-01-01,2012-01-01,"hml,smb,mom",mkt,14,5,37,10,9,mom
2009-01-01_to_2012-01-01,2009-01-01,2012-01-01,"hml,smb,mom",mkt,14,5,37,10,10,hml
2009-01-01_to_2012-01-01,2009-01-01,2012-01-01,"hml,smb,mom",mkt,14,5,38,8,1,mom
2009-01-01_to_2012-01-01,2009-01-01,2012-01-01,"hml,smb,mom",mkt,14,5,38,8,2,mom
2009-01-01_to_2012-01-01,2009-01-01,2012-01-01,"hml,smb,mom",mkt,14,5,38,8,3,mom
2009-01-01_to_2012-01-01,2009-01-01,2012-01-01,"hml,smb,mom",mkt,14,5,38,8,4,mom
2009-01-01_to_2012-01-01,2009-01-01,2012-01-01,"hml,smb,mom",mkt,14,5,38,8,5,mom
2009-01-01_to_2012-01-01,2009-01-01,2012-01-01,"hml,smb,mom",mkt,14,5,38,8,6,mom
2009-01-01_to_2012-01-01,2009-01-01,2012-01-01,"hml,smb,mom",mkt,14,5,38,8,7,smb
2009-01-01_to_2012-01-01,2009-01-01,2012-01-01,"hml,smb,mom",mkt,14,5,38,8,8,smb
2009-01-01_to_2012-01-01,2009-01-01,2012-01-01,"hml,smb,mom",mkt,14,5,40,7,1,mom
2009-01-01_to_2012-01-01,2009-01-01,2012-01-01,"hml,smb,mom",mkt,14,5,40,7,2,mom
2009-01-01_to_2012-01-01,2009-01-01,2012-01-01,"hml,smb,mom",mkt,14,5,40,7,3,mom
2009-01-01_to_2012-01-01,2009-01-01,2012-01-01,"hml,smb,mom",mkt,14,5,40,7,4,mom
2009-01-01_to_2012-01-01,2009-01-01,2012-01-01,"hml,smb,mom",mkt,14,5,40,7,5,mom
2009-01-01_to_2012-01-01,2009-01-01,2012-01-01,"hml,smb,mom",mkt,14,5,40,7,6,mom
2009-01-01_to_2012-01-01,2009-01-01,2012-01-01,"hml,smb,mom",mkt,14,5,40,7,7,smb
2009-01-01_to_2012-01-01,2009-01-01,2012-01-01,"hml,smb,mom",mkt,14,5,43,9,1,mom
2009-01-01_to_2012-01-01,2009-01-01,2012-01-01,"hml,smb,mom",mkt,14,5,43,9,2,mom
2009-01-01_to_2012-01-01,2009-01-01,2012-01-01,"hml,smb,mom",mkt,14,5,43,9,3,mom
2009-01-01_to_2012-01-01,2009-01-01,2012-01-01,"hml,smb,mom",mkt,14,5,43,9,4,mom
2009-01-01_to_2012-01-01,2009-01-01,2012-01-01,"hml,smb,mom",mkt,14,5,43,9,5,mom
2009-01-01_to_2012-01-01,2009-01-01,2012-01-01,"hml,smb,mom",mkt,14,5,43,9,6,mom
2009-01-01_to_2012-01-01,2009-01-01,2012-01-01,"hml,smb,mom",mkt,14,5,43,9,7,smb
2009-01-01_to_2012-01-01,2009-01-01,2012-01-01,"hml,smb,mom",mkt,14,5,43,9,8,hml
2009-01-01_to_2012-01-01,2009-01-01,2012-01-01,"hml,smb,mom",mkt,14,5,43,9,9,hml
2009-01-01_to_2012-01-01,2009-01-01,2012-01-01,"hml,smb,mom",mkt,14,5,44,9,1,mom
2009-01-01_to_2012-01-01,2009-01-01,2012-01-01,"hml,smb,mom",mkt,14,5,44,9,2,mom
2009-01-01_to_2012-01-01,2009-01-01,2012-01-01,"hml,smb,mom",mkt,14,5,44,9,3,mom
2009-01-01_to_2012-01-01,2009-01-01,2012-01-01,"hml,smb,mom",mkt,14,5,44,9,4,mom
2009-01-01_to_2012-01-01,2009-01-01,2012-01-01,"hml,smb,mom",mkt,14,5,44,9,5,mom
2009-01-01_to_2012-01-01,2009-01-01,2012-01-01,"hml,smb,mom",mkt,14,5,44,9,6,mom
2009-01-01_to_2012-01-01,2009-01-01,2012-01-01,"hml,smb,mom",mkt,14,5,44,9,7,smb
2009-01-01_to_2012-01-01,2009-01-01,2012-01-01,"hml,smb,mom",mkt,14,5,44,9,8,hml
2009-01-01_to_2012-01-01,2009-01-01,2012-01-01,"hml,smb,mom",mkt,14,5,44,9,9,hml
2009-01-01_to_2012-01-01,2009-01-01,2012-01-01,"hml,smb,mom",mkt,14,5,47,10,1,mom
2009-01-01_to_2012-01-01,2009-01-01,2012-01-01,"hml,smb,mom",mkt,14,5,47,10,2,mom
2009-01-01_to_2012-01-01,2009-01-01,2012-01-01,"hml,smb,mom",mkt,14,5,47,10,3,mom
2009-01-01_to_2012-01-01,2009-01-01,2012-01-01,"hml,smb,mom",mkt,14,5,47,10,4,mom
2009-01-01_to_2012-01-01,2009-01-01,2012-01-01,"hml,smb,mom",mkt,14,5,47,10,5,mom
2009-01-01_to_2012-01-01,2009-01-01,2012-01-01,"hml,smb,mom",mkt,14,5,47,10,6,mom
2009-01-01_to_2012-01-01,2009-01-01,2012-01-01,"hml,smb,mom",mkt,14,5,47,10,7,smb
2009-01-01_to_2012-01-01,2009-01-01,2012-01-01,"hml,smb,mom",mkt,14,5,47,10,8,hml
2009-01-01_to_2012-01-01,2009-01-01,2012-01-01,"hml,smb,mom",mkt,14,5,47,10,9,smb
2009-01-01_to_2012-01-01,2009-01-01,2012-01-01,"hml,smb,mom",mkt,14,5,47,10,10,mom
2009-01-01_to_2012-01-01,2009-01-01,2012-01-01,"hml,smb,mom",mkt,14,5,48,10,1,mom
2009-01-01_to_2012-01-01,2009-01-01,2012-01-01,"hml,smb,mom",mkt,14,5,48,10,2,mom
2009-01-01_to_2012-01-01,2009-01-01,2012-01-01,"hml,smb,mom",mkt,14,5,48,10,3,mom
2009-01-01_to_2012-01-01,2009-01-01,2012-01-01,"hml,smb,mom",mkt,14,5,48,10,4,mom
2009-01-01_to_2012-01-01,2009-01-01,2012-01-01,"hml,smb,mom",mkt,14,5,48,10,5,mom
2009-01-01_to_2012-01-01,2009-01-01,2012-01-01,"hml,smb,mom",mkt,14,5,48,10,6,mom
2009-01-01_to_2012-01-01,2009-01-01,2012-01-01,"hml,smb,mom",mkt,14,5,48,10,7,smb
2009-01-01_to_2012-01-01,2009-01-01,2012-01-01,"hml,smb,mom",mkt,14,5,48,10,8,hml
2009-01-01_to_2012-01-01,2009-01-01,2012-01-01,"hml,smb,mom",mkt,14,5,48,10,9,smb
2009-01-01_to_2012-01-01,2009-01-01,2012-01-01,"hml,smb,mom",mkt,14,5,48,10,10,mom
2009-01-01_to_2012-01-01,2009-01-01,2012-01-01,"hml,smb,mom",mkt,14,5,49,9,1,mom
2009-01-01_to_2012-01-01,2009-01-01,2012-01-01,"hml,smb,mom",mkt,14,5,49,9,2,mom
2009-01-01_to_2012-01-01,2009-01-01,2012-01-01,"hml,smb,mom",mkt,14,5,49,9,3,mom
2009-01-01_to_2012-01-01,2009-01-01,2012-01-01,"hml,smb,mom",mkt,14,5,49,9,4,mom
2009-01-01_to_2012-01-01,2009-01-01,2012-01-01,"hml,smb,mom",mkt,14,5,49,9,5,mom
2009-01-01_to_2012-01-01,2009-01-01,2012-01-01,"hml,smb,mom",mkt,14,5,49,9,6,mom
2009-01-01_to_2012-01-01,2009-01-01,2012-01-01,"hml,smb,mom",mkt,14,5,49,9,7,smb
2009-01-01_to_2012-01-01,2009-01-01,2012-01-01,"hml,smb,mom",mkt,14,5,49,9,8,hml
2009-01-01_to_2012-01-01,2009-01-01,2012-01-01,"hml,smb,mom",mkt,14,5,49,9,9,smb
2009-01-01_to_2012-01-01,2009-01-01,2012-01-01,"hml,smb,mom",mkt,14,5,55,8,1,mom
2009-01-01_to_2012-01-01,2009-01-01,2012-01-01,"hml,smb,mom",mkt,14,5,55,8,2,mom
2009-01-01_to_2012-01-01,2009-01-01,2012-01-01,"hml,smb,mom",mkt,14,5,55,8,3,mom
2009-01-01_to_2012-01-01,2009-01-01,2012-01-01,"hml,smb,mom",mkt,14,5,55,8,4,mom
2009-01-01_to_2012-01-01,2009-01-01,2012-01-01,"hml,smb,mom",mkt,14,5,55,8,5,mom
2009-01-01_to_2012-01-01,2009-01-01,2012-01-01,"hml,smb,mom",mkt,14,5,55,8,6,hml
2009-01-01_to_2012-01-01,2009-01-01,2012-01-01,"hml,smb,mom",mkt,14,5,55,8,7,smb
2009-01-01_to_2012-01-01,2009-01-01,2012-01-01,"hml,smb,mom",mkt,14,5,55,8,8,mom
2009-01-01_to_2012-01-01,2009-01-01,2012-01-01,"hml,smb,mom",mkt,14,5,56,8,1,mom
2009-01-01_to_2012-01-01,2009-01-01,2012-01-01,"hml,smb,mom",mkt,14,5,56,8,2,mom
2009-01-01_to_2012-01-01,2009-01-01,2012-01-01,"hml,smb,mom",mkt,14,5,56,8,3,mom
2009-01-01_to_2012-01-01,2009-01-01,2012-01-01,"hml,smb,mom",mkt,14,5,56,8,4,mom
2009-01-01_to_2012-01-01,2009-01-01,2012-01-01,"hml,smb,mom",mkt,14,5,56,8,5,mom
2009-01-01_to_2012-01-01,2009-01-01,2012-01-01,"hml,smb,mom",mkt,14,5,56,8,6,hml
2009-01-01_to_2012-01-01,2009-01-01,2012-01-01,"hml,smb,mom",mkt,14,5,56,8,7,smb
2009-01-01_to_2012-01-01,2009-01-01,2012-01-01,"hml,smb,mom",mkt,14,5,56,8,8,mom
2009-01-01_to_2012-01-01,2009-01-01,2012-01-01,"hml,smb,mom",mkt,14,5,57,7,1,mom
2009-01-01_to_2012-01-01,2009-01-01,2012-01-01,"hml,smb,mom",mkt,14,5,57,7,2,mom
2009-01-01_to_2012-01-01,2009-01-01,2012-01-01,"hml,smb,mom",mkt,14,5,57,7,3,mom
2009-01-01_to_2012-01-01,2009-01-01,2012-01-01,"hml,smb,mom",mkt,14,5,57,7,4,mom
2009-01-01_to_2012-01-01,2009-01-01,2012-01-01,"hml,smb,mom",mkt,14,5,57,7,5,mom
2009-01-01_to_2012-01-01,2009-01-01,2012-01-01,"hml,smb,mom",mkt,14,5,57,7,6,hml
2009-01-01_to_2012-01-01,2009-01-01,2012-01-01,"hml,smb,mom",mkt,14,5,57,7,7,smb
2009-01-01_to_2012-01-01,2009-01-01,2012-01-01,"hml,smb,mom",mkt,14,5,60,8,1,mom
2009-01-01_to_2012-01-01,2009-01-01,2012-01-01,"hml,smb,mom",mkt,14,5,60,8,2,mom
2009-01-01_to_2012-01-01,2009-01-01,2012-01-01,"hml,smb,mom",mkt,14,5,60,8,3,mom
2009-01-01_to_2012-01-01,2009-01-01,2012-01-01,"hml,smb,mom",mkt,14,5,60,8,4,mom
2009-01-01_to_2012-01-01,2009-01-01,2012-01-01,"hml,smb,mom",mkt,14,5,60,8,5,mom
2009-01-01_to_2012-01-01,2009-01-01,2012-01-01,"hml,smb,mom",mkt,14,5,60,8,6,hml
2009-01-01_to_2012-01-01,2009-01-01,2012-01-01,"hml,smb,mom",mkt,14,5,60,8,7,smb
2009-01-01_to_2012-01-01,2009-01-01,2012-01-01,"hml,smb,mom",mkt,14,5,60,8,8,hml
2009-01-01_to_2012-01-01,2009-01-01,2012-01-01,"hml,smb,mom",mkt,14,5,61,8,1,mom
2009-01-01_to_2012-01-01,2009-01-01,2012-01-01,"hml,smb,mom",mkt,14,5,61,8,2,mom
2009-01-01_to_2012-01-01,2009-01-01,2012-01-01,"hml,smb,mom",mkt,14,5,61,8,3,mom
2009-01-01_to_2012-01-01,2009-01-01,2012-01-01,"hml,smb,mom",mkt,14,5,61,8,4,mom
2009-01-01_to_2012-01-01,2009-01-01,2012-01-01,"hml,smb,mom",mkt,14,5,61,8,5,mom
2009-01-01_to_2012-01-01,2009-01-01,2012-01-01,"hml,smb,mom",mkt,14,5,61,8,6,hml
2009-01-01_to_2012-01-01,2009-01-01,2012-01-01,"hml,smb,mom",mkt,14,5,61,8,7,smb
2009-01-01_to_2012-01-01,2009-01-01,2012-01-01,"hml,smb,mom",mkt,14,5,61,8,8,hml
2009-01-01_to_2012-01-01,2009-01-01,2012-01-01,"hml,smb,mom",mkt,14,5,63,8,1,mom
2009-01-01_to_2012-01-01,2009-01-01,2012-01-01,"hml,smb,mom",mkt,14,5,63,8,2,mom
2009-01-01_to_2012-01-01,2009-01-01,2012-01-01,"hml,smb,mom",mkt,14,5,63,8,3,mom
2009-01-01_to_2012-01-01,2009-01-01,2012-01-01,"hml,smb,mom",mkt,14,5,63,8,4,mom
2009-01-01_to_2012-01-01,2009-01-01,2012-01-01,"hml,smb,mom",mkt,14,5,63,8,5,mom
2009-01-01_to_2012-01-01,2009-01-01,2012-01-01,"hml,smb,mom",mkt,14,5,63,8,6,hml
2009-01-01_to_2012-01-01,2009-01-01,2012-01-01,"hml,smb,mom",mkt,14,5,63,8,7,smb
2009-01-01_to_2012-01-01,2009-01-01,2012-01-01,"hml,smb,mom",mkt,14,5,63,8,8,smb
2009-01-01_to_2012-01-01,2009-01-01,2012-01-01,"hml,smb,mom",mkt,14,5,64,8,1,mom
2009-01-01_to_2012-01-01,2009-01-01,2012-01-01,"hml,smb,mom",mkt,14,5,64,8,2,mom
2009-01-01_to_2012-01-01,2009-01-01,2012-01-01,"hml,smb,mom",mkt,14,5,64,8,3,mom
2009-01-01_to_2012-01-01,2009-01-01,2012-01-01,"hml,smb,mom",mkt,14,5,64,8,4,mom
2009-01-01_to_2012-01-01,2009-01-01,2012-01-01,"hml,smb,mom",mkt,14,5,64,8,5,mom
2009-01-01_to_2012-01-01,2009-01-01,2012-01-01,"hml,smb,mom",mkt,14,5,64,8,6,hml
2009-01-01_to_2012-01-01,2009-01-01,2012-01-01,"hml,smb,mom",mkt,14,5,64,8,7,smb
2009-01-01_to_2012-01-01,2009-01-01,2012-01-01,"hml,smb,mom",mkt,14,5,64,8,8,smb
2009-01-01_to_2012-01-01,2009-01-01,2012-01-01,"hml,smb,mom",mkt,14,5,68,8,1,mom
2009-01-01_to_2012-01-01,2009-01-01,2012-01-01,"hml,smb,mom",mkt,14,5,68,8,2,mom
2009-01-01_to_2012-01-01,2009-01-01,2012-01-01,"hml,smb,mom",mkt,14,5,68,8,3,mom
2009-01-01_to_2012-01-01,2009-01-01,2012-01-01,"hml,smb,mom",mkt,14,5,68,8,4,mom
2009-01-01_to_2012-01-01,2009-01-01,2012-01-01,"hml,smb,mom",mkt,14,5,68,8,5,mom
2009-01-01_to_2012-01-01,2009-01-01,2012-01-01,"hml,smb,mom",mkt,14,5,68,8,6,mom
2009-01-01_to_2012-01-01,2009-01-01,2012-01-01,"hml,smb,mom",mkt,14,5,68,8,7,hml
2009-01-01_to_2012-01-01,2009-01-01,2012-01-01,"hml,smb,mom",mkt,14,5,68,8,8,hml
2009-01-01_to_2012-01-01,2009-01-01,2012-01-01,"hml,smb,mom",mkt,14,5,70,9,1,mom
2009-01-01_to_2012-01-01,2009-01-01,2012-01-01,"hml,smb,mom",mkt,14,5,70,9,2,mom
2009-01-01_to_2012-01-01,2009-01-01,2012-01-01,"hml,smb,mom",mkt,14,5,70,9,3,mom
2009-01-01_to_2012-01-01,2009-01-01,2012-01-01,"hml,smb,mom",mkt,14,5,70,9,4,mom
2009-01-01_to_2012-01-01,2009-01-01,2012-01-01,"hml,smb,mom",mkt,14,5,70,9,5,mom
2009-01-01_to_2012-01-01,2009-01-01,2012-01-01,"hml,smb,mom",mkt,14,5,70,9,6,mom
2009-01-01_to_2012-01-01,2009-01-01,2012-01-01,"hml,smb,mom",mkt,14,5,70,9,7,hml
2009-01-01_to_2012-01-01,2009-01-01,2012-01-01,"hml,smb,mom",mkt,14,5,70,9,8,hml
2009-01-01_to_2012-01-01,2009-01-01,2012-01-01,"hml,smb,mom",mkt,14,5,70,9,9,mom
2009-01-01_to_2012-01-01,2009-01-01,2012-01-01,"hml,smb,mom",mkt,14,5,71,9,1,mom
2009-01-01_to_2012-01-01,2009-01-01,2012-01-01,"hml,smb,mom",mkt,14,5,71,9,2,mom
2009-01-01_to_2012-01-01,2009-01-01,2012-01-01,"hml,smb,mom",mkt,14,5,71,9,3,mom
2009-01-01_to_2012-01-01,2009-01-01,2012-01-01,"hml,smb,mom",mkt,14,5,71,9,4,mom
2009-01-01_to_2012-01-01,2009-01-01,2012-01-01,"hml,smb,mom",mkt,14,5,71,9,5,mom
2009-01-01_to_2012-01-01,2009-01-01,2012-01-01,"hml,smb,mom",mkt,14,5,71,9,6,mom
2009-01-01_to_2012-01-01,2009-01-01,2012-01-01,"hml,smb,mom",mkt,14,5,71,9,7,hml
2009-01-01_to_2012-01-01,2009-01-01,2012-01-01,"hml,smb,mom",mkt,14,5,71,9,8,hml
2009-01-01_to_2012-01-01,2009-01-01,2012-01-01,"hml,smb,mom",mkt,14,5,71,9,9,mom
2009-01-01_to_2012-01-01,2009-01-01,2012-01-01,"hml,smb,mom",mkt,14,5,74,9,1,mom
2009-01-01_to_2012-01-01,2009-01-01,2012-01-01,"hml,smb,mom",mkt,14,5,74,9,2,mom
2009-01-01_to_2012-01-01,2009-01-01,2012-01-01,"hml,smb,mom",mkt,14,5,74,9,3,mom
2009-01-01_to_2012-01-01,2009-01-01,2012-01-01,"hml,smb,mom",mkt,14,5,74,9,4,mom
2009-01-01_to_2012-01-01,2009-01-01,2012-01-01,"hml,smb,mom",mkt,14,5,74,9,5,mom
2009-01-01_to_2012-01-01,2009-01-01,2012-01-01,"hml,smb,mom",mkt,14,5,74,9,6,mom
2009-01-01_to_2012-01-01,2009-01-01,2012-01-01,"hml,smb,mom",mkt,14,5,74,9,7,hml
2009-01-01_to_2012-01-01,2009-01-01,2012-01-01,"hml,smb,mom",mkt,14,5,74,9,8,smb
2009-01-01_to_2012-01-01,2009-01-01,2012-01-01,"hml,smb,mom",mkt,14,5,74,9,9,hml
2009-01-01_to_2012-01-01,2009-01-01,2012-01-01,"hml,smb,mom",mkt,14,5,75,9,1,mom
2009-01-01_to_2012-01-01,2009-01-01,2012-01-01,"hml,smb,mom",mkt,14,5,75,9,2,mom
2009-01-01_to_2012-01-01,2009-01-01,2012-01-01,"hml,smb,mom",mkt,14,5,75,9,3,mom
2009-01-01_to_2012-01-01,2009-01-01,2012-01-01,"hml,smb,mom",mkt,14,5,75,9,4,mom
2009-01-01_to_2012-01-01,2009-01-01,2012-01-01,"hml,smb,mom",mkt,14,5,75,9,5,mom
2009-01-01_to_2012-01-01,2009-01-01,2012-01-01,"hml,smb,mom",mkt,14,5,75,9,6,mom
2009-01-01_to_2012-01-01,2009-01-01,2012-01-01,"hml,smb,mom",mkt,14,5,75,9,7,hml
2009-01-01_to_2012-01-01,2009-01-01,2012-01-01,"hml,smb,mom",mkt,14,5,75,9,8,smb
2009-01-01_to_2012-01-01,2009-01-01,2012-01-01,"hml,smb,mom",mkt,14,5,75,9,9,hml
2009-01-01_to_2012-01-01,2009-01-01,2012-01-01,"hml,smb,mom",mkt,14,5,77,9,1,mom
2009-01-01_to_2012-01-01,2009-01-01,2012-01-01,"hml,smb,mom",mkt,14,5,77,9,2,mom
2009-01-01_to_2012-01-01,2009-01-01,2012-01-01,"hml,smb,mom",mkt,14,5,77,9,3,mom
2009-01-01_to_2012-01-01,2009-01-01,2012-01-01,"hml,smb,mom",mkt,14,5,77,9,4,mom
2009-01-01_to_2012-01-01,2009-01-01,2012-01-01,"hml,smb,mom",mkt,14,5,77,9,5,mom
2009-01-01_to_2012-01-01,2009-01-01,2012-01-01,"hml,smb,mom",mkt,14,5,77,9,6,mom
2009-01-01_to_2012-01-01,2009-01-01,2012-01-01,"hml,smb,mom",mkt,14,5,77,9,7,hml
2009-01-01_to_2012-01-01,2009-01-01,2012-01-01,"hml,smb,mom",mkt,14,5,77,9,8,smb
2009-01-01_to_2012-01-01,2009-01-01,2012-01-01,"hml,smb,mom",mkt,14,5,77,9,9,smb
2009-01-01_to_2012-01-01,2009-01-01,2012-01-01,"hml,smb,mom",mkt,14,5,79,10,1,mom
2009-01-01_to_2012-01-01,2009-01-01,2012-01-01,"hml,smb,mom",mkt,14,5,79,10,2,mom
2009-01-01_to_2012-01-01,2009-01-01,2012-01-01,"hml,smb,mom",mkt,14,5,79,10,3,mom
2009-01-01_to_2012-01-01,2009-01-01,2012-01-01,"hml,smb,mom",mkt,14,5,79,10,4,mom
2009-01-01_to_2012-01-01,2009-01-01,2012-01-01,"hml,smb,mom",mkt,14,5,79,10,5,mom
2009-01-01_to_2012-01-01,2009-01-01,2012-01-01,"hml,smb,mom",mkt,14,5,79,10,6,mom
2009-01-01_to_2012-01-01,2009-01-01,2012-01-01,"hml,smb,mom",mkt,14,5,79,10,7,hml
2009-01-01_to_2012-01-01,2009-01-01,2012-01-01,"hml,smb,mom",mkt,14,5,79,10,8,smb
2009-01-01_to_2012-01-01,2009-01-01,2012-01-01,"hml,smb,mom",mkt,14,5,79,10,9,smb
2009-01-01_to_2012-01-01,2009-01-01,2012-01-01,"hml,smb,mom",mkt,14,5,79,10,10,mom
2009-01-01_to_2012-01-01,2009-01-01,2012-01-01,"hml,smb,mom",mkt,14,5,80,10,1,mom
2009-01-01_to_2012-01-01,2009-01-01,2012-01-01,"hml,smb,mom",mkt,14,5,80,10,2,mom
2009-01-01_to_2012-01-01,2009-01-01,2012-01-01,"hml,smb,mom",mkt,14,5,80,10,3,mom
2009-01-01_to_2012-01-01,2009-01-01,2012-01-01,"hml,smb,mom",mkt,14,5,80,10,4,mom
2009-01-01_to_2012-01-01,2009-01-01,2012-01-01,"hml,smb,mom",mkt,14,5,80,10,5,mom
2009-01-01_to_2012-01-01,2009-01-01,2012-01-01,"hml,smb,mom",mkt,14,5,80,10,6,mom
2009-01-01_to_2012-01-01,2009-01-01,2012-01-01,"hml,smb,mom",mkt,14,5,80,10,7,hml
2009-01-01_to_2012-01-01,2009-01-01,2012-01-01,"hml,smb,mom",mkt,14,5,80,10,8,smb
2009-01-01_to_2012-01-01,2009-01-01,2012-01-01,"hml,smb,mom",mkt,14,5,80,10,9,smb
2009-01-01_to_2012-01-01,2009-01-01,2012-01-01,"hml,smb,mom",mkt,14,5,80,10,10,mom
2009-01-01_to_2012-01-01,2009-01-01,2012-01-01,"hml,smb,mom",mkt,14,5,83,8,1,mom
2009-01-01_to_2012-01-01,2009-01-01,2012-01-01,"hml,smb,mom",mkt,14,5,83,8,2,mom
2009-01-01_to_2012-01-01,2009-01-01,2012-01-01,"hml,smb,mom",mkt,14,5,83,8,3,mom
2009-01-01_to_2012-01-01,2009-01-01,2012-01-01,"hml,smb,mom",mkt,14,5,83,8,4,mom
2009-01-01_to_2012-01-01,2009-01-01,2012-01-01,"hml,smb,mom",mkt,14,5,83,8,5,mom
2009-01-01_to_2012-01-01,2009-01-01,2012-01-01,"hml,smb,mom",mkt,14,5,83,8,6,mom
2009-01-01_to_2012-01-01,2009-01-01,2012-01-01,"hml,smb,mom",mkt,14,5,83,8,7,smb
2009-01-01_to_2012-01-01,2009-01-01,2012-01-01,"hml,smb,mom",mkt,14,5,83,8,8,mom
2009-01-01_to_2012-01-01,2009-01-01,2012-01-01,"hml,smb,mom",mkt,14,5,84,8,1,mom
2009-01-01_to_2012-01-01,2009-01-01,2012-01-01,"hml,smb,mom",mkt,14,5,84,8,2,mom
2009-01-01_to_2012-01-01,2009-01-01,2012-01-01,"hml,smb,mom",mkt,14,5,84,8,3,mom
2009-01-01_to_2012-01-01,2009-01-01,2012-01-01,"hml,smb,mom",mkt,14,5,84,8,4,mom
2009-01-01_to_2012-01-01,2009-01-01,2012-01-01,"hml,smb,mom",mkt,14,5,84,8,5,mom
2009-01-01_to_2012-01-01,2009-01-01,2012-01-01,"hml,smb,mom",mkt,14,5,84,8,6,mom
2009-01-01_to_2012-01-01,2009-01-01,2012-01-01,"hml,smb,mom",mkt,14,5,84,8,7,smb
2009-01-01_to_2012-01-01,2009-01-01,2012-01-01,"hml,smb,mom",mkt,14,5,84,8,8,mom
2009-01-01_to_2012-01-01,2009-01-01,2012-01-01,"hml,smb,mom",mkt,14,5,86,8,1,mom
2009-01-01_to_2012-01-01,2009-01-01,2012-01-01,"hml,smb,mom",mkt,14,5,86,8,2,mom
2009-01-01_to_2012-01-01,2009-01-01,2012-01-01,"hml,smb,mom",mkt,14,5,86,8,3,mom
2009-01-01_to_2012-01-01,2009-01-01,2012-01-01,"hml,smb,mom",mkt,14,5,86,8,4,mom
2009-01-01_to_2012-01-01,2009-01-01,2012-01-01,"hml,smb,mom",mkt,14,5,86,8,5,mom
2009-01-01_to_2012-01-01,2009-01-01,2012-01-01,"hml,smb,mom",mkt,14,5,86,8,6,mom
2009-01-01_to_2012-01-01,2009-01-01,2012-01-01,"hml,smb,mom",mkt,14,5,86,8,7,smb
2009-01-01_to_2012-01-01,2009-01-01,2012-01-01,"hml,smb,mom",mkt,14,5,86,8,8,hml
2009-01-01_to_2012-01-01,2009-01-01,2012-01-01,"hml,smb,mom",mkt,14,5,88,9,1,mom
2009-01-01_to_2012-01-01,2009-01-01,2012-01-01,"hml,smb,mom",mkt,14,5,88,9,2,mom
2009-01-01_to_2012-01-01,2009-01-01,2012-01-01,"hml,smb,mom",mkt,14,5,88,9,3,mom
2009-01-01_to_2012-01-01,2009-01-01,2012-01-01,"hml,smb,mom",mkt,14,5,88,9,4,mom
2009-01-01_to_2012-01-01,2009-01-01,2012-01-01,"hml,smb,mom",mkt,14,5,88,9,5,mom
2009-01-01_to_2012-01-01,2009-01-01,2012-01-01,"hml,smb,mom",mkt,14,5,88,9,6,mom
2009-01-01_to_2012-01-01,2009-01-01,2012-01-01,"hml,smb,mom",mkt,14,5,88,9,7,smb
2009-01-01_to_2012-01-01,2009-01-01,2012-01-01,"hml,smb,mom",mkt,14,5,88,9,8,hml
2009-01-01_to_2012-01-01,2009-01-01,2012-01-01,"hml,smb,mom",mkt,14,5,88,9,9,hml
2009-01-01_to_2012-01-01,2009-01-01,2012-01-01,"hml,smb,mom",mkt,14,5,93,13,1,mom
2009-01-01_to_2012-01-01,2009-01-01,2012-01-01,"hml,smb,mom",mkt,14,5,93,13,2,mom
2009-01-01_to_2012-01-01,2009-01-01,2012-01-01,"hml,smb,mom",mkt,14,5,93,13,3,mom
2009-01-01_to_2012-01-01,2009-01-01,2012-01-01,"hml,smb,mom",mkt,14,5,93,13,4,mom
2009-01-01_to_2012-01-01,2009-01-01,2012-01-01,"hml,smb,mom",mkt,14,5,93,13,5,mom
2009-01-01_to_2012-01-01,2009-01-01,2012-01-01,"hml,smb,mom",mkt,14,5,93,13,6,mom
2009-01-01_to_2012-01-01,2009-01-01,2012-01-01,"hml,smb,mom",mkt,14,5,93,13,7,smb
2009-01-01_to_2012-01-01,2009-01-01,2012-01-01,"hml,smb,mom",mkt,14,5,93,13,8,hml
2009-01-01_to_2012-01-01,2009-01-01,2012-01-01,"hml,smb,mom",mkt,14,5,93,13,9,hml
2009-01-01_to_2012-01-01,2009-01-01,2012-01-01,"hml,smb,mom",mkt,14,5,93,13,10,hml
2009-01-01_to_2012-01-01,2009-01-01,2012-01-01,"hml,smb,mom",mkt,14,5,93,13,11,hml
2009-01-01_to_2012-01-01,2009-01-01,2012-01-01,"hml,smb,mom",mkt,14,5,93,13,12,hml
2009-01-01_to_2012-01-01,2009-01-01,2012-01-01,"hml,smb,mom",mkt,14,5,93,13,13,mom
2009-01-01_to_2012-01-01,2009-01-01,2012-01-01,"hml,smb,mom",mkt,14,5,94,13,1,mom
2009-01-01_to_2012-01-01,2009-01-01,2012-01-01,"hml,smb,mom",mkt,14,5,94,13,2,mom
2009-01-01_to_2012-01-01,2009-01-01,2012-01-01,"hml,smb,mom",mkt,14,5,94,13,3,mom
2009-01-01_to_2012-01-01,2009-01-01,2012-01-01,"hml,smb,mom",mkt,14,5,94,13,4,mom
2009-01-01_to_2012-01-01,2009-01-01,2012-01-01,"hml,smb,mom",mkt,14,5,94,13,5,mom
2009-01-01_to_2012-01-01,2009-01-01,2012-01-01,"hml,smb,mom",mkt,14,5,94,13,6,mom
2009-01-01_to_2012-01-01,2009-01-01,2012-01-01,"hml,smb,mom",mkt,14,5,94,13,7,smb
2009-01-01_to_2012-01-01,2009-01-01,2012-01-01,"hml,smb,mom",mkt,14,5,94,13,8,hml
2009-01-01_to_2012-01-01,2009-01-01,2012-01-01,"hml,smb,mom",mkt,14,5,94,13,9,hml
2009-01-01_to_2012-01-01,2009-01-01,2012-01-01,"hml,smb,mom",mkt,14,5,94,13,10,hml
2009-01-01_to_2012-01-01,2009-01-01,2012-01-01,"hml,smb,mom",mkt,14,5,94,13,11,hml
2009-01-01_to_2012-01-01,2009-01-01,2012-01-01,"hml,smb,mom",mkt,14,5,94,13,12,hml
2009-01-01_to_2012-01-01,2009-01-01,2012-01-01,"hml,smb,mom",mkt,14,5,94,13,13,mom
2009-01-01_to_2012-01-01,2009-01-01,2012-01-01,"hml,smb,mom",mkt,14,5,95,12,1,mom
2009-01-01_to_2012-01-01,2009-01-01,2012-01-01,"hml,smb,mom",mkt,14,5,95,12,2,mom
2009-01-01_to_2012-01-01,2009-01-01,2012-01-01,"hml,smb,mom",mkt,14,5,95,12,3,mom
2009-01-01_to_2012-01-01,2009-01-01,2012-01-01,"hml,smb,mom",mkt,14,5,95,12,4,mom
2009-01-01_to_2012-01-01,2009-01-01,2012-01-01,"hml,smb,mom",mkt,14,5,95,12,5,mom
2009-01-01_to_2012-01-01,2009-01-01,2012-01-01,"hml,smb,mom",mkt,14,5,95,12,6,mom
2009-01-01_to_2012-01-01,2009-01-01,2012-01-01,"hml,smb,mom",mkt,14,5,95,12,7,smb
2009-01-01_to_2012-01-01,2009-01-01,2012-01-01,"hml,smb,mom",mkt,14,5,95,12,8,hml
2009-01-01_to_2012-01-01,2009-01-01,2012-01-01,"hml,smb,mom",mkt,14,5,95,12,9,hml
2009-01-01_to_2012-01-01,2009-01-01,2012-01-01,"hml,smb,mom",mkt,14,5,95,12,10,hml
2009-01-01_to_2012-01-01,2009-01-01,2012-01-01,"hml,smb,mom",mkt,14,5,95,12,11,hml
2009-01-01_to_2012-01-01,2009-01-01,2012-01-01,"hml,smb,mom",mkt,14,5,95,12,12,hml
2009-01-01_to_2012-01-01,2009-01-01,2012-01-01,"hml,smb,mom",mkt,14,5,96,11,1,mom
2009-01-01_to_2012-01-01,2009-01-01,2012-01-01,"hml,smb,mom",mkt,14,5,96,11,2,mom
2009-01-01_to_2012-01-01,2009-01-01,2012-01-01,"hml,smb,mom",mkt,14,5,96,11,3,mom
2009-01-01_to_2012-01-01,2009-01-01,2012-01-01,"hml,smb,mom",mkt,14,5,96,11,4,mom
2009-01-01_to_2012-01-01,2009-01-01,2012-01-01,"hml,smb,mom",mkt,14,5,96,11,5,mom
2009-01-01_to_2012-01-01,2009-01-01,2012-01-01,"hml,smb,mom",mkt,14,5,96,11,6,mom
2009-01-01_to_2012-01-01,2009-01-01,2012-01-01,"hml,smb,mom",mkt,14,5,96,11,7,smb
2009-01-01_to_2012-01-01,2009-01-01,2012-01-01,"hml,smb,mom",mkt,14,5,96,11,8,hml
2009-01-01_to_2012-01-01,2009-01-01,2012-01-01,"hml,smb,mom",mkt,14,5,96,11,9,hml
2009-01-01_to_2012-01-01,2009-01-01,2012-01-01,"hml,smb,mom",mkt,14,5,96,11,10,hml
2009-01-01_to_2012-01-01,2009-01-01,2012-01-01,"hml,smb,mom",mkt,14,5,96,11,11,hml
2009-01-01_to_2012-01-01,2009-01-01,2012-01-01,"hml,smb,mom",mkt,14,5,98,11,1,mom
2009-01-01_to_2012-01-01,2009-01-01,2012-01-01,"hml,smb,mom",mkt,14,5,98,11,2,mom
2009-01-01_to_2012-01-01,2009-01-01,2012-01-01,"hml,smb,mom",mkt,14,5,98,11,3,mom
2009-01-01_to_2012-01-01,2009-01-01,2012-01-01,"hml,smb,mom",mkt,14,5,98,11,4,mom
2009-01-01_to_2012-01-01,2009-01-01,2012-01-01,"hml,smb,mom",mkt,14,5,98,11,5,mom
2009-01-01_to_2012-01-01,2009-01-01,2012-01-01,"hml,smb,mom",mkt,14,5,98,11,6,mom
2009-01-01_to_2012-01-01,2009-01-01,2012-01-01,"hml,smb,mom",mkt,14,5,98,11,7,smb
2009-01-01_to_2012-01-01,2009-01-01,2012-01-01,"hml,smb,mom",mkt,14,5,98,11,8,hml
2009-01-01_to_2012-01-01,2009-01-01,2012-01-01,"hml,smb,mom",mkt,14,5,98,11,9,hml
2009-01-01_to_2012-01-01,2009-01-01,2012-01-01,"hml,smb,mom",mkt,14,5,98,11,10,hml
2009-01-01_to_2012-01-01,2009-01-01,2012-01-01,"hml,smb,mom",mkt,14,5,98,11,11,hml
2009-01-01_to_2012-01-01,2009-01-01,2012-01-01,"hml,smb,mom",mkt,14,5,99,11,1,mom
2009-01-01_to_2012-01-01,2009-01-01,2012-01-01,"hml,smb,mom",mkt,14,5,99,11,2,mom
2009-01-01_to_2012-01-01,2009-01-01,2012-01-01,"hml,smb,mom",mkt,14,5,99,11,3,mom
2009-01-01_to_2012-01-01,2009-01-01,2012-01-01,"hml,smb,mom",mkt,14,5,99,11,4,mom
2009-01-01_to_2012-01-01,2009-01-01,2012-01-01,"hml,smb,mom",mkt,14,5,99,11,5,mom
2009-01-01_to_2012-01-01,2009-01-01,2012-01-01,"hml,smb,mom",mkt,14,5,99,11,6,mom
2009-01-01_to_2012-01-01,2009-01-01,2012-01-01,"hml,smb,mom",mkt,14,5,99,11,7,smb
2009-01-01_to_2012-01-01,2009-01-01,2012-01-01,"hml,smb,mom",mkt,14,5,99,11,8,hml
2009-01-01_to_2012-01-01,2009-01-01,2012-01-01,"hml,smb,mom",mkt,14,5,99,11,9,hml
2009-01-01_to_2012-01-01,2009-01-01,2012-01-01,"hml,smb,mom",mkt,14,5,99,11,10,hml
2009-01-01_to_2012-01-01,2009-01-01,2012-01-01,"hml,smb,mom",mkt,14,5,99,11,11,hml
2009-01-01_to_2012-01-01,2009-01-01,2012-01-01,"hml,smb,mom",mkt,14,5,104,8,1,mom
2009-01-01_to_2012-01-01,2009-01-01,2012-01-01,"hml,smb,mom",mkt,14,5,104,8,2,mom
2009-01-01_to_2012-01-01,2009-01-01,2012-01-01,"hml,smb,mom",mkt,14,5,104,8,3,mom
2009-01-01_to_2012-01-01,2009-01-01,2012-01-01,"hml,smb,mom",mkt,14,5,104,8,4,mom
2009-01-01_to_2012-01-01,2009-01-01,2012-01-01,"hml,smb,mom",mkt,14,5,104,8,5,mom
2009-01-01_to_2012-01-01,2009-01-01,2012-01-01,"hml,smb,mom",mkt,14,5,104,8,6,smb
2009-01-01_to_2012-01-01,2009-01-01,2012-01-01,"hml,smb,mom",mkt,14,5,104,8,7,hml
2009-01-01_to_2012-01-01,2009-01-01,2012-01-01,"hml,smb,mom",mkt,14,5,104,8,8,mom
2009-01-01_to_2012-01-01,2009-01-01,2012-01-01,"hml,smb,mom",mkt,14,5,106,9,1,mom
2009-01-01_to_2012-01-01,2009-01-01,2012-01-01,"hml,smb,mom",mkt,14,5,106,9,2,mom
2009-01-01_to_2012-01-01,2009-01-01,2012-01-01,"hml,smb,mom",mkt,14,5,106,9,3,mom
2009-01-01_to_2012-01-01,2009-01-01,2012-01-01,"hml,smb,mom",mkt,14,5,106,9,4,mom
2009-01-01_to_2012-01-01,2009-01-01,2012-01-01,"hml,smb,mom",mkt,14,5,106,9,5,mom
2009-01-01_to_2012-01-01,2009-01-01,2012-01-01,"hml,smb,mom",mkt,14,5,106,9,6,smb
2009-01-01_to_2012-01-01,2009-01-01,2012-01-01,"hml,smb,mom",mkt,14,5,106,9,7,hml
2009-01-01_to_2012-01-01,2009-01-01,2012-01-01,"hml,smb,mom",mkt,14,5,106,9,8,mom
2009-01-01_to_2012-01-01,2009-01-01,2012-01-01,"hml,smb,mom",mkt,14,5,106,9,9,hml
2009-01-01_to_2012-01-01,2009-01-01,2012-01-01,"hml,smb,mom",mkt,14,5,107,9,1,mom
2009-01-01_to_2012-01-01,2009-01-01,2012-01-01,"hml,smb,mom",mkt,14,5,107,9,2,mom
2009-01-01_to_2012-01-01,2009-01-01,2012-01-01,"hml,smb,mom",mkt,14,5,107,9,3,mom
2009-01-01_to_2012-01-01,2009-01-01,2012-01-01,"hml,smb,mom",mkt,14,5,107,9,4,mom
2009-01-01_to_2012-01-01,2009-01-01,2012-01-01,"hml,smb,mom",mkt,14,5,107,9,5,mom
2009-01-01_to_2012-01-01,2009-01-01,2012-01-01,"hml,smb,mom",mkt,14,5,107,9,6,smb
2009-01-01_to_2012-01-01,2009-01-01,2012-01-01,"hml,smb,mom",mkt,14,5,107,9,7,hml
2009-01-01_to_2012-01-01,2009-01-01,2012-01-01,"hml,smb,mom",mkt,14,5,107,9,8,mom
2009-01-01_to_2012-01-01,2009-01-01,2012-01-01,"hml,smb,mom",mkt,14,5,107,9,9,hml
2009-01-01_to_2012-01-01,2009-01-01,2012-01-01,"hml,smb,mom",mkt,14,5,108,7,1,mom
2009-01-01_to_2012-01-01,2009-01-01,2012-01-01,"hml,smb,mom",mkt,14,5,108,7,2,mom
2009-01-01_to_2012-01-01,2009-01-01,2012-01-01,"hml,smb,mom",mkt,14,5,108,7,3,mom
2009-01-01_to_2012-01-01,2009-01-01,2012-01-01,"hml,smb,mom",mkt,14,5,108,7,4,mom
2009-01-01_to_2012-01-01,2009-01-01,2012-01-01,"hml,smb,mom",mkt,14,5,108,7,5,mom
2009-01-01_to_2012-01-01,2009-01-01,2012-01-01,"hml,smb,mom",mkt,14,5,108,7,6,smb
2009-01-01_to_2012-01-01,2009-01-01,2012-01-01,"hml,smb,mom",mkt,14,5,108,7,7,hml
2009-01-01_to_2012-01-01,2009-01-01,2012-01-01,"hml,smb,mom",mkt,14,5,112,9,1,mom
2009-01-01_to_2012-01-01,2009-01-01,2012-01-01,"hml,smb,mom",mkt,14,5,112,9,2,mom
2009-01-01_to_2012-01-01,2009-01-01,2012-01-01,"hml,smb,mom",mkt,14,5,112,9,3,mom
2009-01-01_to_2012-01-01,2009-01-01,2012-01-01,"hml,smb,mom",mkt,14,5,112,9,4,mom
2009-01-01_to_2012-01-01,2009-01-01,2012-01-01,"hml,smb,mom",mkt,14,5,112,9,5,mom
2009-01-01_to_2012-01-01,2009-01-01,2012-01-01,"hml,smb,mom",mkt,14,5,112,9,6,smb
2009-01-01_to_2012-01-01,2009-01-01,2012-01-01,"hml,smb,mom",mkt,14,5,112,9,7,hml
2009-01-01_to_2012-01-01,2009-01-01,2012-01-01,"hml,smb,mom",mkt,14,5,112,9,8,hml
2009-01-01_to_2012-01-01,2009-01-01,2012-01-01,"hml,smb,mom",mkt,14,5,112,9,9,mom
2009-01-01_to_2012-01-01,2009-01-01,2012-01-01,"hml,smb,mom",mkt,14,5,113,9,1,mom
2009-01-01_to_2012-01-01,2009-01-01,2012-01-01,"hml,smb,mom",mkt,14,5,113,9,2,mom
2009-01-01_to_2012-01-01,2009-01-01,2012-01-01,"hml,smb,mom",mkt,14,5,113,9,3,mom
2009-01-01_to_2012-01-01,2009-01-01,2012-01-01,"hml,smb,mom",mkt,14,5,113,9,4,mom
2009-01-01_to_2012-01-01,2009-01-01,2012-01-01,"hml,smb,mom",mkt,14,5,113,9,5,mom
2009-01-01_to_2012-01-01,2009-01-01,2012-01-01,"hml,smb,mom",mkt,14,5,113,9,6,smb
2009-01-01_to_2012-01-01,2009-01-01,2012-01-01,"hml,smb,mom",mkt,14,5,113,9,7,hml
2009-01-01_to_2012-01-01,2009-01-01,2012-01-01,"hml,smb,mom",mkt,14,5,113,9,8,hml
2009-01-01_to_2012-01-01,2009-01-01,2012-01-01,"hml,smb,mom",mkt,14,5,113,9,9,mom
2009-01-01_to_2012-01-01,2009-01-01,2012-01-01,"hml,smb,mom",mkt,14,5,116,10,1,mom
2009-01-01_to_2012-01-01,2009-01-01,2012-01-01,"hml,smb,mom",mkt,14,5,116,10,2,mom
2009-01-01_to_2012-01-01,2009-01-01,2012-01-01,"hml,smb,mom",mkt,14,5,116,10,3,mom
2009-01-01_to_2012-01-01,2009-01-01,2012-01-01,"hml,smb,mom",mkt,14,5,116,10,4,mom
2009-01-01_to_2012-01-01,2009-01-01,2012-01-01,"hml,smb,mom",mkt,14,5,116,10,5,mom
2009-01-01_to_2012-01-01,2009-01-01,2012-01-01,"hml,smb,mom",mkt,14,5,116,10,6,smb
2009-01-01_to_2012-01-01,2009-01-01,2012-01-01,"hml,smb,mom",mkt,14,5,116,10,7,hml
2009-01-01_to_2012-01-01,2009-01-01,2012-01-01,"hml,smb,mom",mkt,14,5,116,10,8,hml
2009-01-01_to_2012-01-01,2009-01-01,2012-01-01,"hml,smb,mom",mkt,14,5,116,10,9,mom
2009-01-01_to_2012-01-01,2009-01-01,2012-01-01,"hml,smb,mom",mkt,14,5,116,10,10,smb
2009-01-01_to_2012-01-01,2009-01-01,2012-01-01,"hml,smb,mom",mkt,14,5,117,10,1,mom
2009-01-01_to_2012-01-01,2009-01-01,2012-01-01,"hml,smb,mom",mkt,14,5,117,10,2,mom
2009-01-01_to_2012-01-01,2009-01-01,2012-01-01,"hml,smb,mom",mkt,14,5,117,10,3,mom
2009-01-01_to_2012-01-01,2009-01-01,2012-01-01,"hml,smb,mom",mkt,14,5,117,10,4,mom
2009-01-01_to_2012-01-01,2009-01-01,2012-01-01,"hml,smb,mom",mkt,14,5,117,10,5,mom
2009-01-01_to_2012-01-01,2009-01-01,2012-01-01,"hml,smb,mom",mkt,14,5,117,10,6,smb
2009-01-01_to_2012-01-01,2009-01-01,2012-01-01,"hml,smb,mom",mkt,14,5,117,10,7,hml
2009-01-01_to_2012-01-01,2009-01-01,2012-01-01,"hml,smb,mom",mkt,14,5,117,10,8,hml
2009-01-01_to_2012-01-01,2009-01-01,2012-01-01,"hml,smb,mom",mkt,14,5,117,10,9,mom
2009-01-01_to_2012-01-01,2009-01-01,2012-01-01,"hml,smb,mom",mkt,14,5,117,10,10,smb
2009-01-01_to_2012-01-01,2009-01-01,2012-01-01,"hml,smb,mom",mkt,14,5,121,12,1,mom
2009-01-01_to_2012-01-01,2009-01-01,2012-01-01,"hml,smb,mom",mkt,14,5,121,12,2,mom
2009-01-01_to_2012-01-01,2009-01-01,2012-01-01,"hml,smb,mom",mkt,14,5,121,12,3,mom
2009-01-01_to_2012-01-01,2009-01-01,2012-01-01,"hml,smb,mom",mkt,14,5,121,12,4,mom
2009-01-01_to_2012-01-01,2009-01-01,2012-01-01,"hml,smb,mom",mkt,14,5,121,12,5,mom
2009-01-01_to_2012-01-01,2009-01-01,2012-01-01,"hml,smb,mom",mkt,14,5,121,12,6,smb
2009-01-01_to_2012-01-01,2009-01-01,2012-01-01,"hml,smb,mom",mkt,14,5,121,12,7,hml
2009-01-01_to_2012-01-01,2009-01-01,2012-01-01,"hml,smb,mom",mkt,14,5,121,12,8,hml
2009-01-01_to_2012-01-01,2009-01-01,2012-01-01,"hml,smb,mom",mkt,14,5,121,12,9,mom
2009-01-01_to_2012-01-01,2009-01-01,2012-01-01,"hml,smb,mom",mkt,14,5,121,12,10,smb
2009-01-01_to_2012-01-01,2009-01-01,2012-01-01,"hml,smb,mom",mkt,14,5,121,12,11,mom
2009-01-01_to_2012-01-01,2009-01-01,2012-01-01,"hml,smb,mom",mkt,14,5,121,12,12,hml
2009-01-01_to_2012-01-01,2009-01-01,2012-01-01,"hml,smb,mom",mkt,14,5,122,12,1,mom
2009-01-01_to_2012-01-01,2009-01-01,2012-01-01,"hml,smb,mom",mkt,14,5,122,12,2,mom
2009-01-01_to_2012-01-01,2009-01-01,2012-01-01,"hml,smb,mom",mkt,14,5,122,12,3,mom
2009-01-01_to_2012-01-01,2009-01-01,2012-01-01,"hml,smb,mom",mkt,14,5,122,12,4,mom
2009-01-01_to_2012-01-01,2009-01-01,2012-01-01,"hml,smb,mom",mkt,14,5,122,12,5,mom
2009-01-01_to_2012-01-01,2009-01-01,2012-01-01,"hml,smb,mom",mkt,14,5,122,12,6,smb
2009-01-01_to_2012-01-01,2009-01-01,2012-01-01,"hml,smb,mom",mkt,14,5,122,12,7,hml
2009-01-01_to_2012-01-01,2009-01-01,2012-01-01,"hml,smb,mom",mkt,14,5,122,12,8,hml
2009-01-01_to_2012-01-01,2009-01-01,2012-01-01,"hml,smb,mom",mkt,14,5,122,12,9,mom
2009-01-01_to_2012-01-01,2009-01-01,2012-01-01,"hml,smb,mom",mkt,14,5,122,12,10,smb
2009-01-01_to_2012-01-01,2009-01-01,2012-01-01,"hml,smb,mom",mkt,14,5,122,12,11,mom
2009-01-01_to_2012-01-01,2009-01-01,2012-01-01,"hml,smb,mom",mkt,14,5,122,12,12,hml
2009-01-01_to_2012-01-01,2009-01-01,2012-01-01,"hml,smb,mom",mkt,14,5,123,11,1,mom
2009-01-01_to_2012-01-01,2009-01-01,2012-01-01,"hml,smb,mom",mkt,14,5,123,11,2,mom
2009-01-01_to_2012-01-01,2009-01-01,2012-01-01,"hml,smb,mom",mkt,14,5,123,11,3,mom
2009-01-01_to_2012-01-01,2009-01-01,2012-01-01,"hml,smb,mom",mkt,14,5,123,11,4,mom
2009-01-01_to_2012-01-01,2009-01-01,2012-01-01,"hml,smb,mom",mkt,14,5,123,11,5,mom
2009-01-01_to_2012-01-01,2009-01-01,2012-01-01,"hml,smb,mom",mkt,14,5,123,11,6,smb
2009-01-01_to_2012-01-01,2009-01-01,2012-01-01,"hml,smb,mom",mkt,14,5,123,11,7,hml
2009-01-01_to_2012-01-01,2009-01-01,2012-01-01,"hml,smb,mom",mkt,14,5,123,11,8,hml
2009-01-01_to_2012-01-01,2009-01-01,2012-01-01,"hml,smb,mom",mkt,14,5,123,11,9,mom
2009-01-01_to_2012-01-01,2009-01-01,2012-01-01,"hml,smb,mom",mkt,14,5,123,11,10,smb
2009-01-01_to_2012-01-01,2009-01-01,2012-01-01,"hml,smb,mom",mkt,14,5,123,11,11,mom
2009-01-01_to_2012-01-01,2009-01-01,2012-01-01,"hml,smb,mom",mkt,14,5,126,12,1,mom
2009-01-01_to_2012-01-01,2009-01-01,2012-01-01,"hml,smb,mom",mkt,14,5,126,12,2,mom
2009-01-01_to_2012-01-01,2009-01-01,2012-01-01,"hml,smb,mom",mkt,14,5,126,12,3,mom
2009-01-01_to_2012-01-01,2009-01-01,2012-01-01,"hml,smb,mom",mkt,14,5,126,12,4,mom
2009-01-01_to_2012-01-01,2009-01-01,2012-01-01,"hml,smb,mom",mkt,14,5,126,12,5,mom
2009-01-01_to_2012-01-01,2009-01-01,2012-01-01,"hml,smb,mom",mkt,14,5,126,12,6,smb
2009-01-01_to_2012-01-01,2009-01-01,2012-01-01,"hml,smb,mom",mkt,14,5,126,12,7,hml
2009-01-01_to_2012-01-01,2009-01-01,2012-01-01,"hml,smb,mom",mkt,14,5,126,12,8,hml
2009-01-01_to_2012-01-01,2009-01-01,2012-01-01,"hml,smb,mom",mkt,14,5,126,12,9,mom
2009-01-01_to_2012-01-01,2009-01-01,2012-01-01,"hml,smb,mom",mkt,14,5,126,12,10,smb
2009-01-01_to_2012-01-01,2009-01-01,2012-01-01,"hml,smb,mom",mkt,14,5,126,12,11,smb
2009-01-01_to_2012-01-01,2009-01-01,2012-01-01,"hml,smb,mom",mkt,14,5,126,12,12,hml
2009-01-01_to_2012-01-01,2009-01-01,2012-01-01,"hml,smb,mom",mkt,14,5,127,12,1,mom
2009-01-01_to_2012-01-01,2009-01-01,2012-01-01,"hml,smb,mom",mkt,14,5,127,12,2,mom
2009-01-01_to_2012-01-01,2009-01-01,2012-01-01,"hml,smb,mom",mkt,14,5,127,12,3,mom
2009-01-01_to_2012-01-01,2009-01-01,2012-01-01,"hml,smb,mom",mkt,14,5,127,12,4,mom
2009-01-01_to_2012-01-01,2009-01-01,2012-01-01,"hml,smb,mom",mkt,14,5,127,12,5,mom
2009-01-01_to_2012-01-01,2009-01-01,2012-01-01,"hml,smb,mom",mkt,14,5,127,12,6,smb
2009-01-01_to_2012-01-01,2009-01-01,2012-01-01,"hml,smb,mom",mkt,14,5,127,12,7,hml
2009-01-01_to_2012-01-01,2009-01-01,2012-01-01,"hml,smb,mom",mkt,14,5,127,12,8,hml
2009-01-01_to_2012-01-01,2009-01-01,2012-01-01,"hml,smb,mom",mkt,14,5,127,12,9,mom
2009-01-01_to_2012-01-01,2009-01-01,2012-01-01,"hml,smb,mom",mkt,14,5,127,12,10,smb
2009-01-01_to_2012-01-01,2009-01-01,2012-01-01,"hml,smb,mom",mkt,14,5,127,12,11,smb
2009-01-01_to_2012-01-01,2009-01-01,2012-01-01,"hml,smb,mom",mkt,14,5,127,12,12,hml
2009-01-01_to_2012-01-01,2009-01-01,2012-01-01,"hml,smb,mom",mkt,14,5,128,11,1,mom
2009-01-01_to_2012-01-01,2009-01-01,2012-01-01,"hml,smb,mom",mkt,14,5,128,11,2,mom
2009-01-01_to_2012-01-01,2009-01-01,2012-01-01,"hml,smb,mom",mkt,14,5,128,11,3,mom
2009-01-01_to_2012-01-01,2009-01-01,2012-01-01,"hml,smb,mom",mkt,14,5,128,11,4,mom
2009-01-01_to_2012-01-01,2009-01-01,2012-01-01,"hml,smb,mom",mkt,14,5,128,11,5,mom
2009-01-01_to_2012-01-01,2009-01-01,2012-01-01,"hml,smb,mom",mkt,14,5,128,11,6,smb
2009-01-01_to_2012-01-01,2009-01-01,2012-01-01,"hml,smb,mom",mkt,14,5,128,11,7,hml
2009-01-01_to_2012-01-01,2009-01-01,2012-01-01,"hml,smb,mom",mkt,14,5,128,11,8,hml
2009-01-01_to_2012-01-01,2009-01-01,2012-01-01,"hml,smb,mom",mkt,14,5,128,11,9,mom
2009-01-01_to_2012-01-01,2009-01-01,2012-01-01,"hml,smb,mom",mkt,14,5,128,11,10,smb
2009-01-01_to_2012-01-01,2009-01-01,2012-01-01,"hml,smb,mom",mkt,14,5,128,11,11,smb
2009-01-01_to_2012-01-01,2009-01-01,2012-01-01,"hml,smb,mom",mkt,14,5,131,9,1,mom
2009-01-01_to_2012-01-01,2009-01-01,2012-01-01,"hml,smb,mom",mkt,14,5,131,9,2,mom
2009-01-01_to_2012-01-01,2009-01-01,2012-01-01,"hml,smb,mom",mkt,14,5,131,9,3,mom
2009-01-01_to_2012-01-01,2009-01-01,2012-01-01,"hml,smb,mom",mkt,14,5,131,9,4,mom
2009-01-01_to_2012-01-01,2009-01-01,2012-01-01,"hml,smb,mom",mkt,14,5,131,9,5,mom
2009-01-01_to_2012-01-01,2009-01-01,2012-01-01,"hml,smb,mom",mkt,14,5,131,9,6,smb
2009-01-01_to_2012-01-01,2009-01-01,2012-01-01,"hml,smb,mom",mkt,14,5,131,9,7,hml
2009-01-01_to_2012-01-01,2009-01-01,2012-01-01,"hml,smb,mom",mkt,14,5,131,9,8,smb
2009-01-01_to_2012-01-01,2009-01-01,2012-01-01,"hml,smb,mom",mkt,14,5,131,9,9,smb
2009-01-01_to_2012-01-01,2009-01-01,2012-01-01,"hml,smb,mom",mkt,14,5,132,9,1,mom
2009-01-01_to_2012-01-01,2009-01-01,2012-01-01,"hml,smb,mom",mkt,14,5,132,9,2,mom
2009-01-01_to_2012-01-01,2009-01-01,2012-01-01,"hml,smb,mom",mkt,14,5,132,9,3,mom
2009-01-01_to_2012-01-01,2009-01-01,2012-01-01,"hml,smb,mom",mkt,14,5,132,9,4,mom
2009-01-01_to_2012-01-01,2009-01-01,2012-01-01,"hml,smb,mom",mkt,14,5,132,9,5,mom
2009-01-01_to_2012-01-01,2009-01-01,2012-01-01,"hml,smb,mom",mkt,14,5,132,9,6,smb
2009-01-01_to_2012-01-01,2009-01-01,2012-01-01,"hml,smb,mom",mkt,14,5,132,9,7,hml
2009-01-01_to_2012-01-01,2009-01-01,2012-01-01,"hml,smb,mom",mkt,14,5,132,9,8,smb
2009-01-01_to_2012-01-01,2009-01-01,2012-01-01,"hml,smb,mom",mkt,14,5,132,9,9,smb
2009-01-01_to_2012-01-01,2009-01-01,2012-01-01,"hml,smb,mom",mkt,14,5,133,8,1,mom
2009-01-01_to_2012-01-01,2009-01-01,2012-01-01,"hml,smb,mom",mkt,14,5,133,8,2,mom
2009-01-01_to_2012-01-01,2009-01-01,2012-01-01,"hml,smb,mom",mkt,14,5,133,8,3,mom
2009-01-01_to_2012-01-01,2009-01-01,2012-01-01,"hml,smb,mom",mkt,14,5,133,8,4,mom
2009-01-01_to_2012-01-01,2009-01-01,2012-01-01,"hml,smb,mom",mkt,14,5,133,8,5,mom
2009-01-01_to_2012-01-01,2009-01-01,2012-01-01,"hml,smb,mom",mkt,14,5,133,8,6,smb
2009-01-01_to_2012-01-01,2009-01-01,2012-01-01,"hml,smb,mom",mkt,14,5,133,8,7,hml
2009-01-01_to_2012-01-01,2009-01-01,2012-01-01,"hml,smb,mom",mkt,14,5,133,8,8,smb
2009-01-01_to_2012-01-01,2009-01-01,2012-01-01,"hml,smb,mom",mkt,14,5,138,9,1,mom
2009-01-01_to_2012-01-01,2009-01-01,2012-01-01,"hml,smb,mom",mkt,14,5,138,9,2,mom
2009-01-01_to_2012-01-01,2009-01-01,2012-01-01,"hml,smb,mom",mkt,14,5,138,9,3,mom
2009-01-01_to_2012-01-01,2009-01-01,2012-01-01,"hml,smb,mom",mkt,14,5,138,9,4,mom
2009-01-01_to_2012-01-01,2009-01-01,2012-01-01,"hml,smb,mom",mkt,14,5,138,9,5,mom
2009-01-01_to_2012-01-01,2009-01-01,2012-01-01,"hml,smb,mom",mkt,14,5,138,9,6,mom
2009-01-01_to_2012-01-01,2009-01-01,2012-01-01,"hml,smb,mom",mkt,14,5,138,9,7,hml
2009-01-01_to_2012-01-01,2009-01-01,2012-01-01,"hml,smb,mom",mkt,14,5,138,9,8,hml
2009-01-01_to_2012-01-01,2009-01-01,2012-01-01,"hml,smb,mom",mkt,14,5,138,9,9,smb
2009-01-01_to_2012-01-01,2009-01-01,2012-01-01,"hml,smb,mom",mkt,14,5,139,9,1,mom
2009-01-01_to_2012-01-01,2009-01-01,2012-01-01,"hml,smb,mom",mkt,14,5,139,9,2,mom
2009-01-01_to_2012-01-01,2009-01-01,2012-01-01,"hml,smb,mom",mkt,14,5,139,9,3,mom
2009-01-01_to_2012-01-01,2009-01-01,2012-01-01,"hml,smb,mom",mkt,14,5,139,9,4,mom
2009-01-01_to_2012-01-01,2009-01-01,2012-01-01,"hml,smb,mom",mkt,14,5,139,9,5,mom
2009-01-01_to_2012-01-01,2009-01-01,2012-01-01,"hml,smb,mom",mkt,14,5,139,9,6,mom
2009-01-01_to_2012-01-01,2009-01-01,2012-01-01,"hml,smb,mom",mkt,14,5,139,9,7,hml
2009-01-01_to_2012-01-01,2009-01-01,2012-01-01,"hml,smb,mom",mkt,14,5,139,9,8,hml
2009-01-01_to_2012-01-01,2009-01-01,2012-01-01,"hml,smb,mom",mkt,14,5,139,9,9,smb
2009-01-01_to_2012-01-01,2009-01-01,2012-01-01,"hml,smb,mom",mkt,14,5,142,10,1,mom
2009-01-01_to_2012-01-01,2009-01-01,2012-01-01,"hml,smb,mom",mkt,14,5,142,10,2,mom
2009-01-01_to_2012-01-01,2009-01-01,2012-01-01,"hml,smb,mom",mkt,14,5,142,10,3,mom
2009-01-01_to_2012-01-01,2009-01-01,2012-01-01,"hml,smb,mom",mkt,14,5,142,10,4,mom
2009-01-01_to_2012-01-01,2009-01-01,2012-01-01,"hml,smb,mom",mkt,14,5,142,10,5,mom
2009-01-01_to_2012-01-01,2009-01-01,2012-01-01,"hml,smb,mom",mkt,14,5,142,10,6,mom
2009-01-01_to_2012-01-01,2009-01-01,2012-01-01,"hml,smb,mom",mkt,14,5,142,10,7,hml
2009-01-01_to_2012-01-01,2009-01-01,2012-01-01,"hml,smb,mom",mkt,14,5,142,10,8,hml
2009-01-01_to_2012-01-01,2009-01-01,2012-01-01,"hml,smb,mom",mkt,14,5,142,10,9,hml
2009-01-01_to_2012-01-01,2009-01-01,2012-01-01,"hml,smb,mom",mkt,14,5,142,10,10,smb
2009-01-01_to_2012-01-01,2009-01-01,2012-01-01,"hml,smb,mom",mkt,14,5,143,10,1,mom
2009-01-01_to_2012-01-01,2009-01-01,2012-01-01,"hml,smb,mom",mkt,14,5,143,10,2,mom
2009-01-01_to_2012-01-01,2009-01-01,2012-01-01,"hml,smb,mom",mkt,14,5,143,10,3,mom
2009-01-01_to_2012-01-01,2009-01-01,2012-01-01,"hml,smb,mom",mkt,14,5,143,10,4,mom
2009-01-01_to_2012-01-01,2009-01-01,2012-01-01,"hml,smb,mom",mkt,14,5,143,10,5,mom
2009-01-01_to_2012-01-01,2009-01-01,2012-01-01,"hml,smb,mom",mkt,14,5,143,10,6,mom
2009-01-01_to_2012-01-01,2009-01-01,2012-01-01,"hml,smb,mom",mkt,14,5,143,10,7,hml
2009-01-01_to_2012-01-01,2009-01-01,2012-01-01,"hml,smb,mom",mkt,14,5,143,10,8,hml
2009-01-01_to_2012-01-01,2009-01-01,2012-01-01,"hml,smb,mom",mkt,14,5,143,10,9,hml
2009-01-01_to_2012-01-01,2009-01-01,2012-01-01,"hml,smb,mom",mkt,14,5,143,10,10,smb
2009-01-01_to_2012-01-01,2009-01-01,2012-01-01,"hml,smb,mom",mkt,14,5,147,12,1,mom
2009-01-01_to_2012-01-01,2009-01-01,2012-01-01,"hml,smb,mom",mkt,14,5,147,12,2,mom
2009-01-01_to_2012-01-01,2009-01-01,2012-01-01,"hml,smb,mom",mkt,14,5,147,12,3,mom
2009-01-01_to_2012-01-01,2009-01-01,2012-01-01,"hml,smb,mom",mkt,14,5,147,12,4,mom
2009-01-01_to_2012-01-01,2009-01-01,2012-01-01,"hml,smb,mom",mkt,14,5,147,12,5,mom
2009-01-01_to_2012-01-01,2009-01-01,2012-01-01,"hml,smb,mom",mkt,14,5,147,12,6,mom
2009-01-01_to_2012-01-01,2009-01-01,2012-01-01,"hml,smb,mom",mkt,14,5,147,12,7,hml
2009-01-01_to_2012-01-01,2009-01-01,2012-01-01,"hml,smb,mom",mkt,14,5,147,12,8,hml
2009-01-01_to_2012-01-01,2009-01-01,2012-01-01,"hml,smb,mom",mkt,14,5,147,12,9,hml
2009-01-01_to_2012-01-01,2009-01-01,2012-01-01,"hml,smb,mom",mkt,14,5,147,12,10,smb
2009-01-01_to_2012-01-01,2009-01-01,2012-01-01,"hml,smb,mom",mkt,14,5,147,12,11,smb
2009-01-01_to_2012-01-01,2009-01-01,2012-01-01,"hml,smb,mom",mkt,14,5,147,12,12,smb
2009-01-01_to_2012-01-01,2009-01-01,2012-01-01,"hml,smb,mom",mkt,14,5,148,12,1,mom
2009-01-01_to_2012-01-01,2009-01-01,2012-01-01,"hml,smb,mom",mkt,14,5,148,12,2,mom
2009-01-01_to_2012-01-01,2009-01-01,2012-01-01,"hml,smb,mom",mkt,14,5,148,12,3,mom
2009-01-01_to_2012-01-01,2009-01-01,2012-01-01,"hml,smb,mom",mkt,14,5,148,12,4,mom
2009-01-01_to_2012-01-01,2009-01-01,2012-01-01,"hml,smb,mom",mkt,14,5,148,12,5,mom
2009-01-01_to_2012-01-01,2009-01-01,2012-01-01,"hml,smb,mom",mkt,14,5,148,12,6,mom
2009-01-01_to_2012-01-01,2009-01-01,2012-01-01,"hml,smb,mom",mkt,14,5,148,12,7,hml
2009-01-01_to_2012-01-01,2009-01-01,2012-01-01,"hml,smb,mom",mkt,14,5,148,12,8,hml
2009-01-01_to_2012-01-01,2009-01-01,2012-01-01,"hml,smb,mom",mkt,14,5,148,12,9,hml
2009-01-01_to_2012-01-01,2009-01-01,2012-01-01,"hml,smb,mom",mkt,14,5,148,12,10,smb
2009-01-01_to_2012-01-01,2009-01-01,2012-01-01,"hml,smb,mom",mkt,14,5,148,12,11,smb
2009-01-01_to_2012-01-01,2009-01-01,2012-01-01,"hml,smb,mom",mkt,14,5,148,12,12,smb
2009-01-01_to_2012-01-01,2009-01-01,2012-01-01,"hml,smb,mom",mkt,14,5,151,13,1,mom
2009-01-01_to_2012-01-01,2009-01-01,2012-01-01,"hml,smb,mom",mkt,14,5,151,13,2,mom
2009-01-01_to_2012-01-01,2009-01-01,2012-01-01,"hml,smb,mom",mkt,14,5,151,13,3,mom
2009-01-01_to_2012-01-01,2009-01-01,2012-01-01,"hml,smb,mom",mkt,14,5,151,13,4,mom
2009-01-01_to_2012-01-01,2009-01-01,2012-01-01,"hml,smb,mom",mkt,14,5,151,13,5,mom
2009-01-01_to_2012-01-01,2009-01-01,2012-01-01,"hml,smb,mom",mkt,14,5,151,13,6,mom
2009-01-01_to_2012-01-01,2009-01-01,2012-01-01,"hml,smb,mom",mkt,14,5,151,13,7,hml
2009-01-01_to_2012-01-01,2009-01-01,2012-01-01,"hml,smb,mom",mkt,14,5,151,13,8,hml
2009-01-01_to_2012-01-01,2009-01-01,2012-01-01,"hml,smb,mom",mkt,14,5,151,13,9,hml
2009-01-01_to_2012-01-01,2009-01-01,2012-01-01,"hml,smb,mom",mkt,14,5,151,13,10,smb
2009-01-01_to_2012-01-01,2009-01-01,2012-01-01,"hml,smb,mom",mkt,14,5,151,13,11,smb
2009-01-01_to_2012-01-01,2009-01-01,2012-01-01,"hml,smb,mom",mkt,14,5,151,13,12,mom
2009-01-01_to_2012-01-01,2009-01-01,2012-01-01,"hml,smb,mom",mkt,14,5,151,13,13,hml
2009-01-01_to_2012-01-01,2009-01-01,2012-01-01,"hml,smb,mom",mkt,14,5,152,13,1,mom
2009-01-01_to_2012-01-01,2009-01-01,2012-01-01,"hml,smb,mom",mkt,14,5,152,13,2,mom
2009-01-01_to_2012-01-01,2009-01-01,2012-01-01,"hml,smb,mom",mkt,14,5,152,13,3,mom
2009-01-01_to_2012-01-01,2009-01-01,2012-01-01,"hml,smb,mom",mkt,14,5,152,13,4,mom
2009-01-01_to_2012-01-01,2009-01-01,2012-01-01,"hml,smb,mom",mkt,14,5,152,13,5,mom
2009-01-01_to_2012-01-01,2009-01-01,2012-01-01,"hml,smb,mom",mkt,14,5,152,13,6,mom
2009-01-01_to_2012-01-01,2009-01-01,2012-01-01,"hml,smb,mom",mkt,14,5,152,13,7,hml
2009-01-01_to_2012-01-01,2009-01-01,2012-01-01,"hml,smb,mom",mkt,14,5,152,13,8,hml
2009-01-01_to_2012-01-01,2009-01-01,2012-01-01,"hml,smb,mom",mkt,14,5,152,13,9,hml
2009-01-01_to_2012-01-01,2009-01-01,2012-01-01,"hml,smb,mom",mkt,14,5,152,13,10,smb
2009-01-01_to_2012-01-01,2009-01-01,2012-01-01,"hml,smb,mom",mkt,14,5,152,13,11,smb
2009-01-01_to_2012-01-01,2009-01-01,2012-01-01,"hml,smb,mom",mkt,14,5,152,13,12,mom
2009-01-01_to_2012-01-01,2009-01-01,2012-01-01,"hml,smb,mom",mkt,14,5,152,13,13,hml
2009-01-01_to_2012-01-01,2009-01-01,2012-01-01,"hml,smb,mom",mkt,14,5,153,12,1,mom
2009-01-01_to_2012-01-01,2009-01-01,2012-01-01,"hml,smb,mom",mkt,14,5,153,12,2,mom
2009-01-01_to_2012-01-01,2009-01-01,2012-01-01,"hml,smb,mom",mkt,14,5,153,12,3,mom
2009-01-01_to_2012-01-01,2009-01-01,2012-01-01,"hml,smb,mom",mkt,14,5,153,12,4,mom
2009-01-01_to_2012-01-01,2009-01-01,2012-01-01,"hml,smb,mom",mkt,14,5,153,12,5,mom
2009-01-01_to_2012-01-01,2009-01-01,2012-01-01,"hml,smb,mom",mkt,14,5,153,12,6,mom
2009-01-01_to_2012-01-01,2009-01-01,2012-01-01,"hml,smb,mom",mkt,14,5,153,12,7,hml
2009-01-01_to_2012-01-01,2009-01-01,2012-01-01,"hml,smb,mom",mkt,14,5,153,12,8,hml
2009-01-01_to_2012-01-01,2009-01-01,2012-01-01,"hml,smb,mom",mkt,14,5,153,12,9,hml
2009-01-01_to_2012-01-01,2009-01-01,2012-01-01,"hml,smb,mom",mkt,14,5,153,12,10,smb
2009-01-01_to_2012-01-01,2009-01-01,2012-01-01,"hml,smb,mom",mkt,14,5,153,12,11,smb
2009-01-01_to_2012-01-01,2009-01-01,2012-01-01,"hml,smb,mom",mkt,14,5,153,12,12,mom
2009-01-01_to_2012-01-01,2009-01-01,2012-01-01,"hml,smb,mom",mkt,14,5,155,11,1,mom
2009-01-01_to_2012-01-01,2009-01-01,2012-01-01,"hml,smb,mom",mkt,14,5,155,11,2,mom
2009-01-01_to_2012-01-01,2009-01-01,2012-01-01,"hml,smb,mom",mkt,14,5,155,11,3,mom
2009-01-01_to_2012-01-01,2009-01-01,2012-01-01,"hml,smb,mom",mkt,14,5,155,11,4,mom
2009-01-01_to_2012-01-01,2009-01-01,2012-01-01,"hml,smb,mom",mkt,14,5,155,11,5,mom
2009-01-01_to_2012-01-01,2009-01-01,2012-01-01,"hml,smb,mom",mkt,14,5,155,11,6,mom
2009-01-01_to_2012-01-01,2009-01-01,2012-01-01,"hml,smb,mom",mkt,14,5,155,11,7,hml
2009-01-01_to_2012-01-01,2009-01-01,2012-01-01,"hml,smb,mom",mkt,14,5,155,11,8,hml
2009-01-01_to_2012-01-01,2009-01-01,2012-01-01,"hml,smb,mom",mkt,14,5,155,11,9,hml
2009-01-01_to_2012-01-01,2009-01-01,2012-01-01,"hml,smb,mom",mkt,14,5,155,11,10,smb
2009-01-01_to_2012-01-01,2009-01-01,2012-01-01,"hml,smb,mom",mkt,14,5,155,11,11,mom
2009-01-01_to_2012-01-01,2009-01-01,2012-01-01,"hml,smb,mom",mkt,14,5,156,11,1,mom
2009-01-01_to_2012-01-01,2009-01-01,2012-01-01,"hml,smb,mom",mkt,14,5,156,11,2,mom
2009-01-01_to_2012-01-01,2009-01-01,2012-01-01,"hml,smb,mom",mkt,14,5,156,11,3,mom
2009-01-01_to_2012-01-01,2009-01-01,2012-01-01,"hml,smb,mom",mkt,14,5,156,11,4,mom
2009-01-01_to_2012-01-01,2009-01-01,2012-01-01,"hml,smb,mom",mkt,14,5,156,11,5,mom
2009-01-01_to_2012-01-01,2009-01-01,2012-01-01,"hml,smb,mom",mkt,14,5,156,11,6,mom
2009-01-01_to_2012-01-01,2009-01-01,2012-01-01,"hml,smb,mom",mkt,14,5,156,11,7,hml
2009-01-01_to_2012-01-01,2009-01-01,2012-01-01,"hml,smb,mom",mkt,14,5,156,11,8,hml
2009-01-01_to_2012-01-01,2009-01-01,2012-01-01,"hml,smb,mom",mkt,14,5,156,11,9,hml
2009-01-01_to_2012-01-01,2009-01-01,2012-01-01,"hml,smb,mom",mkt,14,5,156,11,10,smb
2009-01-01_to_2012-01-01,2009-01-01,2012-01-01,"hml,smb,mom",mkt,14,5,156,11,11,mom
2009-01-01_to_2012-01-01,2009-01-01,2012-01-01,"hml,smb,mom",mkt,14,5,157,7,1,mom
2009-01-01_to_2012-01-01,2009-01-01,2012-01-01,"hml,smb,mom",mkt,14,5,157,7,2,mom
2009-01-01_to_2012-01-01,2009-01-01,2012-01-01,"hml,smb,mom",mkt,14,5,157,7,3,mom
2009-01-01_to_2012-01-01,2009-01-01,2012-01-01,"hml,smb,mom",mkt,14,5,157,7,4,mom
2009-01-01_to_2012-01-01,2009-01-01,2012-01-01,"hml,smb,mom",mkt,14,5,157,7,5,mom
2009-01-01_to_2012-01-01,2009-01-01,2012-01-01,"hml,smb,mom",mkt,14,5,157,7,6,mom
2009-01-01_to_2012-01-01,2009-01-01,2012-01-01,"hml,smb,mom",mkt,14,5,157,7,7,hml
2009-01-01_to_2012-01-01,2009-01-01,2012-01-01,"hml,smb,mom",mkt,14,5,162,10,1,mom
2009-01-01_to_2012-01-01,2009-01-01,2012-01-01,"hml,smb,mom",mkt,14,5,162,10,2,mom
2009-01-01_to_2012-01-01,2009-01-01,2012-01-01,"hml,smb,mom",mkt,14,5,162,10,3,mom
2009-01-01_to_2012-01-01,2009-01-01,2012-01-01,"hml,smb,mom",mkt,14,5,162,10,4,mom
2009-01-01_to_2012-01-01,2009-01-01,2012-01-01,"hml,smb,mom",mkt,14,5,162,10,5,mom
2009-01-01_to_2012-01-01,2009-01-01,2012-01-01,"hml,smb,mom",mkt,14,5,162,10,6,mom
2009-01-01_to_2012-01-01,2009-01-01,2012-01-01,"hml,smb,mom",mkt,14,5,162,10,7,hml
2009-01-01_to_2012-01-01,2009-01-01,2012-01-01,"hml,smb,mom",mkt,14,5,162,10,8,hml
2009-01-01_to_2012-01-01,2009-01-01,2012-01-01,"hml,smb,mom",mkt,14,5,162,10,9,hml
2009-01-01_to_2012-01-01,2009-01-01,2012-01-01,"hml,smb,mom",mkt,14,5,162,10,10,hml
2009-01-01_to_2012-01-01,2009-01-01,2012-01-01,"hml,smb,mom",mkt,14,5,163,10,1,mom
2009-01-01_to_2012-01-01,2009-01-01,2012-01-01,"hml,smb,mom",mkt,14,5,163,10,2,mom
2009-01-01_to_2012-01-01,2009-01-01,2012-01-01,"hml,smb,mom",mkt,14,5,163,10,3,mom
2009-01-01_to_2012-01-01,2009-01-01,2012-01-01,"hml,smb,mom",mkt,14,5,163,10,4,mom
2009-01-01_to_2012-01-01,2009-01-01,2012-01-01,"hml,smb,mom",mkt,14,5,163,10,5,mom
2009-01-01_to_2012-01-01,2009-01-01,2012-01-01,"hml,smb,mom",mkt,14,5,163,10,6,mom
2009-01-01_to_2012-01-01,2009-01-01,2012-01-01,"hml,smb,mom",mkt,14,5,163,10,7,hml
2009-01-01_to_2012-01-01,2009-01-01,2012-01-01,"hml,smb,mom",mkt,14,5,163,10,8,hml
2009-01-01_to_2012-01-01,2009-01-01,2012-01-01,"hml,smb,mom",mkt,14,5,163,10,9,hml
2009-01-01_to_2012-01-01,2009-01-01,2012-01-01,"hml,smb,mom",mkt,14,5,163,10,10,hml
2009-01-01_to_2012-01-01,2009-01-01,2012-01-01,"hml,smb,mom",mkt,14,5,164,9,1,mom
2009-01-01_to_2012-01-01,2009-01-01,2012-01-01,"hml,smb,mom",mkt,14,5,164,9,2,mom
2009-01-01_to_2012-01-01,2009-01-01,2012-01-01,"hml,smb,mom",mkt,14,5,164,9,3,mom
2009-01-01_to_2012-01-01,2009-01-01,2012-01-01,"hml,smb,mom",mkt,14,5,164,9,4,mom
2009-01-01_to_2012-01-01,2009-01-01,2012-01-01,"hml,smb,mom",mkt,14,5,164,9,5,mom
2009-01-01_to_2012-01-01,2009-01-01,2012-01-01,"hml,smb,mom",mkt,14,5,164,9,6,mom
2009-01-01_to_2012-01-01,2009-01-01,2012-01-01,"hml,smb,mom",mkt,14,5,164,9,7,hml
2009-01-01_to_2012-01-01,2009-01-01,2012-01-01,"hml,smb,mom",mkt,14,5,164,9,8,hml
2009-01-01_to_2012-01-01,2009-01-01,2012-01-01,"hml,smb,mom",mkt,14,5,164,9,9,hml
2009-01-01_to_2012-01-01,2009-01-01,2012-01-01,"hml,smb,mom",mkt,14,5,165,8,1,mom
2009-01-01_to_2012-01-01,2009-01-01,2012-01-01,"hml,smb,mom",mkt,14,5,165,8,2,mom
2009-01-01_to_2012-01-01,2009-01-01,2012-01-01,"hml,smb,mom",mkt,14,5,165,8,3,mom
2009-01-01_to_2012-01-01,2009-01-01,2012-01-01,"hml,smb,mom",mkt,14,5,165,8,4,mom
2009-01-01_to_2012-01-01,2009-01-01,2012-01-01,"hml,smb,mom",mkt,14,5,165,8,5,mom
2009-01-01_to_2012-01-01,2009-01-01,2012-01-01,"hml,smb,mom",mkt,14,5,165,8,6,mom
2009-01-01_to_2012-01-01,2009-01-01,2012-01-01,"hml,smb,mom",mkt,14,5,165,8,7,hml
2009-01-01_to_2012-01-01,2009-01-01,2012-01-01,"hml,smb,mom",mkt,14,5,165,8,8,hml
2009-01-01_to_2012-01-01,2009-01-01,2012-01-01,"hml,smb,mom",mkt,14,5,167,8,1,mom
2009-01-01_to_2012-01-01,2009-01-01,2012-01-01,"hml,smb,mom",mkt,14,5,167,8,2,mom
2009-01-01_to_2012-01-01,2009-01-01,2012-01-01,"hml,smb,mom",mkt,14,5,167,8,3,mom
2009-01-01_to_2012-01-01,2009-01-01,2012-01-01,"hml,smb,mom",mkt,14,5,167,8,4,mom
2009-01-01_to_2012-01-01,2009-01-01,2012-01-01,"hml,smb,mom",mkt,14,5,167,8,5,mom
2009-01-01_to_2012-01-01,2009-01-01,2012-01-01,"hml,smb,mom",mkt,14,5,167,8,6,mom
2009-01-01_to_2012-01-01,2009-01-01,2012-01-01,"hml,smb,mom",mkt,14,5,167,8,7,hml
2009-01-01_to_2012-01-01,2009-01-01,2012-01-01,"hml,smb,mom",mkt,14,5,167,8,8,smb
2009-01-01_to_2012-01-01,2009-01-01,2012-01-01,"hml,smb,mom",mkt,14,5,168,8,1,mom
2009-01-01_to_2012-01-01,2009-01-01,2012-01-01,"hml,smb,mom",mkt,14,5,168,8,2,mom
2009-01-01_to_2012-01-01,2009-01-01,2012-01-01,"hml,smb,mom",mkt,14,5,168,8,3,mom
2009-01-01_to_2012-01-01,2009-01-01,2012-01-01,"hml,smb,mom",mkt,14,5,168,8,4,mom
2009-01-01_to_2012-01-01,2009-01-01,2012-01-01,"hml,smb,mom",mkt,14,5,168,8,5,mom
2009-01-01_to_2012-01-01,2009-01-01,2012-01-01,"hml,smb,mom",mkt,14,5,168,8,6,mom
2009-01-01_to_2012-01-01,2009-01-01,2012-01-01,"hml,smb,mom",mkt,14,5,168,8,7,hml
2009-01-01_to_2012-01-01,2009-01-01,2012-01-01,"hml,smb,mom",mkt,14,5,168,8,8,smb
2009-01-01_to_2012-01-01,2009-01-01,2012-01-01,"hml,smb,mom",mkt,14,5,174,7,1,mom
2009-01-01_to_2012-01-01,2009-01-01,2012-01-01,"hml,smb,mom",mkt,14,5,174,7,2,mom
2009-01-01_to_2012-01-01,2009-01-01,2012-01-01,"hml,smb,mom",mkt,14,5,174,7,3,mom
2009-01-01_to_2012-01-01,2009-01-01,2012-01-01,"hml,smb,mom",mkt,14,5,174,7,4,mom
2009-01-01_to_2012-01-01,2009-01-01,2012-01-01,"hml,smb,mom",mkt,14,5,174,7,5,mom
2009-01-01_to_2012-01-01,2009-01-01,2012-01-01,"hml,smb,mom",mkt,14,5,174,7,6,smb
2009-01-01_to_2012-01-01,2009-01-01,2012-01-01,"hml,smb,mom",mkt,14,5,174,7,7,hml
2009-01-01_to_2012-01-01,2009-01-01,2012-01-01,"hml,smb,mom",mkt,14,5,175,7,1,mom
2009-01-01_to_2012-01-01,2009-01-01,2012-01-01,"hml,smb,mom",mkt,14,5,175,7,2,mom
2009-01-01_to_2012-01-01,2009-01-01,2012-01-01,"hml,smb,mom",mkt,14,5,175,7,3,mom
2009-01-01_to_2012-01-01,2009-01-01,2012-01-01,"hml,smb,mom",mkt,14,5,175,7,4,mom
2009-01-01_to_2012-01-01,2009-01-01,2012-01-01,"hml,smb,mom",mkt,14,5,175,7,5,mom
2009-01-01_to_2012-01-01,2009-01-01,2012-01-01,"hml,smb,mom",mkt,14,5,175,7,6,smb
2009-01-01_to_2012-01-01,2009-01-01,2012-01-01,"hml,smb,mom",mkt,14,5,175,7,7,hml
2009-01-01_to_2012-01-01,2009-01-01,2012-01-01,"hml,smb,mom",mkt,14,5,178,8,1,mom
2009-01-01_to_2012-01-01,2009-01-01,2012-01-01,"hml,smb,mom",mkt,14,5,178,8,2,mom
2009-01-01_to_2012-01-01,2009-01-01,2012-01-01,"hml,smb,mom",mkt,14,5,178,8,3,mom
2009-01-01_to_2012-01-01,2009-01-01,2012-01-01,"hml,smb,mom",mkt,14,5,178,8,4,mom
2009-01-01_to_2012-01-01,2009-01-01,2012-01-01,"hml,smb,mom",mkt,14,5,178,8,5,mom
2009-01-01_to_2012-01-01,2009-01-01,2012-01-01,"hml,smb,mom",mkt,14,5,178,8,6,smb
2009-01-01_to_2012-01-01,2009-01-01,2012-01-01,"hml,smb,mom",mkt,14,5,178,8,7,hml
2009-01-01_to_2012-01-01,2009-01-01,2012-01-01,"hml,smb,mom",mkt,14,5,178,8,8,mom
2009-01-01_to_2012-01-01,2009-01-01,2012-01-01,"hml,smb,mom",mkt,14,5,179,8,1,mom
2009-01-01_to_2012-01-01,2009-01-01,2012-01-01,"hml,smb,mom",mkt,14,5,179,8,2,mom
2009-01-01_to_2012-01-01,2009-01-01,2012-01-01,"hml,smb,mom",mkt,14,5,179,8,3,mom
2009-01-01_to_2012-01-01,2009-01-01,2012-01-01,"hml,smb,mom",mkt,14,5,179,8,4,mom
2009-01-01_to_2012-01-01,2009-01-01,2012-01-01,"hml,smb,mom",mkt,14,5,179,8,5,mom
2009-01-01_to_2012-01-01,2009-01-01,2012-01-01,"hml,smb,mom",mkt,14,5,179,8,6,smb
2009-01-01_to_2012-01-01,2009-01-01,2012-01-01,"hml,smb,mom",mkt,14,5,179,8,7,hml
2009-01-01_to_2012-01-01,2009-01-01,2012-01-01,"hml,smb,mom",mkt,14,5,179,8,8,mom
2009-01-01_to_2012-01-01,2009-01-01,2012-01-01,"hml,smb,mom",mkt,14,5,184,11,1,mom
2009-01-01_to_2012-01-01,2009-01-01,2012-01-01,"hml,smb,mom",mkt,14,5,184,11,2,mom
2009-01-01_to_2012-01-01,2009-01-01,2012-01-01,"hml,smb,mom",mkt,14,5,184,11,3,mom
2009-01-01_to_2012-01-01,2009-01-01,2012-01-01,"hml,smb,mom",mkt,14,5,184,11,4,mom
2009-01-01_to_2012-01-01,2009-01-01,2012-01-01,"hml,smb,mom",mkt,14,5,184,11,5,mom
2009-01-01_to_2012-01-01,2009-01-01,2012-01-01,"hml,smb,mom",mkt,14,5,184,11,6,smb
2009-01-01_to_2012-01-01,2009-01-01,2012-01-01,"hml,smb,mom",mkt,14,5,184,11,7,hml
2009-01-01_to_2012-01-01,2009-01-01,2012-01-01,"hml,smb,mom",mkt,14,5,184,11,8,hml
2009-01-01_to_2012-01-01,2009-01-01,2012-01-01,"hml,smb,mom",mkt,14,5,184,11,9,mom
2009-01-01_to_2012-01-01,2009-01-01,2012-01-01,"hml,smb,mom",mkt,14,5,184,11,10,hml
2009-01-01_to_2012-01-01,2009-01-01,2012-01-01,"hml,smb,mom",mkt,14,5,184,11,11,hml
2009-01-01_to_2012-01-01,2009-01-01,2012-01-01,"hml,smb,mom",mkt,14,5,185,11,1,mom
2009-01-01_to_2012-01-01,2009-01-01,2012-01-01,"hml,smb,mom",mkt,14,5,185,11,2,mom
2009-01-01_to_2012-01-01,2009-01-01,2012-01-01,"hml,smb,mom",mkt,14,5,185,11,3,mom
2009-01-01_to_2012-01-01,2009-01-01,2012-01-01,"hml,smb,mom",mkt,14,5,185,11,4,mom
2009-01-01_to_2012-01-01,2009-01-01,2012-01-01,"hml,smb,mom",mkt,14,5,185,11,5,mom
2009-01-01_to_2012-01-01,2009-01-01,2012-01-01,"hml,smb,mom",mkt,14,5,185,11,6,smb
2009-01-01_to_2012-01-01,2009-01-01,2012-01-01,"hml,smb,mom",mkt,14,5,185,11,7,hml
2009-01-01_to_2012-01-01,2009-01-01,2012-01-01,"hml,smb,mom",mkt,14,5,185,11,8,hml
2009-01-01_to_2012-01-01,2009-01-01,2012-01-01,"hml,smb,mom",mkt,14,5,185,11,9,mom
2009-01-01_to_2012-01-01,2009-01-01,2012-01-01,"hml,smb,mom",mkt,14,5,185,11,10,hml
2009-01-01_to_2012-01-01,2009-01-01,2012-01-01,"hml,smb,mom",mkt,14,5,185,11,11,hml
2009-01-01_to_2012-01-01,2009-01-01,2012-01-01,"hml,smb,mom",mkt,14,5,188,12,1,mom
2009-01-01_to_2012-01-01,2009-01-01,2012-01-01,"hml,smb,mom",mkt,14,5,188,12,2,mom
2009-01-01_to_2012-01-01,2009-01-01,2012-01-01,"hml,smb,mom",mkt,14,5,188,12,3,mom
2009-01-01_to_2012-01-01,2009-01-01,2012-01-01,"hml,smb,mom",mkt,14,5,188,12,4,mom
2009-01-01_to_2012-01-01,2009-01-01,2012-01-01,"hml,smb,mom",mkt,14,5,188,12,5,mom
2009-01-01_to_2012-01-01,2009-01-01,2012-01-01,"hml,smb,mom",mkt,14,5,188,12,6,smb
2009-01-01_to_2012-01-01,2009-01-01,2012-01-01,"hml,smb,mom",mkt,14,5,188,12,7,hml
2009-01-01_to_2012-01-01,2009-01-01,2012-01-01,"hml,smb,mom",mkt,14,5,188,12,8,hml
2009-01-01_to_2012-01-01,2009-01-01,2012-01-01,"hml,smb,mom",mkt,14,5,188,12,9,mom
2009-01-01_to_2012-01-01,2009-01-01,2012-01-01,"hml,smb,mom",mkt,14,5,188,12,10,hml
2009-01-01_to_2012-01-01,2009-01-01,2012-01-01,"hml,smb,mom",mkt,14,5,188,12,11,hml
2009-01-01_to_2012-01-01,2009-01-01,2012-01-01,"hml,smb,mom",mkt,14,5,188,12,12,smb
2009-01-01_to_2012-01-01,2009-01-01,2012-01-01,"hml,smb,mom",mkt,14,5,189,12,1,mom
2009-01-01_to_2012-01-01,2009-01-01,2012-01-01,"hml,smb,mom",mkt,14,5,189,12,2,mom
2009-01-01_to_2012-01-01,2009-01-01,2012-01-01,"hml,smb,mom",mkt,14,5,189,12,3,mom
2009-01-01_to_2012-01-01,2009-01-01,2012-01-01,"hml,smb,mom",mkt,14,5,189,12,4,mom
2009-01-01_to_2012-01-01,2009-01-01,2012-01-01,"hml,smb,mom",mkt,14,5,189,12,5,mom
2009-01-01_to_2012-01-01,2009-01-01,2012-01-01,"hml,smb,mom",mkt,14,5,189,12,6,smb
2009-01-01_to_2012-01-01,2009-01-01,2012-01-01,"hml,smb,mom",mkt,14,5,189,12,7,hml
2009-01-01_to_2012-01-01,2009-01-01,2012-01-01,"hml,smb,mom",mkt,14,5,189,12,8,hml
2009-01-01_to_2012-01-01,2009-01-01,2012-01-01,"hml,smb,mom",mkt,14,5,189,12,9,mom
2009-01-01_to_2012-01-01,2009-01-01,2012-01-01,"hml,smb,mom",mkt,14,5,189,12,10,hml
2009-01-01_to_2012-01-01,2009-01-01,2012-01-01,"hml,smb,mom",mkt,14,5,189,12,11,hml
2009-01-01_to_2012-01-01,2009-01-01,2012-01-01,"hml,smb,mom",mkt,14,5,189,12,12,smb
2009-01-01_to_2012-01-01,2009-01-01,2012-01-01,"hml,smb,mom",mkt,14,5,191,12,1,mom
2009-01-01_to_2012-01-01,2009-01-01,2012-01-01,"hml,smb,mom",mkt,14,5,191,12,2,mom
2009-01-01_to_2012-01-01,2009-01-01,2012-01-01,"hml,smb,mom",mkt,14,5,191,12,3,mom
2009-01-01_to_2012-01-01,2009-01-01,2012-01-01,"hml,smb,mom",mkt,14,5,191,12,4,mom
2009-01-01_to_2012-01-01,2009-01-01,2012-01-01,"hml,smb,mom",mkt,14,5,191,12,5,mom
2009-01-01_to_2012-01-01,2009-01-01,2012-01-01,"hml,smb,mom",mkt,14,5,191,12,6,smb
2009-01-01_to_2012-01-01,2009-01-01,2012-01-01,"hml,smb,mom",mkt,14,5,191,12,7,hml
2009-01-01_to_2012-01-01,2009-01-01,2012-01-01,"hml,smb,mom",mkt,14,5,191,12,8,hml
2009-01-01_to_2012-01-01,2009-01-01,2012-01-01,"hml,smb,mom",mkt,14,5,191,12,9,mom
2009-01-01_to_2012-01-01,2009-01-01,2012-01-01,"hml,smb,mom",mkt,14,5,191,12,10,hml
2009-01-01_to_2012-01-01,2009-01-01,2012-01-01,"hml,smb,mom",mkt,14,5,191,12,11,hml
2009-01-01_to_2012-01-01,2009-01-01,2012-01-01,"hml,smb,mom",mkt,14,5,191,12,12,hml
2009-01-01_to_2012-01-01,2009-01-01,2012-01-01,"hml,smb,mom",mkt,14,5,192,12,1,mom
2009-01-01_to_2012-01-01,2009-01-01,2012-01-01,"hml,smb,mom",mkt,14,5,192,12,2,mom
2009-01-01_to_2012-01-01,2009-01-01,2012-01-01,"hml,smb,mom",mkt,14,5,192,12,3,mom
2009-01-01_to_2012-01-01,2009-01-01,2012-01-01,"hml,smb,mom",mkt,14,5,192,12,4,mom
2009-01-01_to_2012-01-01,2009-01-01,2012-01-01,"hml,smb,mom",mkt,14,5,192,12,5,mom
2009-01-01_to_2012-01-01,2009-01-01,2012-01-01,"hml,smb,mom",mkt,14,5,192,12,6,smb
2009-01-01_to_2012-01-01,2009-01-01,2012-01-01,"hml,smb,mom",mkt,14,5,192,12,7,hml
2009-01-01_to_2012-01-01,2009-01-01,2012-01-01,"hml,smb,mom",mkt,14,5,192,12,8,hml
2009-01-01_to_2012-01-01,2009-01-01,2012-01-01,"hml,smb,mom",mkt,14,5,192,12,9,mom
2009-01-01_to_2012-01-01,2009-01-01,2012-01-01,"hml,smb,mom",mkt,14,5,192,12,10,hml
2009-01-01_to_2012-01-01,2009-01-01,2012-01-01,"hml,smb,mom",mkt,14,5,192,12,11,hml
2009-01-01_to_2012-01-01,2009-01-01,2012-01-01,"hml,smb,mom",mkt,14,5,192,12,12,hml
2009-01-01_to_2012-01-01,2009-01-01,2012-01-01,"hml,smb,mom",mkt,14,5,194,10,1,mom
2009-01-01_to_2012-01-01,2009-01-01,2012-01-01,"hml,smb,mom",mkt,14,5,194,10,2,mom
2009-01-01_to_2012-01-01,2009-01-01,2012-01-01,"hml,smb,mom",mkt,14,5,194,10,3,mom
2009-01-01_to_2012-01-01,2009-01-01,2012-01-01,"hml,smb,mom",mkt,14,5,194,10,4,mom
2009-01-01_to_2012-01-01,2009-01-01,2012-01-01,"hml,smb,mom",mkt,14,5,194,10,5,mom
2009-01-01_to_2012-01-01,2009-01-01,2012-01-01,"hml,smb,mom",mkt,14,5,194,10,6,smb
2009-01-01_to_2012-01-01,2009-01-01,2012-01-01,"hml,smb,mom",mkt,14,5,194,10,7,hml
2009-01-01_to_2012-01-01,2009-01-01,2012-01-01,"hml,smb,mom",mkt,14,5,194,10,8,hml
2009-01-01_to_2012-01-01,2009-01-01,2012-01-01,"hml,smb,mom",mkt,14,5,194,10,9,mom
2009-01-01_to_2012-01-01,2009-01-01,2012-01-01,"hml,smb,mom",mkt,14,5,194,10,10,smb
2009-01-01_to_2012-01-01,2009-01-01,2012-01-01,"hml,smb,mom",mkt,14,5,195,10,1,mom
2009-01-01_to_2012-01-01,2009-01-01,2012-01-01,"hml,smb,mom",mkt,14,5,195,10,2,mom
2009-01-01_to_2012-01-01,2009-01-01,2012-01-01,"hml,smb,mom",mkt,14,5,195,10,3,mom
2009-01-01_to_2012-01-01,2009-01-01,2012-01-01,"hml,smb,mom",mkt,14,5,195,10,4,mom
2009-01-01_to_2012-01-01,2009-01-01,2012-01-01,"hml,smb,mom",mkt,14,5,195,10,5,mom
2009-01-01_to_2012-01-01,2009-01-01,2012-01-01,"hml,smb,mom",mkt,14,5,195,10,6,smb
2009-01-01_to_2012-01-01,2009-01-01,2012-01-01,"hml,smb,mom",mkt,14,5,195,10,7,hml
2009-01-01_to_2012-01-01,2009-01-01,2012-01-01,"hml,smb,mom",mkt,14,5,195,10,8,hml
2009-01-01_to_2012-01-01,2009-01-01,2012-01-01,"hml,smb,mom",mkt,14,5,195,10,9,mom
2009-01-01_to_2012-01-01,2009-01-01,2012-01-01,"hml,smb,mom",mkt,14,5,195,10,10,smb
2009-01-01_to_2012-01-01,2009-01-01,2012-01-01,"hml,smb,mom",mkt,14,5,197,9,1,mom
2009-01-01_to_2012-01-01,2009-01-01,2012-01-01,"hml,smb,mom",mkt,14,5,197,9,2,mom
2009-01-01_to_2012-01-01,2009-01-01,2012-01-01,"hml,smb,mom",mkt,14,5,197,9,3,mom
2009-01-01_to_2012-01-01,2009-01-01,2012-01-01,"hml,smb,mom",mkt,14,5,197,9,4,mom
2009-01-01_to_2012-01-01,2009-01-01,2012-01-01,"hml,smb,mom",mkt,14,5,197,9,5,mom
2009-01-01_to_2012-01-01,2009-01-01,2012-01-01,"hml,smb,mom",mkt,14,5,197,9,6,smb
2009-01-01_to_2012-01-01,2009-01-01,2012-01-01,"hml,smb,mom",mkt,14,5,197,9,7,hml
2009-01-01_to_2012-01-01,2009-01-01,2012-01-01,"hml,smb,mom",mkt,14,5,197,9,8,hml
2009-01-01_to_2012-01-01,2009-01-01,2012-01-01,"hml,smb,mom",mkt,14,5,197,9,9,hml
2009-01-01_to_2012-01-01,2009-01-01,2012-01-01,"hml,smb,mom",mkt,14,5,200,11,1,mom
2009-01-01_to_2012-01-01,2009-01-01,2012-01-01,"hml,smb,mom",mkt,14,5,200,11,2,mom
2009-01-01_to_2012-01-01,2009-01-01,2012-01-01,"hml,smb,mom",mkt,14,5,200,11,3,mom
2009-01-01_to_2012-01-01,2009-01-01,2012-01-01,"hml,smb,mom",mkt,14,5,200,11,4,mom
2009-01-01_to_2012-01-01,2009-01-01,2012-01-01,"hml,smb,mom",mkt,14,5,200,11,5,mom
2009-01-01_to_2012-01-01,2009-01-01,2012-01-01,"hml,smb,mom",mkt,14,5,200,11,6,smb
2009-01-01_to_2012-01-01,2009-01-01,2012-01-01,"hml,smb,mom",mkt,14,5,200,11,7,hml
2009-01-01_to_2012-01-01,2009-01-01,2012-01-01,"hml,smb,mom",mkt,14,5,200,11,8,hml
2009-01-01_to_2012-01-01,2009-01-01,2012-01-01,"hml,smb,mom",mkt,14,5,200,11,9,hml
2009-01-01_to_2012-01-01,2009-01-01,2012-01-01,"hml,smb,mom",mkt,14,5,200,11,10,mom
2009-01-01_to_2012-01-01,2009-01-01,2012-01-01,"hml,smb,mom",mkt,14,5,200,11,11,smb
2009-01-01_to_2012-01-01,2009-01-01,2012-01-01,"hml,smb,mom",mkt,14,5,203,13,1,mom
2009-01-01_to_2012-01-01,2009-01-01,2012-01-01,"hml,smb,mom",mkt,14,5,203,13,2,mom
2009-01-01_to_2012-01-01,2009-01-01,2012-01-01,"hml,smb,mom",mkt,14,5,203,13,3,mom
2009-01-01_to_2012-01-01,2009-01-01,2012-01-01,"hml,smb,mom",mkt,14,5,203,13,4,mom
2009-01-01_to_2012-01-01,2009-01-01,2012-01-01,"hml,smb,mom",mkt,14,5,203,13,5,mom
2009-01-01_to_2012-01-01,2009-01-01,2012-01-01,"hml,smb,mom",mkt,14,5,203,13,6,smb
2009-01-01_to_2012-01-01,2009-01-01,2012-01-01,"hml,smb,mom",mkt,14,5,203,13,7,hml
2009-01-01_to_2012-01-01,2009-01-01,2012-01-01,"hml,smb,mom",mkt,14,5,203,13,8,hml
2009-01-01_to_2012-01-01,2009-01-01,2012-01-01,"hml,smb,mom",mkt,14,5,203,13,9,hml
2009-01-01_to_2012-01-01,2009-01-01,2012-01-01,"hml,smb,mom",mkt,14,5,203,13,10,mom
2009-01-01_to_2012-01-01,2009-01-01,2012-01-01,"hml,smb,mom",mkt,14,5,203,13,11,smb
2009-01-01_to_2012-01-01,2009-01-01,2012-01-01,"hml,smb,mom",mkt,14,5,203,13,12,hml
2009-01-01_to_2012-01-01,2009-01-01,2012-01-01,"hml,smb,mom",mkt,14,5,203,13,13,mom
2009-01-01_to_2012-01-01,2009-01-01,2012-01-01,"hml,smb,mom",mkt,14,5,204,13,1,mom
2009-01-01_to_2012-01-01,2009-01-01,2012-01-01,"hml,smb,mom",mkt,14,5,204,13,2,mom
2009-01-01_to_2012-01-01,2009-01-01,2012-01-01,"hml,smb,mom",mkt,14,5,204,13,3,mom
2009-01-01_to_2012-01-01,2009-01-01,2012-01-01,"hml,smb,mom",mkt,14,5,204,13,4,mom
2009-01-01_to_2012-01-01,2009-01-01,2012-01-01,"hml,smb,mom",mkt,14,5,204,13,5,mom
2009-01-01_to_2012-01-01,2009-01-01,2012-01-01,"hml,smb,mom",mkt,14,5,204,13,6,smb
2009-01-01_to_2012-01-01,2009-01-01,2012-01-01,"hml,smb,mom",mkt,14,5,204,13,7,hml
2009-01-01_to_2012-01-01,2009-01-01,2012-01-01,"hml,smb,mom",mkt,14,5,204,13,8,hml
2009-01-01_to_2012-01-01,2009-01-01,2012-01-01,"hml,smb,mom",mkt,14,5,204,13,9,hml
2009-01-01_to_2012-01-01,2009-01-01,2012-01-01,"hml,smb,mom",mkt,14,5,204,13,10,mom
2009-01-01_to_2012-01-01,2009-01-01,2012-01-01,"hml,smb,mom",mkt,14,5,204,13,11,smb
2009-01-01_to_2012-01-01,2009-01-01,2012-01-01,"hml,smb,mom",mkt,14,5,204,13,12,hml
2009-01-01_to_2012-01-01,2009-01-01,2012-01-01,"hml,smb,mom",mkt,14,5,204,13,13,mom
2009-01-01_to_2012-01-01,2009-01-01,2012-01-01,"hml,smb,mom",mkt,14,5,205,12,1,mom
2009-01-01_to_2012-01-01,2009-01-01,2012-01-01,"hml,smb,mom",mkt,14,5,205,12,2,mom
2009-01-01_to_2012-01-01,2009-01-01,2012-01-01,"hml,smb,mom",mkt,14,5,205,12,3,mom
2009-01-01_to_2012-01-01,2009-01-01,2012-01-01,"hml,smb,mom",mkt,14,5,205,12,4,mom
2009-01-01_to_2012-01-01,2009-01-01,2012-01-01,"hml,smb,mom",mkt,14,5,205,12,5,mom
2009-01-01_to_2012-01-01,2009-01-01,2012-01-01,"hml,smb,mom",mkt,14,5,205,12,6,smb
2009-01-01_to_2012-01-01,2009-01-01,2012-01-01,"hml,smb,mom",mkt,14,5,205,12,7,hml
2009-01-01_to_2012-01-01,2009-01-01,2012-01-01,"hml,smb,mom",mkt,14,5,205,12,8,hml
2009-01-01_to_2012-01-01,2009-01-01,2012-01-01,"hml,smb,mom",mkt,14,5,205,12,9,hml
2009-01-01_to_2012-01-01,2009-01-01,2012-01-01,"hml,smb,mom",mkt,14,5,205,12,10,mom
2009-01-01_to_2012-01-01,2009-01-01,2012-01-01,"hml,smb,mom",mkt,14,5,205,12,11,smb
2009-01-01_to_2012-01-01,2009-01-01,2012-01-01,"hml,smb,mom",mkt,14,5,205,12,12,hml
2009-01-01_to_2012-01-01,2009-01-01,2012-01-01,"hml,smb,mom",mkt,14,5,208,12,1,mom
2009-01-01_to_2012-01-01,2009-01-01,2012-01-01,"hml,smb,mom",mkt,14,5,208,12,2,mom
2009-01-01_to_2012-01-01,2009-01-01,2012-01-01,"hml,smb,mom",mkt,14,5,208,12,3,mom
2009-01-01_to_2012-01-01,2009-01-01,2012-01-01,"hml,smb,mom",mkt,14,5,208,12,4,mom
2009-01-01_to_2012-01-01,2009-01-01,2012-01-01,"hml,smb,mom",mkt,14,5,208,12,5,mom
2009-01-01_to_2012-01-01,2009-01-01,2012-01-01,"hml,smb,mom",mkt,14,5,208,12,6,smb
2009-01-01_to_2012-01-01,2009-01-01,2012-01-01,"hml,smb,mom",mkt,14,5,208,12,7,hml
2009-01-01_to_2012-01-01,2009-01-01,2012-01-01,"hml,smb,mom",mkt,14,5,208,12,8,hml
2009-01-01_to_2012-01-01,2009-01-01,2012-01-01,"hml,smb,mom",mkt,14,5,208,12,9,hml
2009-01-01_to_2012-01-01,2009-01-01,2012-01-01,"hml,smb,mom",mkt,14,5,208,12,10,mom
2009-01-01_to_2012-01-01,2009-01-01,2012-01-01,"hml,smb,mom",mkt,14,5,208,12,11,mom
2009-01-01_to_2012-01-01,2009-01-01,2012-01-01,"hml,smb,mom",mkt,14,5,208,12,12,hml
2009-01-01_to_2012-01-01,2009-01-01,2012-01-01,"hml,smb,mom",mkt,14,5,209,12,1,mom
2009-01-01_to_2012-01-01,2009-01-01,2012-01-01,"hml,smb,mom",mkt,14,5,209,12,2,mom
2009-01-01_to_2012-01-01,2009-01-01,2012-01-01,"hml,smb,mom",mkt,14,5,209,12,3,mom
2009-01-01_to_2012-01-01,2009-01-01,2012-01-01,"hml,smb,mom",mkt,14,5,209,12,4,mom
2009-01-01_to_2012-01-01,2009-01-01,2012-01-01,"hml,smb,mom",mkt,14,5,209,12,5,mom
2009-01-01_to_2012-01-01,2009-01-01,2012-01-01,"hml,smb,mom",mkt,14,5,209,12,6,smb
2009-01-01_to_2012-01-01,2009-01-01,2012-01-01,"hml,smb,mom",mkt,14,5,209,12,7,hml
2009-01-01_to_2012-01-01,2009-01-01,2012-01-01,"hml,smb,mom",mkt,14,5,209,12,8,hml
2009-01-01_to_2012-01-01,2009-01-01,2012-01-01,"hml,smb,mom",mkt,14,5,209,12,9,hml
2009-01-01_to_2012-01-01,2009-01-01,2012-01-01,"hml,smb,mom",mkt,14,5,209,12,10,mom
2009-01-01_to_2012-01-01,2009-01-01,2012-01-01,"hml,smb,mom",mkt,14,5,209,12,11,mom
2009-01-01_to_2012-01-01,2009-01-01,2012-01-01,"hml,smb,mom",mkt,14,5,209,12,12,hml
2009-01-01_to_2012-01-01,2009-01-01,2012-01-01,"hml,smb,mom",mkt,14,5,211,12,1,mom
2009-01-01_to_2012-01-01,2009-01-01,2012-01-01,"hml,smb,mom",mkt,14,5,211,12,2,mom
2009-01-01_to_2012-01-01,2009-01-01,2012-01-01,"hml,smb,mom",mkt,14,5,211,12,3,mom
2009-01-01_to_2012-01-01,2009-01-01,2012-01-01,"hml,smb,mom",mkt,14,5,211,12,4,mom
2009-01-01_to_2012-01-01,2009-01-01,2012-01-01,"hml,smb,mom",mkt,14,5,211,12,5,mom
2009-01-01_to_2012-01-01,2009-01-01,2012-01-01,"hml,smb,mom",mkt,14,5,211,12,6,smb
2009-01-01_to_2012-01-01,2009-01-01,2012-01-01,"hml,smb,mom",mkt,14,5,211,12,7,hml
2009-01-01_to_2012-01-01,2009-01-01,2012-01-01,"hml,smb,mom",mkt,14,5,211,12,8,hml
2009-01-01_to_2012-01-01,2009-01-01,2012-01-01,"hml,smb,mom",mkt,14,5,211,12,9,hml
2009-01-01_to_2012-01-01,2009-01-01,2012-01-01,"hml,smb,mom",mkt,14,5,211,12,10,mom
2009-01-01_to_2012-01-01,2009-01-01,2012-01-01,"hml,smb,mom",mkt,14,5,211,12,11,mom
2009-01-01_to_2012-01-01,2009-01-01,2012-01-01,"hml,smb,mom",mkt,14,5,211,12,12,hml
2009-01-01_to_2012-01-01,2009-01-01,2012-01-01,"hml,smb,mom",mkt,14,5,212,12,1,mom
2009-01-01_to_2012-01-01,2009-01-01,2012-01-01,"hml,smb,mom",mkt,14,5,212,12,2,mom
2009-01-01_to_2012-01-01,2009-01-01,2012-01-01,"hml,smb,mom",mkt,14,5,212,12,3,mom
2009-01-01_to_2012-01-01,2009-01-01,2012-01-01,"hml,smb,mom",mkt,14,5,212,12,4,mom
2009-01-01_to_2012-01-01,2009-01-01,2012-01-01,"hml,smb,mom",mkt,14,5,212,12,5,mom
2009-01-01_to_2012-01-01,2009-01-01,2012-01-01,"hml,smb,mom",mkt,14,5,212,12,6,smb
2009-01-01_to_2012-01-01,2009-01-01,2012-01-01,"hml,smb,mom",mkt,14,5,212,12,7,hml
2009-01-01_to_2012-01-01,2009-01-01,2012-01-01,"hml,smb,mom",mkt,14,5,212,12,8,hml
2009-01-01_to_2012-01-01,2009-01-01,2012-01-01,"hml,smb,mom",mkt,14,5,212,12,9,hml
2009-01-01_to_2012-01-01,2009-01-01,2012-01-01,"hml,smb,mom",mkt,14,5,212,12,10,mom
2009-01-01_to_2012-01-01,2009-01-01,2012-01-01,"hml,smb,mom",mkt,14,5,212,12,11,mom
2009-01-01_to_2012-01-01,2009-01-01,2012-01-01,"hml,smb,mom",mkt,14,5,212,12,12,hml
2009-01-01_to_2012-01-01,2009-01-01,2012-01-01,"hml,smb,mom",mkt,14,5,215,7,1,mom
2009-01-01_to_2012-01-01,2009-01-01,2012-01-01,"hml,smb,mom",mkt,14,5,215,7,2,mom
2009-01-01_to_2012-01-01,2009-01-01,2012-01-01,"hml,smb,mom",mkt,14,5,215,7,3,mom
2009-01-01_to_2012-01-01,2009-01-01,2012-01-01,"hml,smb,mom",mkt,14,5,215,7,4,mom
2009-01-01_to_2012-01-01,2009-01-01,2012-01-01,"hml,smb,mom",mkt,14,5,215,7,5,mom
2009-01-01_to_2012-01-01,2009-01-01,2012-01-01,"hml,smb,mom",mkt,14,5,215,7,6,smb
2009-01-01_to_2012-01-01,2009-01-01,2012-01-01,"hml,smb,mom",mkt,14,5,215,7,7,mom
2009-01-01_to_2012-01-01,2009-01-01,2012-01-01,"hml,smb,mom",mkt,14,5,217,8,1,mom
2009-01-01_to_2012-01-01,2009-01-01,2012-01-01,"hml,smb,mom",mkt,14,5,217,8,2,mom
2009-01-01_to_2012-01-01,2009-01-01,2012-01-01,"hml,smb,mom",mkt,14,5,217,8,3,mom
2009-01-01_to_2012-01-01,2009-01-01,2012-01-01,"hml,smb,mom",mkt,14,5,217,8,4,mom
2009-01-01_to_2012-01-01,2009-01-01,2012-01-01,"hml,smb,mom",mkt,14,5,217,8,5,mom
2009-01-01_to_2012-01-01,2009-01-01,2012-01-01,"hml,smb,mom",mkt,14,5,217,8,6,smb
2009-01-01_to_2012-01-01,2009-01-01,2012-01-01,"hml,smb,mom",mkt,14,5,217,8,7,mom
2009-01-01_to_2012-01-01,2009-01-01,2012-01-01,"hml,smb,mom",mkt,14,5,217,8,8,hml
2009-01-01_to_2012-01-01,2009-01-01,2012-01-01,"hml,smb,mom",mkt,14,5,218,8,1,mom
2009-01-01_to_2012-01-01,2009-01-01,2012-01-01,"hml,smb,mom",mkt,14,5,218,8,2,mom
2009-01-01_to_2012-01-01,2009-01-01,2012-01-01,"hml,smb,mom",mkt,14,5,218,8,3,mom
2009-01-01_to_2012-01-01,2009-01-01,2012-01-01,"hml,smb,mom",mkt,14,5,218,8,4,mom
2009-01-01_to_2012-01-01,2009-01-01,2012-01-01,"hml,smb,mom",mkt,14,5,218,8,5,mom
2009-01-01_to_2012-01-01,2009-01-01,2012-01-01,"hml,smb,mom",mkt,14,5,218,8,6,smb
2009-01-01_to_2012-01-01,2009-01-01,2012-01-01,"hml,smb,mom",mkt,14,5,218,8,7,mom
2009-01-01_to_2012-01-01,2009-01-01,2012-01-01,"hml,smb,mom",mkt,14,5,218,8,8,hml
2009-01-01_to_2012-01-01,2009-01-01,2012-01-01,"hml,smb,mom",mkt,14,5,220,7,1,mom
2009-01-01_to_2012-01-01,2009-01-01,2012-01-01,"hml,smb,mom",mkt,14,5,220,7,2,mom
2009-01-01_to_2012-01-01,2009-01-01,2012-01-01,"hml,smb,mom",mkt,14,5,220,7,3,mom
2009-01-01_to_2012-01-01,2009-01-01,2012-01-01,"hml,smb,mom",mkt,14,5,220,7,4,mom
2009-01-01_to_2012-01-01,2009-01-01,2012-01-01,"hml,smb,mom",mkt,14,5,220,7,5,mom
2009-01-01_to_2012-01-01,2009-01-01,2012-01-01,"hml,smb,mom",mkt,14,5,220,7,6,smb
2009-01-01_to_2012-01-01,2009-01-01,2012-01-01,"hml,smb,mom",mkt,14,5,220,7,7,smb
2009-01-01_to_2012-01-01,2009-01-01,2012-01-01,"hml,smb,mom",mkt,14,5,224,10,1,mom
2009-01-01_to_2012-01-01,2009-01-01,2012-01-01,"hml,smb,mom",mkt,14,5,224,10,2,mom
2009-01-01_to_2012-01-01,2009-01-01,2012-01-01,"hml,smb,mom",mkt,14,5,224,10,3,mom
2009-01-01_to_2012-01-01,2009-01-01,2012-01-01,"hml,smb,mom",mkt,14,5,224,10,4,mom
2009-01-01_to_2012-01-01,2009-01-01,2012-01-01,"hml,smb,mom",mkt,14,5,224,10,5,mom
2009-01-01_to_2012-01-01,2009-01-01,2012-01-01,"hml,smb,mom",mkt,14,5,224,10,6,smb
2009-01-01_to_2012-01-01,2009-01-01,2012-01-01,"hml,smb,mom",mkt,14,5,224,10,7,smb
2009-01-01_to_2012-01-01,2009-01-01,2012-01-01,"hml,smb,mom",mkt,14,5,224,10,8,mom
2009-01-01_to_2012-01-01,2009-01-01,2012-01-01,"hml,smb,mom",mkt,14,5,224,10,9,smb
2009-01-01_to_2012-01-01,2009-01-01,2012-01-01,"hml,smb,mom",mkt,14,5,224,10,10,smb
2009-01-01_to_2012-01-01,2009-01-01,2012-01-01,"hml,smb,mom",mkt,14,5,225,10,1,mom
2009-01-01_to_2012-01-01,2009-01-01,2012-01-01,"hml,smb,mom",mkt,14,5,225,10,2,mom
2009-01-01_to_2012-01-01,2009-01-01,2012-01-01,"hml,smb,mom",mkt,14,5,225,10,3,mom
2009-01-01_to_2012-01-01,2009-01-01,2012-01-01,"hml,smb,mom",mkt,14,5,225,10,4,mom
2009-01-01_to_2012-01-01,2009-01-01,2012-01-01,"hml,smb,mom",mkt,14,5,225,10,5,mom
2009-01-01_to_2012-01-01,2009-01-01,2012-01-01,"hml,smb,mom",mkt,14,5,225,10,6,smb
2009-01-01_to_2012-01-01,2009-01-01,2012-01-01,"hml,smb,mom",mkt,14,5,225,10,7,smb
2009-01-01_to_2012-01-01,2009-01-01,2012-01-01,"hml,smb,mom",mkt,14,5,225,10,8,mom
2009-01-01_to_2012-01-01,2009-01-01,2012-01-01,"hml,smb,mom",mkt,14,5,225,10,9,smb
2009-01-01_to_2012-01-01,2009-01-01,2012-01-01,"hml,smb,mom",mkt,14,5,225,10,10,smb
2009-01-01_to_2012-01-01,2009-01-01,2012-01-01,"hml,smb,mom",mkt,14,5,227,10,1,mom
2009-01-01_to_2012-01-01,2009-01-01,2012-01-01,"hml,smb,mom",mkt,14,5,227,10,2,mom
2009-01-01_to_2012-01-01,2009-01-01,2012-01-01,"hml,smb,mom",mkt,14,5,227,10,3,mom
2009-01-01_to_2012-01-01,2009-01-01,2012-01-01,"hml,smb,mom",mkt,14,5,227,10,4,mom
2009-01-01_to_2012-01-01,2009-01-01,2012-01-01,"hml,smb,mom",mkt,14,5,227,10,5,mom
2009-01-01_to_2012-01-01,2009-01-01,2012-01-01,"hml,smb,mom",mkt,14,5,227,10,6,smb
2009-01-01_to_2012-01-01,2009-01-01,2012-01-01,"hml,smb,mom",mkt,14,5,227,10,7,smb
2009-01-01_to_2012-01-01,2009-01-01,2012-01-01,"hml,smb,mom",mkt,14,5,227,10,8,mom
2009-01-01_to_2012-01-01,2009-01-01,2012-01-01,"hml,smb,mom",mkt,14,5,227,10,9,smb
2009-01-01_to_2012-01-01,2009-01-01,2012-01-01,"hml,smb,mom",mkt,14,5,227,10,10,hml
2009-01-01_to_2012-01-01,2009-01-01,2012-01-01,"hml,smb,mom",mkt,14,5,232,14,1,mom
2009-01-01_to_2012-01-01,2009-01-01,2012-01-01,"hml,smb,mom",mkt,14,5,232,14,2,mom
2009-01-01_to_2012-01-01,2009-01-01,2012-01-01,"hml,smb,mom",mkt,14,5,232,14,3,mom
2009-01-01_to_2012-01-01,2009-01-01,2012-01-01,"hml,smb,mom",mkt,14,5,232,14,4,mom
2009-01-01_to_2012-01-01,2009-01-01,2012-01-01,"hml,smb,mom",mkt,14,5,232,14,5,mom
2009-01-01_to_2012-01-01,2009-01-01,2012-01-01,"hml,smb,mom",mkt,14,5,232,14,6,smb
2009-01-01_to_2012-01-01,2009-01-01,2012-01-01,"hml,smb,mom",mkt,14,5,232,14,7,smb
2009-01-01_to_2012-01-01,2009-01-01,2012-01-01,"hml,smb,mom",mkt,14,5,232,14,8,mom
2009-01-01_to_2012-01-01,2009-01-01,2012-01-01,"hml,smb,mom",mkt,14,5,232,14,9,smb
2009-01-01_to_2012-01-01,2009-01-01,2012-01-01,"hml,smb,mom",mkt,14,5,232,14,10,hml
2009-01-01_to_2012-01-01,2009-01-01,2012-01-01,"hml,smb,mom",mkt,14,5,232,14,11,smb
2009-01-01_to_2012-01-01,2009-01-01,2012-01-01,"hml,smb,mom",mkt,14,5,232,14,12,hml
2009-01-01_to_2012-01-01,2009-01-01,2012-01-01,"hml,smb,mom",mkt,14,5,232,14,13,mom
2009-01-01_to_2012-01-01,2009-01-01,2012-01-01,"hml,smb,mom",mkt,14,5,232,14,14,smb
2009-01-01_to_2012-01-01,2009-01-01,2012-01-01,"hml,smb,mom",mkt,14,5,233,14,1,mom
2009-01-01_to_2012-01-01,2009-01-01,2012-01-01,"hml,smb,mom",mkt,14,5,233,14,2,mom
2009-01-01_to_2012-01-01,2009-01-01,2012-01-01,"hml,smb,mom",mkt,14,5,233,14,3,mom
2009-01-01_to_2012-01-01,2009-01-01,2012-01-01,"hml,smb,mom",mkt,14,5,233,14,4,mom
2009-01-01_to_2012-01-01,2009-01-01,2012-01-01,"hml,smb,mom",mkt,14,5,233,14,5,mom
2009-01-01_to_2012-01-01,2009-01-01,2012-01-01,"hml,smb,mom",mkt,14,5,233,14,6,smb
2009-01-01_to_2012-01-01,2009-01-01,2012-01-01,"hml,smb,mom",mkt,14,5,233,14,7,smb
2009-01-01_to_2012-01-01,2009-01-01,2012-01-01,"hml,smb,mom",mkt,14,5,233,14,8,mom
2009-01-01_to_2012-01-01,2009-01-01,2012-01-01,"hml,smb,mom",mkt,14,5,233,14,9,smb
2009-01-01_to_2012-01-01,2009-01-01,2012-01-01,"hml,smb,mom",mkt,14,5,233,14,10,hml
2009-01-01_to_2012-01-01,2009-01-01,2012-01-01,"hml,smb,mom",mkt,14,5,233,14,11,smb
2009-01-01_to_2012-01-01,2009-01-01,2012-01-01,"hml,smb,mom",mkt,14,5,233,14,12,hml
2009-01-01_to_2012-01-01,2009-01-01,2012-01-01,"hml,smb,mom",mkt,14,5,233,14,13,mom
2009-01-01_to_2012-01-01,2009-01-01,2012-01-01,"hml,smb,mom",mkt,14,5,233,14,14,smb
2009-01-01_to_2012-01-01,2009-01-01,2012-01-01,"hml,smb,mom",mkt,14,5,234,13,1,mom
2009-01-01_to_2012-01-01,2009-01-01,2012-01-01,"hml,smb,mom",mkt,14,5,234,13,2,mom
2009-01-01_to_2012-01-01,2009-01-01,2012-01-01,"hml,smb,mom",mkt,14,5,234,13,3,mom
2009-01-01_to_2012-01-01,2009-01-01,2012-01-01,"hml,smb,mom",mkt,14,5,234,13,4,mom
2009-01-01_to_2012-01-01,2009-01-01,2012-01-01,"hml,smb,mom",mkt,14,5,234,13,5,mom
2009-01-01_to_2012-01-01,2009-01-01,2012-01-01,"hml,smb,mom",mkt,14,5,234,13,6,smb
2009-01-01_to_2012-01-01,2009-01-01,2012-01-01,"hml,smb,mom",mkt,14,5,234,13,7,smb
2009-01-01_to_2012-01-01,2009-01-01,2012-01-01,"hml,smb,mom",mkt,14,5,234,13,8,mom
2009-01-01_to_2012-01-01,2009-01-01,2012-01-01,"hml,smb,mom",mkt,14,5,234,13,9,smb
2009-01-01_to_2012-01-01,2009-01-01,2012-01-01,"hml,smb,mom",mkt,14,5,234,13,10,hml
2009-01-01_to_2012-01-01,2009-01-01,2012-01-01,"hml,smb,mom",mkt,14,5,234,13,11,smb
2009-01-01_to_2012-01-01,2009-01-01,2012-01-01,"hml,smb,mom",mkt,14,5,234,13,12,hml
2009-01-01_to_2012-01-01,2009-01-01,2012-01-01,"hml,smb,mom",mkt,14,5,234,13,13,mom
2009-01-01_to_2012-01-01,2009-01-01,2012-01-01,"hml,smb,mom",mkt,14,5,235,12,1,mom
2009-01-01_to_2012-01-01,2009-01-01,2012-01-01,"hml,smb,mom",mkt,14,5,235,12,2,mom
2009-01-01_to_2012-01-01,2009-01-01,2012-01-01,"hml,smb,mom",mkt,14,5,235,12,3,mom
2009-01-01_to_2012-01-01,2009-01-01,2012-01-01,"hml,smb,mom",mkt,14,5,235,12,4,mom
2009-01-01_to_2012-01-01,2009-01-01,2012-01-01,"hml,smb,mom",mkt,14,5,235,12,5,mom
2009-01-01_to_2012-01-01,2009-01-01,2012-01-01,"hml,smb,mom",mkt,14,5,235,12,6,smb
2009-01-01_to_2012-01-01,2009-01-01,2012-01-01,"hml,smb,mom",mkt,14,5,235,12,7,smb
2009-01-01_to_2012-01-01,2009-01-01,2012-01-01,"hml,smb,mom",mkt,14,5,235,12,8,mom
2009-01-01_to_2012-01-01,2009-01-01,2012-01-01,"hml,smb,mom",mkt,14,5,235,12,9,smb
2009-01-01_to_2012-01-01,2009-01-01,2012-01-01,"hml,smb,mom",mkt,14,5,235,12,10,hml
2009-01-01_to_2012-01-01,2009-01-01,2012-01-01,"hml,smb,mom",mkt,14,5,235,12,11,smb
2009-01-01_to_2012-01-01,2009-01-01,2012-01-01,"hml,smb,mom",mkt,14,5,235,12,12,hml
2009-01-01_to_2012-01-01,2009-01-01,2012-01-01,"hml,smb,mom",mkt,14,5,237,12,1,mom
2009-01-01_to_2012-01-01,2009-01-01,2012-01-01,"hml,smb,mom",mkt,14,5,237,12,2,mom
2009-01-01_to_2012-01-01,2009-01-01,2012-01-01,"hml,smb,mom",mkt,14,5,237,12,3,mom
2009-01-01_to_2012-01-01,2009-01-01,2012-01-01,"hml,smb,mom",mkt,14,5,237,12,4,mom
2009-01-01_to_2012-01-01,2009-01-01,2012-01-01,"hml,smb,mom",mkt,14,5,237,12,5,mom
2009-01-01_to_2012-01-01,2009-01-01,2012-01-01,"hml,smb,mom",mkt,14,5,237,12,6,smb
2009-01-01_to_2012-01-01,2009-01-01,2012-01-01,"hml,smb,mom",mkt,14,5,237,12,7,smb
2009-01-01_to_2012-01-01,2009-01-01,2012-01-01,"hml,smb,mom",mkt,14,5,237,12,8,mom
2009-01-01_to_2012-01-01,2009-01-01,2012-01-01,"hml,smb,mom",mkt,14,5,237,12,9,smb
2009-01-01_to_2012-01-01,2009-01-01,2012-01-01,"hml,smb,mom",mkt,14,5,237,12,10,hml
2009-01-01_to_2012-01-01,2009-01-01,2012-01-01,"hml,smb,mom",mkt,14,5,237,12,11,smb
2009-01-01_to_2012-01-01,2009-01-01,2012-01-01,"hml,smb,mom",mkt,14,5,237,12,12,smb
2009-01-01_to_2012-01-01,2009-01-01,2012-01-01,"hml,smb,mom",mkt,14,5,238,12,1,mom
2009-01-01_to_2012-01-01,2009-01-01,2012-01-01,"hml,smb,mom",mkt,14,5,238,12,2,mom
2009-01-01_to_2012-01-01,2009-01-01,2012-01-01,"hml,smb,mom",mkt,14,5,238,12,3,mom
2009-01-01_to_2012-01-01,2009-01-01,2012-01-01,"hml,smb,mom",mkt,14,5,238,12,4,mom
2009-01-01_to_2012-01-01,2009-01-01,2012-01-01,"hml,smb,mom",mkt,14,5,238,12,5,mom
2009-01-01_to_2012-01-01,2009-01-01,2012-01-01,"hml,smb,mom",mkt,14,5,238,12,6,smb
2009-01-01_to_2012-01-01,2009-01-01,2012-01-01,"hml,smb,mom",mkt,14,5,238,12,7,smb
2009-01-01_to_2012-01-01,2009-01-01,2012-01-01,"hml,smb,mom",mkt,14,5,238,12,8,mom
2009-01-01_to_2012-01-01,2009-01-01,2012-01-01,"hml,smb,mom",mkt,14,5,238,12,9,smb
2009-01-01_to_2012-01-01,2009-01-01,2012-01-01,"hml,smb,mom",mkt,14,5,238,12,10,hml
2009-01-01_to_2012-01-01,2009-01-01,2012-01-01,"hml,smb,mom",mkt,14,5,238,12,11,smb
2009-01-01_to_2012-01-01,2009-01-01,2012-01-01,"hml,smb,mom",mkt,14,5,238,12,12,smb
2009-01-01_to_2012-01-01,2009-01-01,2012-01-01,"hml,smb,mom",mkt,14,5,239,8,1,mom
2009-01-01_to_2012-01-01,2009-01-01,2012-01-01,"hml,smb,mom",mkt,14,5,239,8,2,mom
2009-01-01_to_2012-01-01,2009-01-01,2012-01-01,"hml,smb,mom",mkt,14,5,239,8,3,mom
2009-01-01_to_2012-01-01,2009-01-01,2012-01-01,"hml,smb,mom",mkt,14,5,239,8,4,mom
2009-01-01_to_2012-01-01,2009-01-01,2012-01-01,"hml,smb,mom",mkt,14,5,239,8,5,mom
2009-01-01_to_2012-01-01,2009-01-01,2012-01-01,"hml,smb,mom",mkt,14,5,239,8,6,smb
2009-01-01_to_2012-01-01,2009-01-01,2012-01-01,"hml,smb,mom",mkt,14,5,239,8,7,smb
2009-01-01_to_2012-01-01,2009-01-01,2012-01-01,"hml,smb,mom",mkt,14,5,239,8,8,mom
2009-01-01_to_2012-01-01,2009-01-01,2012-01-01,"hml,smb,mom",mkt,14,5,243,7,1,mom
2009-01-01_to_2012-01-01,2009-01-01,2012-01-01,"hml,smb,mom",mkt,14,5,243,7,2,mom
2009-01-01_to_2012-01-01,2009-01-01,2012-01-01,"hml,smb,mom",mkt,14,5,243,7,3,mom
2009-01-01_to_2012-01-01,2009-01-01,2012-01-01,"hml,smb,mom",mkt,14,5,243,7,4,mom
2009-01-01_to_2012-01-01,2009-01-01,2012-01-01,"hml,smb,mom",mkt,14,5,243,7,5,mom
2009-01-01_to_2012-01-01,2009-01-01,2012-01-01,"hml,smb,mom",mkt,14,5,243,7,6,mom
2009-01-01_to_2012-01-01,2009-01-01,2012-01-01,"hml,smb,mom",mkt,14,5,243,7,7,smb
2009-01-01_to_2012-01-01,2009-01-01,2012-01-01,"hml,smb,mom",mkt,14,5,247,10,1,mom
2009-01-01_to_2012-01-01,2009-01-01,2012-01-01,"hml,smb,mom",mkt,14,5,247,10,2,mom
2009-01-01_to_2012-01-01,2009-01-01,2012-01-01,"hml,smb,mom",mkt,14,5,247,10,3,mom
2009-01-01_to_2012-01-01,2009-01-01,2012-01-01,"hml,smb,mom",mkt,14,5,247,10,4,mom
2009-01-01_to_2012-01-01,2009-01-01,2012-01-01,"hml,smb,mom",mkt,14,5,247,10,5,mom
2009-01-01_to_2012-01-01,2009-01-01,2012-01-01,"hml,smb,mom",mkt,14,5,247,10,6,mom
2009-01-01_to_2012-01-01,2009-01-01,2012-01-01,"hml,smb,mom",mkt,14,5,247,10,7,smb
2009-01-01_to_2012-01-01,2009-01-01,2012-01-01,"hml,smb,mom",mkt,14,5,247,10,8,smb
2009-01-01_to_2012-01-01,2009-01-01,2012-01-01,"hml,smb,mom",mkt,14,5,247,10,9,smb
2009-01-01_to_2012-01-01,2009-01-01,2012-01-01,"hml,smb,mom",mkt,14,5,247,10,10,hml
2009-01-01_to_2012-01-01,2009-01-01,2012-01-01,"hml,smb,mom",mkt,14,5,248,10,1,mom
2009-01-01_to_2012-01-01,2009-01-01,2012-01-01,"hml,smb,mom",mkt,14,5,248,10,2,mom
2009-01-01_to_2012-01-01,2009-01-01,2012-01-01,"hml,smb,mom",mkt,14,5,248,10,3,mom
2009-01-01_to_2012-01-01,2009-01-01,2012-01-01,"hml,smb,mom",mkt,14,5,248,10,4,mom
2009-01-01_to_2012-01-01,2009-01-01,2012-01-01,"hml,smb,mom",mkt,14,5,248,10,5,mom
2009-01-01_to_2012-01-01,2009-01-01,2012-01-01,"hml,smb,mom",mkt,14,5,248,10,6,mom
2009-01-01_to_2012-01-01,2009-01-01,2012-01-01,"hml,smb,mom",mkt,14,5,248,10,7,smb
2009-01-01_to_2012-01-01,2009-01-01,2012-01-01,"hml,smb,mom",mkt,14,5,248,10,8,smb
2009-01-01_to_2012-01-01,2009-01-01,2012-01-01,"hml,smb,mom",mkt,14,5,248,10,9,smb
2009-01-01_to_2012-01-01,2009-01-01,2012-01-01,"hml,smb,mom",mkt,14,5,248,10,10,hml
2009-01-01_to_2012-01-01,2009-01-01,2012-01-01,"hml,smb,mom",mkt,14,5,250,10,1,mom
2009-01-01_to_2012-01-01,2009-01-01,2012-01-01,"hml,smb,mom",mkt,14,5,250,10,2,mom
2009-01-01_to_2012-01-01,2009-01-01,2012-01-01,"hml,smb,mom",mkt,14,5,250,10,3,mom
2009-01-01_to_2012-01-01,2009-01-01,2012-01-01,"hml,smb,mom",mkt,14,5,250,10,4,mom
2009-01-01_to_2012-01-01,2009-01-01,2012-01-01,"hml,smb,mom",mkt,14,5,250,10,5,mom
2009-01-01_to_2012-01-01,2009-01-01,2012-01-01,"hml,smb,mom",mkt,14,5,250,10,6,mom
2009-01-01_to_2012-01-01,2009-01-01,2012-01-01,"hml,smb,mom",mkt,14,5,250,10,7,smb
2009-01-01_to_2012-01-01,2009-01-01,2012-01-01,"hml,smb,mom",mkt,14,5,250,10,8,smb
2009-01-01_to_2012-01-01,2009-01-01,2012-01-01,"hml,smb,mom",mkt,14,5,250,10,9,smb
2009-01-01_to_2012-01-01,2009-01-01,2012-01-01,"hml,smb,mom",mkt,14,5,250,10,10,hml
2009-01-01_to_2012-01-01,2009-01-01,2012-01-01,"hml,smb,mom",mkt,14,5,251,10,1,mom
2009-01-01_to_2012-01-01,2009-01-01,2012-01-01,"hml,smb,mom",mkt,14,5,251,10,2,mom
2009-01-01_to_2012-01-01,2009-01-01,2012-01-01,"hml,smb,mom",mkt,14,5,251,10,3,mom
2009-01-01_to_2012-01-01,2009-01-01,2012-01-01,"hml,smb,mom",mkt,14,5,251,10,4,mom
2009-01-01_to_2012-01-01,2009-01-01,2012-01-01,"hml,smb,mom",mkt,14,5,251,10,5,mom
2009-01-01_to_2012-01-01,2009-01-01,2012-01-01,"hml,smb,mom",mkt,14,5,251,10,6,mom
2009-01-01_to_2012-01-01,2009-01-01,2012-01-01,"hml,smb,mom",mkt,14,5,251,10,7,smb
2009-01-01_to_2012-01-01,2009-01-01,2012-01-01,"hml,smb,mom",mkt,14,5,251,10,8,smb
2009-01-01_to_2012-01-01,2009-01-01,2012-01-01,"hml,smb,mom",mkt,14,5,251,10,9,smb
2009-01-01_to_2012-01-01,2009-01-01,2012-01-01,"hml,smb,mom",mkt,14,5,251,10,10,hml
2009-01-01_to_2012-01-01,2009-01-01,2012-01-01,"hml,smb,mom",mkt,14,5,252,8,1,mom
2009-01-01_to_2012-01-01,2009-01-01,2012-01-01,"hml,smb,mom",mkt,14,5,252,8,2,mom
2009-01-01_to_2012-01-01,2009-01-01,2012-01-01,"hml,smb,mom",mkt,14,5,252,8,3,mom
2009-01-01_to_2012-01-01,2009-01-01,2012-01-01,"hml,smb,mom",mkt,14,5,252,8,4,mom
2009-01-01_to_2012-01-01,2009-01-01,2012-01-01,"hml,smb,mom",mkt,14,5,252,8,5,mom
2009-01-01_to_2012-01-01,2009-01-01,2012-01-01,"hml,smb,mom",mkt,14,5,252,8,6,mom
2009-01-01_to_2012-01-01,2009-01-01,2012-01-01,"hml,smb,mom",mkt,14,5,252,8,7,smb
2009-01-01_to_2012-01-01,2009-01-01,2012-01-01,"hml,smb,mom",mkt,14,5,252,8,8,smb
2009-01-01_to_2012-01-01,2009-01-01,2012-01-01,"hml,smb,mom",mkt,14,5,255,8,1,mom
2009-01-01_to_2012-01-01,2009-01-01,2012-01-01,"hml,smb,mom",mkt,14,5,255,8,2,mom
2009-01-01_to_2012-01-01,2009-01-01,2012-01-01,"hml,smb,mom",mkt,14,5,255,8,3,mom
2009-01-01_to_2012-01-01,2009-01-01,2012-01-01,"hml,smb,mom",mkt,14,5,255,8,4,mom
2009-01-01_to_2012-01-01,2009-01-01,2012-01-01,"hml,smb,mom",mkt,14,5,255,8,5,mom
2009-01-01_to_2012-01-01,2009-01-01,2012-01-01,"hml,smb,mom",mkt,14,5,255,8,6,mom
2009-01-01_to_2012-01-01,2009-01-01,2012-01-01,"hml,smb,mom",mkt,14,5,255,8,7,smb
2009-01-01_to_2012-01-01,2009-01-01,2012-01-01,"hml,smb,mom",mkt,14,5,255,8,8,hml
2009-01-01_to_2012-01-01,2009-01-01,2012-01-01,"hml,smb,mom",mkt,14,5,256,8,1,mom
2009-01-01_to_2012-01-01,2009-01-01,2012-01-01,"hml,smb,mom",mkt,14,5,256,8,2,mom
2009-01-01_to_2012-01-01,2009-01-01,2012-01-01,"hml,smb,mom",mkt,14,5,256,8,3,mom
2009-01-01_to_2012-01-01,2009-01-01,2012-01-01,"hml,smb,mom",mkt,14,5,256,8,4,mom
2009-01-01_to_2012-01-01,2009-01-01,2012-01-01,"hml,smb,mom",mkt,14,5,256,8,5,mom
2009-01-01_to_2012-01-01,2009-01-01,2012-01-01,"hml,smb,mom",mkt,14,5,256,8,6,mom
2009-01-01_to_2012-01-01,2009-01-01,2012-01-01,"hml,smb,mom",mkt,14,5,256,8,7,smb
2009-01-01_to_2012-01-01,2009-01-01,2012-01-01,"hml,smb,mom",mkt,14,5,256,8,8,hml
2009-01-01_to_2012-01-01,2009-01-01,2012-01-01,"hml,smb,mom",mkt,14,5,260,10,1,mom
2009-01-01_to_2012-01-01,2009-01-01,2012-01-01,"hml,smb,mom",mkt,14,5,260,10,2,mom
2009-01-01_to_2012-01-01,2009-01-01,2012-01-01,"hml,smb,mom",mkt,14,5,260,10,3,mom
2009-01-01_to_2012-01-01,2009-01-01,2012-01-01,"hml,smb,mom",mkt,14,5,260,10,4,mom
2009-01-01_to_2012-01-01,2009-01-01,2012-01-01,"hml,smb,mom",mkt,14,5,260,10,5,mom
2009-01-01_to_2012-01-01,2009-01-01,2012-01-01,"hml,smb,mom",mkt,14,5,260,10,6,mom
2009-01-01_to_2012-01-01,2009-01-01,2012-01-01,"hml,smb,mom",mkt,14,5,260,10,7,smb
2009-01-01_to_2012-01-01,2009-01-01,2012-01-01,"hml,smb,mom",mkt,14,5,260,10,8,smb
2009-01-01_to_2012-01-01,2009-01-01,2012-01-01,"hml,smb,mom",mkt,14,5,260,10,9,hml
2009-01-01_to_2012-01-01,2009-01-01,2012-01-01,"hml,smb,mom",mkt,14,5,260,10,10,smb
2009-01-01_to_2012-01-01,2009-01-01,2012-01-01,"hml,smb,mom",mkt,14,5,261,10,1,mom
2009-01-01_to_2012-01-01,2009-01-01,2012-01-01,"hml,smb,mom",mkt,14,5,261,10,2,mom
2009-01-01_to_2012-01-01,2009-01-01,2012-01-01,"hml,smb,mom",mkt,14,5,261,10,3,mom
2009-01-01_to_2012-01-01,2009-01-01,2012-01-01,"hml,smb,mom",mkt,14,5,261,10,4,mom
2009-01-01_to_2012-01-01,2009-01-01,2012-01-01,"hml,smb,mom",mkt,14,5,261,10,5,mom
2009-01-01_to_2012-01-01,2009-01-01,2012-01-01,"hml,smb,mom",mkt,14,5,261,10,6,mom
2009-01-01_to_2012-01-01,2009-01-01,2012-01-01,"hml,smb,mom",mkt,14,5,261,10,7,smb
2009-01-01_to_2012-01-01,2009-01-01,2012-01-01,"hml,smb,mom",mkt,14,5,261,10,8,smb
2009-01-01_to_2012-01-01,2009-01-01,2012-01-01,"hml,smb,mom",mkt,14,5,261,10,9,hml
2009-01-01_to_2012-01-01,2009-01-01,2012-01-01,"hml,smb,mom",mkt,14,5,261,10,10,smb
2009-01-01_to_2012-01-01,2009-01-01,2012-01-01,"hml,smb,mom",mkt,14,5,263,10,1,mom
2009-01-01_to_2012-01-01,2009-01-01,2012-01-01,"hml,smb,mom",mkt,14,5,263,10,2,mom
2009-01-01_to_2012-01-01,2009-01-01,2012-01-01,"hml,smb,mom",mkt,14,5,263,10,3,mom
2009-01-01_to_2012-01-01,2009-01-01,2012-01-01,"hml,smb,mom",mkt,14,5,263,10,4,mom
2009-01-01_to_2012-01-01,2009-01-01,2012-01-01,"hml,smb,mom",mkt,14,5,263,10,5,mom
2009-01-01_to_2012-01-01,2009-01-01,2012-01-01,"hml,smb,mom",mkt,14,5,263,10,6,mom
2009-01-01_to_2012-01-01,2009-01-01,2012-01-01,"hml,smb,mom",mkt,14,5,263,10,7,smb
2009-01-01_to_2012-01-01,2009-01-01,2012-01-01,"hml,smb,mom",mkt,14,5,263,10,8,smb
2009-01-01_to_2012-01-01,2009-01-01,2012-01-01,"hml,smb,mom",mkt,14,5,263,10,9,hml
2009-01-01_to_2012-01-01,2009-01-01,2012-01-01,"hml,smb,mom",mkt,14,5,263,10,10,mom
2009-01-01_to_2012-01-01,2009-01-01,2012-01-01,"hml,smb,mom",mkt,14,5,264,10,1,mom
2009-01-01_to_2012-01-01,2009-01-01,2012-01-01,"hml,smb,mom",mkt,14,5,264,10,2,mom
2009-01-01_to_2012-01-01,2009-01-01,2012-01-01,"hml,smb,mom",mkt,14,5,264,10,3,mom
2009-01-01_to_2012-01-01,2009-01-01,2012-01-01,"hml,smb,mom",mkt,14,5,264,10,4,mom
2009-01-01_to_2012-01-01,2009-01-01,2012-01-01,"hml,smb,mom",mkt,14,5,264,10,5,mom
2009-01-01_to_2012-01-01,2009-01-01,2012-01-01,"hml,smb,mom",mkt,14,5,264,10,6,mom
2009-01-01_to_2012-01-01,2009-01-01,2012-01-01,"hml,smb,mom",mkt,14,5,264,10,7,smb
2009-01-01_to_2012-01-01,2009-01-01,2012-01-01,"hml,smb,mom",mkt,14,5,264,10,8,smb
2009-01-01_to_2012-01-01,2009-01-01,2012-01-01,"hml,smb,mom",mkt,14,5,264,10,9,hml
2009-01-01_to_2012-01-01,2009-01-01,2012-01-01,"hml,smb,mom",mkt,14,5,264,10,10,mom
2009-01-01_to_2012-01-01,2009-01-01,2012-01-01,"hml,smb,mom",mkt,14,5,267,10,1,mom
2009-01-01_to_2012-01-01,2009-01-01,2012-01-01,"hml,smb,mom",mkt,14,5,267,10,2,mom
2009-01-01_to_2012-01-01,2009-01-01,2012-01-01,"hml,smb,mom",mkt,14,5,267,10,3,mom
2009-01-01_to_2012-01-01,2009-01-01,2012-01-01,"hml,smb,mom",mkt,14,5,267,10,4,mom
2009-01-01_to_2012-01-01,2009-01-01,2012-01-01,"hml,smb,mom",mkt,14,5,267,10,5,mom
2009-01-01_to_2012-01-01,2009-01-01,2012-01-01,"hml,smb,mom",mkt,14,5,267,10,6,mom
2009-01-01_to_2012-01-01,2009-01-01,2012-01-01,"hml,smb,mom",mkt,14,5,267,10,7,smb
2009-01-01_to_2012-01-01,2009-01-01,2012-01-01,"hml,smb,mom",mkt,14,5,267,10,8,smb
2009-01-01_to_2012-01-01,2009-01-01,2012-01-01,"hml,smb,mom",mkt,14,5,267,10,9,smb
2009-01-01_to_2012-01-01,2009-01-01,2012-01-01,"hml,smb,mom",mkt,14,5,267,10,10,mom
2009-01-01_to_2012-01-01,2009-01-01,2012-01-01,"hml,smb,mom",mkt,14,5,268,10,1,mom
2009-01-01_to_2012-01-01,2009-01-01,2012-01-01,"hml,smb,mom",mkt,14,5,268,10,2,mom
2009-01-01_to_2012-01-01,2009-01-01,2012-01-01,"hml,smb,mom",mkt,14,5,268,10,3,mom
2009-01-01_to_2012-01-01,2009-01-01,2012-01-01,"hml,smb,mom",mkt,14,5,268,10,4,mom
2009-01-01_to_2012-01-01,2009-01-01,2012-01-01,"hml,smb,mom",mkt,14,5,268,10,5,mom
2009-01-01_to_2012-01-01,2009-01-01,2012-01-01,"hml,smb,mom",mkt,14,5,268,10,6,mom
2009-01-01_to_2012-01-01,2009-01-01,2012-01-01,"hml,smb,mom",mkt,14,5,268,10,7,smb
2009-01-01_to_2012-01-01,2009-01-01,2012-01-01,"hml,smb,mom",mkt,14,5,268,10,8,smb
2009-01-01_to_2012-01-01,2009-01-01,2012-01-01,"hml,smb,mom",mkt,14,5,268,10,9,smb
2009-01-01_to_2012-01-01,2009-01-01,2012-01-01,"hml,smb,mom",mkt,14,5,268,10,10,mom
2009-01-01_to_2012-01-01,2009-01-01,2012-01-01,"hml,smb,mom",mkt,14,5,270,10,1,mom
2009-01-01_to_2012-01-01,2009-01-01,2012-01-01,"hml,smb,mom",mkt,14,5,270,10,2,mom
2009-01-01_to_2012-01-01,2009-01-01,2012-01-01,"hml,smb,mom",mkt,14,5,270,10,3,mom
2009-01-01_to_2012-01-01,2009-01-01,2012-01-01,"hml,smb,mom",mkt,14,5,270,10,4,mom
2009-01-01_to_2012-01-01,2009-01-01,2012-01-01,"hml,smb,mom",mkt,14,5,270,10,5,mom
2009-01-01_to_2012-01-01,2009-01-01,2012-01-01,"hml,smb,mom",mkt,14,5,270,10,6,mom
2009-01-01_to_2012-01-01,2009-01-01,2012-01-01,"hml,smb,mom",mkt,14,5,270,10,7,smb
2009-01-01_to_2012-01-01,2009-01-01,2012-01-01,"hml,smb,mom",mkt,14,5,270,10,8,smb
2009-01-01_to_2012-01-01,2009-01-01,2012-01-01,"hml,smb,mom",mkt,14,5,270,10,9,smb
2009-01-01_to_2012-01-01,2009-01-01,2012-01-01,"hml,smb,mom",mkt,14,5,270,10,10,smb
2009-01-01_to_2012-01-01,2009-01-01,2012-01-01,"hml,smb,mom",mkt,14,5,272,11,1,mom
2009-01-01_to_2012-01-01,2009-01-01,2012-01-01,"hml,smb,mom",mkt,14,5,272,11,2,mom
2009-01-01_to_2012-01-01,2009-01-01,2012-01-01,"hml,smb,mom",mkt,14,5,272,11,3,mom
2009-01-01_to_2012-01-01,2009-01-01,2012-01-01,"hml,smb,mom",mkt,14,5,272,11,4,mom
2009-01-01_to_2012-01-01,2009-01-01,2012-01-01,"hml,smb,mom",mkt,14,5,272,11,5,mom
2009-01-01_to_2012-01-01,2009-01-01,2012-01-01,"hml,smb,mom",mkt,14,5,272,11,6,mom
2009-01-01_to_2012-01-01,2009-01-01,2012-01-01,"hml,smb,mom",mkt,14,5,272,11,7,smb
2009-01-01_to_2012-01-01,2009-01-01,2012-01-01,"hml,smb,mom",mkt,14,5,272,11,8,smb
2009-01-01_to_2012-01-01,2009-01-01,2012-01-01,"hml,smb,mom",mkt,14,5,272,11,9,smb
2009-01-01_to_2012-01-01,2009-01-01,2012-01-01,"hml,smb,mom",mkt,14,5,272,11,10,smb
2009-01-01_to_2012-01-01,2009-01-01,2012-01-01,"hml,smb,mom",mkt,14,5,272,11,11,smb
2009-01-01_to_2012-01-01,2009-01-01,2012-01-01,"hml,smb,mom",mkt,14,5,273,11,1,mom
2009-01-01_to_2012-01-01,2009-01-01,2012-01-01,"hml,smb,mom",mkt,14,5,273,11,2,mom
2009-01-01_to_2012-01-01,2009-01-01,2012-01-01,"hml,smb,mom",mkt,14,5,273,11,3,mom
2009-01-01_to_2012-01-01,2009-01-01,2012-01-01,"hml,smb,mom",mkt,14,5,273,11,4,mom
2009-01-01_to_2012-01-01,2009-01-01,2012-01-01,"hml,smb,mom",mkt,14,5,273,11,5,mom
2009-01-01_to_2012-01-01,2009-01-01,2012-01-01,"hml,smb,mom",mkt,14,5,273,11,6,mom
2009-01-01_to_2012-01-01,2009-01-01,2012-01-01,"hml,smb,mom",mkt,14,5,273,11,7,smb
2009-01-01_to_2012-01-01,2009-01-01,2012-01-01,"hml,smb,mom",mkt,14,5,273,11,8,smb
2009-01-01_to_2012-01-01,2009-01-01,2012-01-01,"hml,smb,mom",mkt,14,5,273,11,9,smb
2009-01-01_to_2012-01-01,2009-01-01,2012-01-01,"hml,smb,mom",mkt,14,5,273,11,10,smb
2009-01-01_to_2012-01-01,2009-01-01,2012-01-01,"hml,smb,mom",mkt,14,5,273,11,11,smb
2009-01-01_to_2012-01-01,2009-01-01,2012-01-01,"hml,smb,mom",mkt,14,5,275,6,1,mom
2009-01-01_to_2012-01-01,2009-01-01,2012-01-01,"hml,smb,mom",mkt,14,5,275,6,2,mom
2009-01-01_to_2012-01-01,2009-01-01,2012-01-01,"hml,smb,mom",mkt,14,5,275,6,3,mom
2009-01-01_to_2012-01-01,2009-01-01,2012-01-01,"hml,smb,mom",mkt,14,5,275,6,4,mom
2009-01-01_to_2012-01-01,2009-01-01,2012-01-01,"hml,smb,mom",mkt,14,5,275,6,5,mom
2009-01-01_to_2012-01-01,2009-01-01,2012-01-01,"hml,smb,mom",mkt,14,5,275,6,6,hml
2009-01-01_to_2012-01-01,2009-01-01,2012-01-01,"hml,smb,mom",mkt,14,5,277,7,1,mom
2009-01-01_to_2012-01-01,2009-01-01,2012-01-01,"hml,smb,mom",mkt,14,5,277,7,2,mom
2009-01-01_to_2012-01-01,2009-01-01,2012-01-01,"hml,smb,mom",mkt,14,5,277,7,3,mom
2009-01-01_to_2012-01-01,2009-01-01,2012-01-01,"hml,smb,mom",mkt,14,5,277,7,4,mom
2009-01-01_to_2012-01-01,2009-01-01,2012-01-01,"hml,smb,mom",mkt,14,5,277,7,5,mom
2009-01-01_to_2012-01-01,2009-01-01,2012-01-01,"hml,smb,mom",mkt,14,5,277,7,6,hml
2009-01-01_to_2012-01-01,2009-01-01,2012-01-01,"hml,smb,mom",mkt,14,5,277,7,7,hml
2009-01-01_to_2012-01-01,2009-01-01,2012-01-01,"hml,smb,mom",mkt,14,5,280,9,1,mom
2009-01-01_to_2012-01-01,2009-01-01,2012-01-01,"hml,smb,mom",mkt,14,5,280,9,2,mom
2009-01-01_to_2012-01-01,2009-01-01,2012-01-01,"hml,smb,mom",mkt,14,5,280,9,3,mom
2009-01-01_to_2012-01-01,2009-01-01,2012-01-01,"hml,smb,mom",mkt,14,5,280,9,4,mom
2009-01-01_to_2012-01-01,2009-01-01,2012-01-01,"hml,smb,mom",mkt,14,5,280,9,5,mom
2009-01-01_to_2012-01-01,2009-01-01,2012-01-01,"hml,smb,mom",mkt,14,5,280,9,6,hml
2009-01-01_to_2012-01-01,2009-01-01,2012-01-01,"hml,smb,mom",mkt,14,5,280,9,7,hml
2009-01-01_to_2012-01-01,2009-01-01,2012-01-01,"hml,smb,mom",mkt,14,5,280,9,8,hml
2009-01-01_to_2012-01-01,2009-01-01,2012-01-01,"hml,smb,mom",mkt,14,5,280,9,9,hml
2009-01-01_to_2012-01-01,2009-01-01,2012-01-01,"hml,smb,mom",mkt,14,5,281,9,1,mom
2009-01-01_to_2012-01-01,2009-01-01,2012-01-01,"hml,smb,mom",mkt,14,5,281,9,2,mom
2009-01-01_to_2012-01-01,2009-01-01,2012-01-01,"hml,smb,mom",mkt,14,5,281,9,3,mom
2009-01-01_to_2012-01-01,2009-01-01,2012-01-01,"hml,smb,mom",mkt,14,5,281,9,4,mom
2009-01-01_to_2012-01-01,2009-01-01,2012-01-01,"hml,smb,mom",mkt,14,5,281,9,5,mom
2009-01-01_to_2012-01-01,2009-01-01,2012-01-01,"hml,smb,mom",mkt,14,5,281,9,6,hml
2009-01-01_to_2012-01-01,2009-01-01,2012-01-01,"hml,smb,mom",mkt,14,5,281,9,7,hml
2009-01-01_to_2012-01-01,2009-01-01,2012-01-01,"hml,smb,mom",mkt,14,5,281,9,8,hml
2009-01-01_to_2012-01-01,2009-01-01,2012-01-01,"hml,smb,mom",mkt,14,5,281,9,9,hml
2009-01-01_to_2012-01-01,2009-01-01,2012-01-01,"hml,smb,mom",mkt,14,5,283,9,1,mom
2009-01-01_to_2012-01-01,2009-01-01,2012-01-01,"hml,smb,mom",mkt,14,5,283,9,2,mom
2009-01-01_to_2012-01-01,2009-01-01,2012-01-01,"hml,smb,mom",mkt,14,5,283,9,3,mom
2009-01-01_to_2012-01-01,2009-01-01,2012-01-01,"hml,smb,mom",mkt,14,5,283,9,4,mom
2009-01-01_to_2012-01-01,2009-01-01,2012-01-01,"hml,smb,mom",mkt,14,5,283,9,5,mom
2009-01-01_to_2012-01-01,2009-01-01,2012-01-01,"hml,smb,mom",mkt,14,5,283,9,6,hml
2009-01-01_to_2012-01-01,2009-01-01,2012-01-01,"hml,smb,mom",mkt,14,5,283,9,7,hml
2009-01-01_to_2012-01-01,2009-01-01,2012-01-01,"hml,smb,mom",mkt,14,5,283,9,8,hml
2009-01-01_to_2012-01-01,2009-01-01,2012-01-01,"hml,smb,mom",mkt,14,5,283,9,9,smb
2009-01-01_to_2012-01-01,2009-01-01,2012-01-01,"hml,smb,mom",mkt,14,5,285,10,1,mom
2009-01-01_to_2012-01-01,2009-01-01,2012-01-01,"hml,smb,mom",mkt,14,5,285,10,2,mom
2009-01-01_to_2012-01-01,2009-01-01,2012-01-01,"hml,smb,mom",mkt,14,5,285,10,3,mom
2009-01-01_to_2012-01-01,2009-01-01,2012-01-01,"hml,smb,mom",mkt,14,5,285,10,4,mom
2009-01-01_to_2012-01-01,2009-01-01,2012-01-01,"hml,smb,mom",mkt,14,5,285,10,5,mom
2009-01-01_to_2012-01-01,2009-01-01,2012-01-01,"hml,smb,mom",mkt,14,5,285,10,6,hml
2009-01-01_to_2012-01-01,2009-01-01,2012-01-01,"hml,smb,mom",mkt,14,5,285,10,7,hml
2009-01-01_to_2012-01-01,2009-01-01,2012-01-01,"hml,smb,mom",mkt,14,5,285,10,8,hml
2009-01-01_to_2012-01-01,2009-01-01,2012-01-01,"hml,smb,mom",mkt,14,5,285,10,9,smb
2009-01-01_to_2012-01-01,2009-01-01,2012-01-01,"hml,smb,mom",mkt,14,5,285,10,10,smb
2009-01-01_to_2012-01-01,2009-01-01,2012-01-01,"hml,smb,mom",mkt,14,5,286,10,1,mom
2009-01-01_to_2012-01-01,2009-01-01,2012-01-01,"hml,smb,mom",mkt,14,5,286,10,2,mom
2009-01-01_to_2012-01-01,2009-01-01,2012-01-01,"hml,smb,mom",mkt,14,5,286,10,3,mom
2009-01-01_to_2012-01-01,2009-01-01,2012-01-01,"hml,smb,mom",mkt,14,5,286,10,4,mom
2009-01-01_to_2012-01-01,2009-01-01,2012-01-01,"hml,smb,mom",mkt,14,5,286,10,5,mom
2009-01-01_to_2012-01-01,2009-01-01,2012-01-01,"hml,smb,mom",mkt,14,5,286,10,6,hml
2009-01-01_to_2012-01-01,2009-01-01,2012-01-01,"hml,smb,mom",mkt,14,5,286,10,7,hml
2009-01-01_to_2012-01-01,2009-01-01,2012-01-01,"hml,smb,mom",mkt,14,5,286,10,8,hml
2009-01-01_to_2012-01-01,2009-01-01,2012-01-01,"hml,smb,mom",mkt,14,5,286,10,9,smb
2009-01-01_to_2012-01-01,2009-01-01,2012-01-01,"hml,smb,mom",mkt,14,5,286,10,10,smb
2009-01-01_to_2012-01-01,2009-01-01,2012-01-01,"hml,smb,mom",mkt,14,5,291,7,1,mom
2009-01-01_to_2012-01-01,2009-01-01,2012-01-01,"hml,smb,mom",mkt,14,5,291,7,2,mom
2009-01-01_to_2012-01-01,2009-01-01,2012-01-01,"hml,smb,mom",mkt,14,5,291,7,3,mom
2009-01-01_to_2012-01-01,2009-01-01,2012-01-01,"hml,smb,mom",mkt,14,5,291,7,4,mom
2009-01-01_to_2012-01-01,2009-01-01,2012-01-01,"hml,smb,mom",mkt,14,5,291,7,5,mom
2009-01-01_to_2012-01-01,2009-01-01,2012-01-01,"hml,smb,mom",mkt,14,5,291,7,6,smb
2009-01-01_to_2012-01-01,2009-01-01,2012-01-01,"hml,smb,mom",mkt,14,5,291,7,7,smb
2009-01-01_to_2012-01-01,2009-01-01,2012-01-01,"hml,smb,mom",mkt,14,5,292,7,1,mom
2009-01-01_to_2012-01-01,2009-01-01,2012-01-01,"hml,smb,mom",mkt,14,5,292,7,2,mom
2009-01-01_to_2012-01-01,2009-01-01,2012-01-01,"hml,smb,mom",mkt,14,5,292,7,3,mom
2009-01-01_to_2012-01-01,2009-01-01,2012-01-01,"hml,smb,mom",mkt,14,5,292,7,4,mom
2009-01-01_to_2012-01-01,2009-01-01,2012-01-01,"hml,smb,mom",mkt,14,5,292,7,5,mom
2009-01-01_to_2012-01-01,2009-01-01,2012-01-01,"hml,smb,mom",mkt,14,5,292,7,6,smb
2009-01-01_to_2012-01-01,2009-01-01,2012-01-01,"hml,smb,mom",mkt,14,5,292,7,7,smb
2009-01-01_to_2012-01-01,2009-01-01,2012-01-01,"hml,smb,mom",mkt,14,5,295,8,1,mom
2009-01-01_to_2012-01-01,2009-01-01,2012-01-01,"hml,smb,mom",mkt,14,5,295,8,2,mom
2009-01-01_to_2012-01-01,2009-01-01,2012-01-01,"hml,smb,mom",mkt,14,5,295,8,3,mom
2009-01-01_to_2012-01-01,2009-01-01,2012-01-01,"hml,smb,mom",mkt,14,5,295,8,4,mom
2009-01-01_to_2012-01-01,2009-01-01,2012-01-01,"hml,smb,mom",mkt,14,5,295,8,5,mom
2009-01-01_to_2012-01-01,2009-01-01,2012-01-01,"hml,smb,mom",mkt,14,5,295,8,6,smb
2009-01-01_to_2012-01-01,2009-01-01,2012-01-01,"hml,smb,mom",mkt,14,5,295,8,7,hml
2009-01-01_to_2012-01-01,2009-01-01,2012-01-01,"hml,smb,mom",mkt,14,5,295,8,8,hml
2009-01-01_to_2012-01-01,2009-01-01,2012-01-01,"hml,smb,mom",mkt,14,5,296,8,1,mom
2009-01-01_to_2012-01-01,2009-01-01,2012-01-01,"hml,smb,mom",mkt,14,5,296,8,2,mom
2009-01-01_to_2012-01-01,2009-01-01,2012-01-01,"hml,smb,mom",mkt,14,5,296,8,3,mom
2009-01-01_to_2012-01-01,2009-01-01,2012-01-01,"hml,smb,mom",mkt,14,5,296,8,4,mom
2009-01-01_to_2012-01-01,2009-01-01,2012-01-01,"hml,smb,mom",mkt,14,5,296,8,5,mom
2009-01-01_to_2012-01-01,2009-01-01,2012-01-01,"hml,smb,mom",mkt,14,5,296,8,6,smb
2009-01-01_to_2012-01-01,2009-01-01,2012-01-01,"hml,smb,mom",mkt,14,5,296,8,7,hml
2009-01-01_to_2012-01-01,2009-01-01,2012-01-01,"hml,smb,mom",mkt,14,5,296,8,8,hml
2009-01-01_to_2012-01-01,2009-01-01,2012-01-01,"hml,smb,mom",mkt,14,5,299,9,1,mom
2009-01-01_to_2012-01-01,2009-01-01,2012-01-01,"hml,smb,mom",mkt,14,5,299,9,2,mom
2009-01-01_to_2012-01-01,2009-01-01,2012-01-01,"hml,smb,mom",mkt,14,5,299,9,3,mom
2009-01-01_to_2012-01-01,2009-01-01,2012-01-01,"hml,smb,mom",mkt,14,5,299,9,4,mom
2009-01-01_to_2012-01-01,2009-01-01,2012-01-01,"hml,smb,mom",mkt,14,5,299,9,5,mom
2009-01-01_to_2012-01-01,2009-01-01,2012-01-01,"hml,smb,mom",mkt,14,5,299,9,6,smb
2009-01-01_to_2012-01-01,2009-01-01,2012-01-01,"hml,smb,mom",mkt,14,5,299,9,7,hml
2009-01-01_to_2012-01-01,2009-01-01,2012-01-01,"hml,smb,mom",mkt,14,5,299,9,8,smb
2009-01-01_to_2012-01-01,2009-01-01,2012-01-01,"hml,smb,mom",mkt,14,5,299,9,9,mom
2009-01-01_to_2012-01-01,2009-01-01,2012-01-01,"hml,smb,mom",mkt,14,5,301,10,1,mom
2009-01-01_to_2012-01-01,2009-01-01,2012-01-01,"hml,smb,mom",mkt,14,5,301,10,2,mom
2009-01-01_to_2012-01-01,2009-01-01,2012-01-01,"hml,smb,mom",mkt,14,5,301,10,3,mom
2009-01-01_to_2012-01-01,2009-01-01,2012-01-01,"hml,smb,mom",mkt,14,5,301,10,4,mom
2009-01-01_to_2012-01-01,2009-01-01,2012-01-01,"hml,smb,mom",mkt,14,5,301,10,5,mom
2009-01-01_to_2012-01-01,2009-01-01,2012-01-01,"hml,smb,mom",mkt,14,5,301,10,6,smb
2009-01-01_to_2012-01-01,2009-01-01,2012-01-01,"hml,smb,mom",mkt,14,5,301,10,7,hml
2009-01-01_to_2012-01-01,2009-01-01,2012-01-01,"hml,smb,mom",mkt,14,5,301,10,8,smb
2009-01-01_to_2012-01-01,2009-01-01,2012-01-01,"hml,smb,mom",mkt,14,5,301,10,9,mom
2009-01-01_to_2012-01-01,2009-01-01,2012-01-01,"hml,smb,mom",mkt,14,5,301,10,10,smb
2009-01-01_to_2012-01-01,2009-01-01,2012-01-01,"hml,smb,mom",mkt,14,5,302,10,1,mom
2009-01-01_to_2012-01-01,2009-01-01,2012-01-01,"hml,smb,mom",mkt,14,5,302,10,2,mom
2009-01-01_to_2012-01-01,2009-01-01,2012-01-01,"hml,smb,mom",mkt,14,5,302,10,3,mom
2009-01-01_to_2012-01-01,2009-01-01,2012-01-01,"hml,smb,mom",mkt,14,5,302,10,4,mom
2009-01-01_to_2012-01-01,2009-01-01,2012-01-01,"hml,smb,mom",mkt,14,5,302,10,5,mom
2009-01-01_to_2012-01-01,2009-01-01,2012-01-01,"hml,smb,mom",mkt,14,5,302,10,6,smb
2009-01-01_to_2012-01-01,2009-01-01,2012-01-01,"hml,smb,mom",mkt,14,5,302,10,7,hml
2009-01-01_to_2012-01-01,2009-01-01,2012-01-01,"hml,smb,mom",mkt,14,5,302,10,8,smb
2009-01-01_to_2012-01-01,2009-01-01,2012-01-01,"hml,smb,mom",mkt,14,5,302,10,9,mom
2009-01-01_to_2012-01-01,2009-01-01,2012-01-01,"hml,smb,mom",mkt,14,5,302,10,10,smb
2009-01-01_to_2012-01-01,2009-01-01,2012-01-01,"hml,smb,mom",mkt,14,5,303,8,1,mom
2009-01-01_to_2012-01-01,2009-01-01,2012-01-01,"hml,smb,mom",mkt,14,5,303,8,2,mom
2009-01-01_to_2012-01-01,2009-01-01,2012-01-01,"hml,smb,mom",mkt,14,5,303,8,3,mom
2009-01-01_to_2012-01-01,2009-01-01,2012-01-01,"hml,smb,mom",mkt,14,5,303,8,4,mom
2009-01-01_to_2012-01-01,2009-01-01,2012-01-01,"hml,smb,mom",mkt,14,5,303,8,5,mom
2009-01-01_to_2012-01-01,2009-01-01,2012-01-01,"hml,smb,mom",mkt,14,5,303,8,6,smb
2009-01-01_to_2012-01-01,2009-01-01,2012-01-01,"hml,smb,mom",mkt,14,5,303,8,7,hml
2009-01-01_to_2012-01-01,2009-01-01,2012-01-01,"hml,smb,mom",mkt,14,5,303,8,8,smb
2009-01-01_to_2012-01-01,2009-01-01,2012-01-01,"hml,smb,mom",mkt,14,5,306,7,1,mom
2009-01-01_to_2012-01-01,2009-01-01,2012-01-01,"hml,smb,mom",mkt,14,5,306,7,2,mom
2009-01-01_to_2012-01-01,2009-01-01,2012-01-01,"hml,smb,mom",mkt,14,5,306,7,3,mom
2009-01-01_to_2012-01-01,2009-01-01,2012-01-01,"hml,smb,mom",mkt,14,5,306,7,4,mom
2009-01-01_to_2012-01-01,2009-01-01,2012-01-01,"hml,smb,mom",mkt,14,5,306,7,5,mom
2009-01-01_to_2012-01-01,2009-01-01,2012-01-01,"hml,smb,mom",mkt,14,5,306,7,6,smb
2009-01-01_to_2012-01-01,2009-01-01,2012-01-01,"hml,smb,mom",mkt,14,5,306,7,7,hml
2009-01-01_to_2012-01-01,2009-01-01,2012-01-01,"hml,smb,mom",mkt,14,5,308,8,1,mom
2009-01-01_to_2012-01-01,2009-01-01,2012-01-01,"hml,smb,mom",mkt,14,5,308,8,2,mom
2009-01-01_to_2012-01-01,2009-01-01,2012-01-01,"hml,smb,mom",mkt,14,5,308,8,3,mom
2009-01-01_to_2012-01-01,2009-01-01,2012-01-01,"hml,smb,mom",mkt,14,5,308,8,4,mom
2009-01-01_to_2012-01-01,2009-01-01,2012-01-01,"hml,smb,mom",mkt,14,5,308,8,5,mom
2009-01-01_to_2012-01-01,2009-01-01,2012-01-01,"hml,smb,mom",mkt,14,5,308,8,6,smb
2009-01-01_to_2012-01-01,2009-01-01,2012-01-01,"hml,smb,mom",mkt,14,5,308,8,7,hml
2009-01-01_to_2012-01-01,2009-01-01,2012-01-01,"hml,smb,mom",mkt,14,5,308,8,8,hml
2009-01-01_to_2012-01-01,2009-01-01,2012-01-01,"hml,smb,mom",mkt,14,5,309,8,1,mom
2009-01-01_to_2012-01-01,2009-01-01,2012-01-01,"hml,smb,mom",mkt,14,5,309,8,2,mom
2009-01-01_to_2012-01-01,2009-01-01,2012-01-01,"hml,smb,mom",mkt,14,5,309,8,3,mom
2009-01-01_to_2012-01-01,2009-01-01,2012-01-01,"hml,smb,mom",mkt,14,5,309,8,4,mom
2009-01-01_to_2012-01-01,2009-01-01,2012-01-01,"hml,smb,mom",mkt,14,5,309,8,5,mom
2009-01-01_to_2012-01-01,2009-01-01,2012-01-01,"hml,smb,mom",mkt,14,5,309,8,6,smb
2009-01-01_to_2012-01-01,2009-01-01,2012-01-01,"hml,smb,mom",mkt,14,5,309,8,7,hml
2009-01-01_to_2012-01-01,2009-01-01,2012-01-01,"hml,smb,mom",mkt,14,5,309,8,8,hml
2009-01-01_to_2012-01-01,2009-01-01,2012-01-01,"hml,smb,mom",mkt,14,5,313,9,1,mom
2009-01-01_to_2012-01-01,2009-01-01,2012-01-01,"hml,smb,mom",mkt,14,5,313,9,2,mom
2009-01-01_to_2012-01-01,2009-01-01,2012-01-01,"hml,smb,mom",mkt,14,5,313,9,3,mom
2009-01-01_to_2012-01-01,2009-01-01,2012-01-01,"hml,smb,mom",mkt,14,5,313,9,4,mom
2009-01-01_to_2012-01-01,2009-01-01,2012-01-01,"hml,smb,mom",mkt,14,5,313,9,5,mom
2009-01-01_to_2012-01-01,2009-01-01,2012-01-01,"hml,smb,mom",mkt,14,5,313,9,6,smb
2009-01-01_to_2012-01-01,2009-01-01,2012-01-01,"hml,smb,mom",mkt,14,5,313,9,7,hml
2009-01-01_to_2012-01-01,2009-01-01,2012-01-01,"hml,smb,mom",mkt,14,5,313,9,8,hml
2009-01-01_to_2012-01-01,2009-01-01,2012-01-01,"hml,smb,mom",mkt,14,5,313,9,9,mom
2009-01-01_to_2012-01-01,2009-01-01,2012-01-01,"hml,smb,mom",mkt,14,5,316,11,1,mom
2009-01-01_to_2012-01-01,2009-01-01,2012-01-01,"hml,smb,mom",mkt,14,5,316,11,2,mom
2009-01-01_to_2012-01-01,2009-01-01,2012-01-01,"hml,smb,mom",mkt,14,5,316,11,3,mom
2009-01-01_to_2012-01-01,2009-01-01,2012-01-01,"hml,smb,mom",mkt,14,5,316,11,4,mom
2009-01-01_to_2012-01-01,2009-01-01,2012-01-01,"hml,smb,mom",mkt,14,5,316,11,5,mom
2009-01-01_to_2012-01-01,2009-01-01,2012-01-01,"hml,smb,mom",mkt,14,5,316,11,6,smb
2009-01-01_to_2012-01-01,2009-01-01,2012-01-01,"hml,smb,mom",mkt,14,5,316,11,7,hml
2009-01-01_to_2012-01-01,2009-01-01,2012-01-01,"hml,smb,mom",mkt,14,5,316,11,8,hml
2009-01-01_to_2012-01-01,2009-01-01,2012-01-01,"hml,smb,mom",mkt,14,5,316,11,9,mom
2009-01-01_to_2012-01-01,2009-01-01,2012-01-01,"hml,smb,mom",mkt,14,5,316,11,10,hml
2009-01-01_to_2012-01-01,2009-01-01,2012-01-01,"hml,smb,mom",mkt,14,5,316,11,11,smb
2009-01-01_to_2012-01-01,2009-01-01,2012-01-01,"hml,smb,mom",mkt,14,5,317,11,1,mom
2009-01-01_to_2012-01-01,2009-01-01,2012-01-01,"hml,smb,mom",mkt,14,5,317,11,2,mom
2009-01-01_to_2012-01-01,2009-01-01,2012-01-01,"hml,smb,mom",mkt,14,5,317,11,3,mom
2009-01-01_to_2012-01-01,2009-01-01,2012-01-01,"hml,smb,mom",mkt,14,5,317,11,4,mom
2009-01-01_to_2012-01-01,2009-01-01,2012-01-01,"hml,smb,mom",mkt,14,5,317,11,5,mom
2009-01-01_to_2012-01-01,2009-01-01,2012-01-01,"hml,smb,mom",mkt,14,5,317,11,6,smb
2009-01-01_to_2012-01-01,2009-01-01,2012-01-01,"hml,smb,mom",mkt,14,5,317,11,7,hml
2009-01-01_to_2012-01-01,2009-01-01,2012-01-01,"hml,smb,mom",mkt,14,5,317,11,8,hml
2009-01-01_to_2012-01-01,2009-01-01,2012-01-01,"hml,smb,mom",mkt,14,5,317,11,9,mom
2009-01-01_to_2012-01-01,2009-01-01,2012-01-01,"hml,smb,mom",mkt,14,5,317,11,10,hml
2009-01-01_to_2012-01-01,2009-01-01,2012-01-01,"hml,smb,mom",mkt,14,5,317,11,11,smb
2009-01-01_to_2012-01-01,2009-01-01,2012-01-01,"hml,smb,mom",mkt,14,5,318,10,1,mom
2009-01-01_to_2012-01-01,2009-01-01,2012-01-01,"hml,smb,mom",mkt,14,5,318,10,2,mom
2009-01-01_to_2012-01-01,2009-01-01,2012-01-01,"hml,smb,mom",mkt,14,5,318,10,3,mom
2009-01-01_to_2012-01-01,2009-01-01,2012-01-01,"hml,smb,mom",mkt,14,5,318,10,4,mom
2009-01-01_to_2012-01-01,2009-01-01,2012-01-01,"hml,smb,mom",mkt,14,5,318,10,5,mom
2009-01-01_to_2012-01-01,2009-01-01,2012-01-01,"hml,smb,mom",mkt,14,5,318,10,6,smb
2009-01-01_to_2012-01-01,2009-01-01,2012-01-01,"hml,smb,mom",mkt,14,5,318,10,7,hml
2009-01-01_to_2012-01-01,2009-01-01,2012-01-01,"hml,smb,mom",mkt,14,5,318,10,8,hml
2009-01-01_to_2012-01-01,2009-01-01,2012-01-01,"hml,smb,mom",mkt,14,5,318,10,9,mom
2009-01-01_to_2012-01-01,2009-01-01,2012-01-01,"hml,smb,mom",mkt,14,5,318,10,10,hml
2009-01-01_to_2012-01-01,2009-01-01,2012-01-01,"hml,smb,mom",mkt,14,5,319,8,1,mom
2009-01-01_to_2012-01-01,2009-01-01,2012-01-01,"hml,smb,mom",mkt,14,5,319,8,2,mom
2009-01-01_to_2012-01-01,2009-01-01,2012-01-01,"hml,smb,mom",mkt,14,5,319,8,3,mom
2009-01-01_to_2012-01-01,2009-01-01,2012-01-01,"hml,smb,mom",mkt,14,5,319,8,4,mom
2009-01-01_to_2012-01-01,2009-01-01,2012-01-01,"hml,smb,mom",mkt,14,5,319,8,5,mom
2009-01-01_to_2012-01-01,2009-01-01,2012-01-01,"hml,smb,mom",mkt,14,5,319,8,6,smb
2009-01-01_to_2012-01-01,2009-01-01,2012-01-01,"hml,smb,mom",mkt,14,5,319,8,7,hml
2009-01-01_to_2012-01-01,2009-01-01,2012-01-01,"hml,smb,mom",mkt,14,5,319,8,8,hml
2009-01-01_to_2012-01-01,2009-01-01,2012-01-01,"hml,smb,mom",mkt,14,5,320,7,1,mom
2009-01-01_to_2012-01-01,2009-01-01,2012-01-01,"hml,smb,mom",mkt,14,5,320,7,2,mom
2009-01-01_to_2012-01-01,2009-01-01,2012-01-01,"hml,smb,mom",mkt,14,5,320,7,3,mom
2009-01-01_to_2012-01-01,2009-01-01,2012-01-01,"hml,smb,mom",mkt,14,5,320,7,4,mom
2009-01-01_to_2012-01-01,2009-01-01,2012-01-01,"hml,smb,mom",mkt,14,5,320,7,5,mom
2009-01-01_to_2012-01-01,2009-01-01,2012-01-01,"hml,smb,mom",mkt,14,5,320,7,6,smb
2009-01-01_to_2012-01-01,2009-01-01,2012-01-01,"hml,smb,mom",mkt,14,5,320,7,7,hml
2009-01-01_to_2012-01-01,2009-01-01,2012-01-01,"hml,smb,mom",mkt,14,5,323,6,1,mom
2009-01-01_to_2012-01-01,2009-01-01,2012-01-01,"hml,smb,mom",mkt,14,5,323,6,2,mom
2009-01-01_to_2012-01-01,2009-01-01,2012-01-01,"hml,smb,mom",mkt,14,5,323,6,3,mom
2009-01-01_to_2012-01-01,2009-01-01,2012-01-01,"hml,smb,mom",mkt,14,5,323,6,4,mom
2009-01-01_to_2012-01-01,2009-01-01,2012-01-01,"hml,smb,mom",mkt,14,5,323,6,5,mom
2009-01-01_to_2012-01-01,2009-01-01,2012-01-01,"hml,smb,mom",mkt,14,5,323,6,6,hml
2009-01-01_to_2012-01-01,2009-01-01,2012-01-01,"hml,smb,mom",mkt,14,5,326,8,1,mom
2009-01-01_to_2012-01-01,2009-01-01,2012-01-01,"hml,smb,mom",mkt,14,5,326,8,2,mom
2009-01-01_to_2012-01-01,2009-01-01,2012-01-01,"hml,smb,mom",mkt,14,5,326,8,3,mom
2009-01-01_to_2012-01-01,2009-01-01,2012-01-01,"hml,smb,mom",mkt,14,5,326,8,4,mom
2009-01-01_to_2012-01-01,2009-01-01,2012-01-01,"hml,smb,mom",mkt,14,5,326,8,5,mom
2009-01-01_to_2012-01-01,2009-01-01,2012-01-01,"hml,smb,mom",mkt,14,5,326,8,6,hml
2009-01-01_to_2012-01-01,2009-01-01,2012-01-01,"hml,smb,mom",mkt,14,5,326,8,7,smb
2009-01-01_to_2012-01-01,2009-01-01,2012-01-01,"hml,smb,mom",mkt,14,5,326,8,8,hml
2009-01-01_to_2012-01-01,2009-01-01,2012-01-01,"hml,smb,mom",mkt,14,5,327,8,1,mom
2009-01-01_to_2012-01-01,2009-01-01,2012-01-01,"hml,smb,mom",mkt,14,5,327,8,2,mom
2009-01-01_to_2012-01-01,2009-01-01,2012-01-01,"hml,smb,mom",mkt,14,5,327,8,3,mom
2009-01-01_to_2012-01-01,2009-01-01,2012-01-01,"hml,smb,mom",mkt,14,5,327,8,4,mom
2009-01-01_to_2012-01-01,2009-01-01,2012-01-01,"hml,smb,mom",mkt,14,5,327,8,5,mom
2009-01-01_to_2012-01-01,2009-01-01,2012-01-01,"hml,smb,mom",mkt,14,5,327,8,6,hml
2009-01-01_to_2012-01-01,2009-01-01,2012-01-01,"hml,smb,mom",mkt,14,5,327,8,7,smb
2009-01-01_to_2012-01-01,2009-01-01,2012-01-01,"hml,smb,mom",mkt,14,5,327,8,8,hml
2009-01-01_to_2012-01-01,2009-01-01,2012-01-01,"hml,smb,mom",mkt,14,5,328,7,1,mom
2009-01-01_to_2012-01-01,2009-01-01,2012-01-01,"hml,smb,mom",mkt,14,5,328,7,2,mom
2009-01-01_to_2012-01-01,2009-01-01,2012-01-01,"hml,smb,mom",mkt,14,5,328,7,3,mom
2009-01-01_to_2012-01-01,2009-01-01,2012-01-01,"hml,smb,mom",mkt,14,5,328,7,4,mom
2009-01-01_to_2012-01-01,2009-01-01,2012-01-01,"hml,smb,mom",mkt,14,5,328,7,5,mom
2009-01-01_to_2012-01-01,2009-01-01,2012-01-01,"hml,smb,mom",mkt,14,5,328,7,6,hml
2009-01-01_to_2012-01-01,2009-01-01,2012-01-01,"hml,smb,mom",mkt,14,5,328,7,7,smb
2009-01-01_to_2012-01-01,2009-01-01,2012-01-01,"hml,smb,mom",mkt,14,5,330,6,1,mom
2009-01-01_to_2012-01-01,2009-01-01,2012-01-01,"hml,smb,mom",mkt,14,5,330,6,2,mom
2009-01-01_to_2012-01-01,2009-01-01,2012-01-01,"hml,smb,mom",mkt,14,5,330,6,3,mom
2009-01-01_to_2012-01-01,2009-01-01,2012-01-01,"hml,smb,mom",mkt,14,5,330,6,4,mom
2009-01-01_to_2012-01-01,2009-01-01,2012-01-01,"hml,smb,mom",mkt,14,5,330,6,5,mom
2009-01-01_to_2012-01-01,2009-01-01,2012-01-01,"hml,smb,mom",mkt,14,5,330,6,6,smb
2009-01-01_to_2012-01-01,2009-01-01,2012-01-01,"hml,smb,mom",mkt,14,5,331,6,1,mom
2009-01-01_to_2012-01-01,2009-01-01,2012-01-01,"hml,smb,mom",mkt,14,5,331,6,2,mom
2009-01-01_to_2012-01-01,2009-01-01,2012-01-01,"hml,smb,mom",mkt,14,5,331,6,3,mom
2009-01-01_to_2012-01-01,2009-01-01,2012-01-01,"hml,smb,mom",mkt,14,5,331,6,4,mom
2009-01-01_to_2012-01-01,2009-01-01,2012-01-01,"hml,smb,mom",mkt,14,5,331,6,5,mom
2009-01-01_to_2012-01-01,2009-01-01,2012-01-01,"hml,smb,mom",mkt,14,5,331,6,6,smb
2009-01-01_to_2012-01-01,2009-01-01,2012-01-01,"hml,smb,mom",mkt,14,5,332,1,1,mom
2009-07-01_to_2012-07-01,2009-07-01,2012-07-01,"hml,smb,mom",mkt,14,5,6,6,1,mom
2009-07-01_to_2012-07-01,2009-07-01,2012-07-01,"hml,smb,mom",mkt,14,5,6,6,2,mom
2009-07-01_to_2012-07-01,2009-07-01,2012-07-01,"hml,smb,mom",mkt,14,5,6,6,3,mom
2009-07-01_to_2012-07-01,2009-07-01,2012-07-01,"hml,smb,mom",mkt,14,5,6,6,4,mom
2009-07-01_to_2012-07-01,2009-07-01,2012-07-01,"hml,smb,mom",mkt,14,5,6,6,5,mom
2009-07-01_to_2012-07-01,2009-07-01,2012-07-01,"hml,smb,mom",mkt,14,5,6,6,6,smb
2009-07-01_to_2012-07-01,2009-07-01,2012-07-01,"hml,smb,mom",mkt,14,5,7,6,1,mom
2009-07-01_to_2012-07-01,2009-07-01,2012-07-01,"hml,smb,mom",mkt,14,5,7,6,2,mom
2009-07-01_to_2012-07-01,2009-07-01,2012-07-01,"hml,smb,mom",mkt,14,5,7,6,3,mom
2009-07-01_to_2012-07-01,2009-07-01,2012-07-01,"hml,smb,mom",mkt,14,5,7,6,4,mom
2009-07-01_to_2012-07-01,2009-07-01,2012-07-01,"hml,smb,mom",mkt,14,5,7,6,5,mom
2009-07-01_to_2012-07-01,2009-07-01,2012-07-01,"hml,smb,mom",mkt,14,5,7,6,6,smb
2009-07-01_to_2012-07-01,2009-07-01,2012-07-01,"hml,smb,mom",mkt,14,5,9,6,1,mom
2009-07-01_to_2012-07-01,2009-07-01,2012-07-01,"hml,smb,mom",mkt,14,5,9,6,2,mom
2009-07-01_to_2012-07-01,2009-07-01,2012-07-01,"hml,smb,mom",mkt,14,5,9,6,3,mom
2009-07-01_to_2012-07-01,2009-07-01,2012-07-01,"hml,smb,mom",mkt,14,5,9,6,4,mom
2009-07-01_to_2012-07-01,2009-07-01,2012-07-01,"hml,smb,mom",mkt,14,5,9,6,5,mom
2009-07-01_to_2012-07-01,2009-07-01,2012-07-01,"hml,smb,mom",mkt,14,5,9,6,6,hml
2009-07-01_to_2012-07-01,2009-07-01,2012-07-01,"hml,smb,mom",mkt,14,5,10,6,1,mom
2009-07-01_to_2012-07-01,2009-07-01,2012-07-01,"hml,smb,mom",mkt,14,5,10,6,2,mom
2009-07-01_to_2012-07-01,2009-07-01,2012-07-01,"hml,smb,mom",mkt,14,5,10,6,3,mom
2009-07-01_to_2012-07-01,2009-07-01,2012-07-01,"hml,smb,mom",mkt,14,5,10,6,4,mom
2009-07-01_to_2012-07-01,2009-07-01,2012-07-01,"hml,smb,mom",mkt,14,5,10,6,5,mom
2009-07-01_to_2012-07-01,2009-07-01,2012-07-01,"hml,smb,mom",mkt,14,5,10,6,6,hml
2009-07-01_to_2012-07-01,2009-07-01,2012-07-01,"hml,smb,mom",mkt,14,5,12,5,1,mom
2009-07-01_to_2012-07-01,2009-07-01,2012-07-01,"hml,smb,mom",mkt,14,5,12,5,2,mom
2009-07-01_to_2012-07-01,2009-07-01,2012-07-01,"hml,smb,mom",mkt,14,5,12,5,3,mom
2009-07-01_to_2012-07-01,2009-07-01,2012-07-01,"hml,smb,mom",mkt,14,5,12,5,4,mom
2009-07-01_to_2012-07-01,2009-07-01,2012-07-01,"hml,smb,mom",mkt,14,5,12,5,5,smb
2009-07-01_to_2012-07-01,2009-07-01,2012-07-01,"hml,smb,mom",mkt,14,5,15,7,1,mom
2009-07-01_to_2012-07-01,2009-07-01,2012-07-01,"hml,smb,mom",mkt,14,5,15,7,2,mom
2009-07-01_to_2012-07-01,2009-07-01,2012-07-01,"hml,smb,mom",mkt,14,5,15,7,3,mom
2009-07-01_to_2012-07-01,2009-07-01,2012-07-01,"hml,smb,mom",mkt,14,5,15,7,4,mom
2009-07-01_to_2012-07-01,2009-07-01,2012-07-01,"hml,smb,mom",mkt,14,5,15,7,5,smb
2009-07-01_to_2012-07-01,2009-07-01,2012-07-01,"hml,smb,mom",mkt,14,5,15,7,6,hml
2009-07-01_to_2012-07-01,2009-07-01,2012-07-01,"hml,smb,mom",mkt,14,5,15,7,7,smb
2009-07-01_to_2012-07-01,2009-07-01,2012-07-01,"hml,smb,mom",mkt,14,5,17,8,1,mom
2009-07-01_to_2012-07-01,2009-07-01,2012-07-01,"hml,smb,mom",mkt,14,5,17,8,2,mom
2009-07-01_to_2012-07-01,2009-07-01,2012-07-01,"hml,smb,mom",mkt,14,5,17,8,3,mom
2009-07-01_to_2012-07-01,2009-07-01,2012-07-01,"hml,smb,mom",mkt,14,5,17,8,4,mom
2009-07-01_to_2012-07-01,2009-07-01,2012-07-01,"hml,smb,mom",mkt,14,5,17,8,5,smb
2009-07-01_to_2012-07-01,2009-07-01,2012-07-01,"hml,smb,mom",mkt,14,5,17,8,6,hml
2009-07-01_to_2012-07-01,2009-07-01,2012-07-01,"hml,smb,mom",mkt,14,5,17,8,7,smb
2009-07-01_to_2012-07-01,2009-07-01,2012-07-01,"hml,smb,mom",mkt,14,5,17,8,8,smb
2009-07-01_to_2012-07-01,2009-07-01,2012-07-01,"hml,smb,mom",mkt,14,5,19,9,1,mom
2009-07-01_to_2012-07-01,2009-07-01,2012-07-01,"hml,smb,mom",mkt,14,5,19,9,2,mom
2009-07-01_to_2012-07-01,2009-07-01,2012-07-01,"hml,smb,mom",mkt,14,5,19,9,3,mom
2009-07-01_to_2012-07-01,2009-07-01,2012-07-01,"hml,smb,mom",mkt,14,5,19,9,4,mom
2009-07-01_to_2012-07-01,2009-07-01,2012-07-01,"hml,smb,mom",mkt,14,5,19,9,5,smb
2009-07-01_to_2012-07-01,2009-07-01,2012-07-01,"hml,smb,mom",mkt,14,5,19,9,6,hml
2009-07-01_to_2012-07-01,2009-07-01,2012-07-01,"hml,smb,mom",mkt,14,5,19,9,7,smb
2009-07-01_to_2012-07-01,2009-07-01,2012-07-01,"hml,smb,mom",mkt,14,5,19,9,8,smb
2009-07-01_to_2012-07-01,2009-07-01,2012-07-01,"hml,smb,mom",mkt,14,5,19,9,9,smb
2009-07-01_to_2012-07-01,2009-07-01,2012-07-01,"hml,smb,mom",mkt,14,5,20,9,1,mom
2009-07-01_to_2012-07-01,2009-07-01,2012-07-01,"hml,smb,mom",mkt,14,5,20,9,2,mom
2009-07-01_to_2012-07-01,2009-07-01,2012-07-01,"hml,smb,mom",mkt,14,5,20,9,3,mom
2009-07-01_to_2012-07-01,2009-07-01,2012-07-01,"hml,smb,mom",mkt,14,5,20,9,4,mom
2009-07-01_to_2012-07-01,2009-07-01,2012-07-01,"hml,smb,mom",mkt,14,5,20,9,5,smb
2009-07-01_to_2012-07-01,2009-07-01,2012-07-01,"hml,smb,mom",mkt,14,5,20,9,6,hml
2009-07-01_to_2012-07-01,2009-07-01,2012-07-01,"hml,smb,mom",mkt,14,5,20,9,7,smb
2009-07-01_to_2012-07-01,2009-07-01,2012-07-01,"hml,smb,mom",mkt,14,5,20,9,8,smb
2009-07-01_to_2012-07-01,2009-07-01,2012-07-01,"hml,smb,mom",mkt,14,5,20,9,9,smb
2009-07-01_to_2012-07-01,2009-07-01,2012-07-01,"hml,smb,mom",mkt,14,5,23,8,1,mom
2009-07-01_to_2012-07-01,2009-07-01,2012-07-01,"hml,smb,mom",mkt,14,5,23,8,2,mom
2009-07-01_to_2012-07-01,2009-07-01,2012-07-01,"hml,smb,mom",mkt,14,5,23,8,3,mom
2009-07-01_to_2012-07-01,2009-07-01,2012-07-01,"hml,smb,mom",mkt,14,5,23,8,4,mom
2009-07-01_to_2012-07-01,2009-07-01,2012-07-01,"hml,smb,mom",mkt,14,5,23,8,5,smb
2009-07-01_to_2012-07-01,2009-07-01,2012-07-01,"hml,smb,mom",mkt,14,5,23,8,6,hml
2009-07-01_to_2012-07-01,2009-07-01,2012-07-01,"hml,smb,mom",mkt,14,5,23,8,7,mom
2009-07-01_to_2012-07-01,2009-07-01,2012-07-01,"hml,smb,mom",mkt,14,5,23,8,8,smb
2009-07-01_to_2012-07-01,2009-07-01,2012-07-01,"hml,smb,mom",mkt,14,5,24,8,1,mom
2009-07-01_to_2012-07-01,2009-07-01,2012-07-01,"hml,smb,mom",mkt,14,5,24,8,2,mom
2009-07-01_to_2012-07-01,2009-07-01,2012-07-01,"hml,smb,mom",mkt,14,5,24,8,3,mom
2009-07-01_to_2012-07-01,2009-07-01,2012-07-01,"hml,smb,mom",mkt,14,5,24,8,4,mom
2009-07-01_to_2012-07-01,2009-07-01,2012-07-01,"hml,smb,mom",mkt,14,5,24,8,5,smb
2009-07-01_to_2012-07-01,2009-07-01,2012-07-01,"hml,smb,mom",mkt,14,5,24,8,6,hml
2009-07-01_to_2012-07-01,2009-07-01,2012-07-01,"hml,smb,mom",mkt,14,5,24,8,7,mom
2009-07-01_to_2012-07-01,2009-07-01,2012-07-01,"hml,smb,mom",mkt,14,5,24,8,8,smb
2009-07-01_to_2012-07-01,2009-07-01,2012-07-01,"hml,smb,mom",mkt,14,5,25,7,1,mom
2009-07-01_to_2012-07-01,2009-07-01,2012-07-01,"hml,smb,mom",mkt,14,5,25,7,2,mom
2009-07-01_to_2012-07-01,2009-07-01,2012-07-01,"hml,smb,mom",mkt,14,5,25,7,3,mom
2009-07-01_to_2012-07-01,2009-07-01,2012-07-01,"hml,smb,mom",mkt,14,5,25,7,4,mom
2009-07-01_to_2012-07-01,2009-07-01,2012-07-01,"hml,smb,mom",mkt,14,5,25,7,5,smb
2009-07-01_to_2012-07-01,2009-07-01,2012-07-01,"hml,smb,mom",mkt,14,5,25,7,6,hml
2009-07-01_to_2012-07-01,2009-07-01,2012-07-01,"hml,smb,mom",mkt,14,5,25,7,7,mom
2009-07-01_to_2012-07-01,2009-07-01,2012-07-01,"hml,smb,mom",mkt,14,5,29,6,1,mom
2009-07-01_to_2012-07-01,2009-07-01,2012-07-01,"hml,smb,mom",mkt,14,5,29,6,2,mom
2009-07-01_to_2012-07-01,2009-07-01,2012-07-01,"hml,smb,mom",mkt,14,5,29,6,3,mom
2009-07-01_to_2012-07-01,2009-07-01,2012-07-01,"hml,smb,mom",mkt,14,5,29,6,4,mom
2009-07-01_to_2012-07-01,2009-07-01,2012-07-01,"hml,smb,mom",mkt,14,5,29,6,5,mom
2009-07-01_to_2012-07-01,2009-07-01,2012-07-01,"hml,smb,mom",mkt,14,5,29,6,6,hml
2009-07-01_to_2012-07-01,2009-07-01,2012-07-01,"hml,smb,mom",mkt,14,5,34,10,1,mom
2009-07-01_to_2012-07-01,2009-07-01,2012-07-01,"hml,smb,mom",mkt,14,5,34,10,2,mom
2009-07-01_to_2012-07-01,2009-07-01,2012-07-01,"hml,smb,mom",mkt,14,5,34,10,3,mom
2009-07-01_to_2012-07-01,2009-07-01,2012-07-01,"hml,smb,mom",mkt,14,5,34,10,4,mom
2009-07-01_to_2012-07-01,2009-07-01,2012-07-01,"hml,smb,mom",mkt,14,5,34,10,5,mom
2009-07-01_to_2012-07-01,2009-07-01,2012-07-01,"hml,smb,mom",mkt,14,5,34,10,6,hml
2009-07-01_to_2012-07-01,2009-07-01,2012-07-01,"hml,smb,mom",mkt,14,5,34,10,7,smb
2009-07-01_to_2012-07-01,2009-07-01,2012-07-01,"hml,smb,mom",mkt,14,5,34,10,8,smb
2009-07-01_to_2012-07-01,2009-07-01,2012-07-01,"hml,smb,mom",mkt,14,5,34,10,9,smb
2009-07-01_to_2012-07-01,2009-07-01,2012-07-01,"hml,smb,mom",mkt,14,5,34,10,10,hml
2009-07-01_to_2012-07-01,2009-07-01,2012-07-01,"hml,smb,mom",mkt,14,5,35,10,1,mom
2009-07-01_to_2012-07-01,2009-07-01,2012-07-01,"hml,smb,mom",mkt,14,5,35,10,2,mom
2009-07-01_to_2012-07-01,2009-07-01,2012-07-01,"hml,smb,mom",mkt,14,5,35,10,3,mom
2009-07-01_to_2012-07-01,2009-07-01,2012-07-01,"hml,smb,mom",mkt,14,5,35,10,4,mom
2009-07-01_to_2012-07-01,2009-07-01,2012-07-01,"hml,smb,mom",mkt,14,5,35,10,5,mom
2009-07-01_to_2012-07-01,2009-07-01,2012-07-01,"hml,smb,mom",mkt,14,5,35,10,6,hml
2009-07-01_to_2012-07-01,2009-07-01,2012-07-01,"hml,smb,mom",mkt,14,5,35,10,7,smb
2009-07-01_to_2012-07-01,2009-07-01,2012-07-01,"hml,smb,mom",mkt,14,5,35,10,8,smb
2009-07-01_to_2012-07-01,2009-07-01,2012-07-01,"hml,smb,mom",mkt,14,5,35,10,9,smb
2009-07-01_to_2012-07-01,2009-07-01,2012-07-01,"hml,smb,mom",mkt,14,5,35,10,10,hml
2009-07-01_to_2012-07-01,2009-07-01,2012-07-01,"hml,smb,mom",mkt,14,5,36,9,1,mom
2009-07-01_to_2012-07-01,2009-07-01,2012-07-01,"hml,smb,mom",mkt,14,5,36,9,2,mom
2009-07-01_to_2012-07-01,2009-07-01,2012-07-01,"hml,smb,mom",mkt,14,5,36,9,3,mom
2009-07-01_to_2012-07-01,2009-07-01,2012-07-01,"hml,smb,mom",mkt,14,5,36,9,4,mom
2009-07-01_to_2012-07-01,2009-07-01,2012-07-01,"hml,smb,mom",mkt,14,5,36,9,5,mom
2009-07-01_to_2012-07-01,2009-07-01,2012-07-01,"hml,smb,mom",mkt,14,5,36,9,6,hml
2009-07-01_to_2012-07-01,2009-07-01,2012-07-01,"hml,smb,mom",mkt,14,5,36,9,7,smb
2009-07-01_to_2012-07-01,2009-07-01,2012-07-01,"hml,smb,mom",mkt,14,5,36,9,8,smb
2009-07-01_to_2012-07-01,2009-07-01,2012-07-01,"hml,smb,mom",mkt,14,5,36,9,9,smb
2009-07-01_to_2012-07-01,2009-07-01,2012-07-01,"hml,smb,mom",mkt,14,5,37,8,1,mom
2009-07-01_to_2012-07-01,2009-07-01,2012-07-01,"hml,smb,mom",mkt,14,5,37,8,2,mom
2009-07-01_to_2012-07-01,2009-07-01,2012-07-01,"hml,smb,mom",mkt,14,5,37,8,3,mom
2009-07-01_to_2012-07-01,2009-07-01,2012-07-01,"hml,smb,mom",mkt,14,5,37,8,4,mom
2009-07-01_to_2012-07-01,2009-07-01,2012-07-01,"hml,smb,mom",mkt,14,5,37,8,5,mom
2009-07-01_to_2012-07-01,2009-07-01,2012-07-01,"hml,smb,mom",mkt,14,5,37,8,6,hml
2009-07-01_to_2012-07-01,2009-07-01,2012-07-01,"hml,smb,mom",mkt,14,5,37,8,7,smb
2009-07-01_to_2012-07-01,2009-07-01,2012-07-01,"hml,smb,mom",mkt,14,5,37,8,8,smb
2009-07-01_to_2012-07-01,2009-07-01,2012-07-01,"hml,smb,mom",mkt,14,5,38,7,1,mom
2009-07-01_to_2012-07-01,2009-07-01,2012-07-01,"hml,smb,mom",mkt,14,5,38,7,2,mom
2009-07-01_to_2012-07-01,2009-07-01,2012-07-01,"hml,smb,mom",mkt,14,5,38,7,3,mom
2009-07-01_to_2012-07-01,2009-07-01,2012-07-01,"hml,smb,mom",mkt,14,5,38,7,4,mom
2009-07-01_to_2012-07-01,2009-07-01,2012-07-01,"hml,smb,mom",mkt,14,5,38,7,5,mom
2009-07-01_to_2012-07-01,2009-07-01,2012-07-01,"hml,smb,mom",mkt,14,5,38,7,6,hml
2009-07-01_to_2012-07-01,2009-07-01,2012-07-01,"hml,smb,mom",mkt,14,5,38,7,7,smb
2009-07-01_to_2012-07-01,2009-07-01,2012-07-01,"hml,smb,mom",mkt,14,5,42,8,1,mom
2009-07-01_to_2012-07-01,2009-07-01,2012-07-01,"hml,smb,mom",mkt,14,5,42,8,2,mom
2009-07-01_to_2012-07-01,2009-07-01,2012-07-01,"hml,smb,mom",mkt,14,5,42,8,3,mom
2009-07-01_to_2012-07-01,2009-07-01,2012-07-01,"hml,smb,mom",mkt,14,5,42,8,4,mom
2009-07-01_to_2012-07-01,2009-07-01,2012-07-01,"hml,smb,mom",mkt,14,5,42,8,5,mom
2009-07-01_to_2012-07-01,2009-07-01,2012-07-01,"hml,smb,mom",mkt,14,5,42,8,6,hml
2009-07-01_to_2012-07-01,2009-07-01,2012-07-01,"hml,smb,mom",mkt,14,5,42,8,7,hml
2009-07-01_to_2012-07-01,2009-07-01,2012-07-01,"hml,smb,mom",mkt,14,5,42,8,8,smb
2009-07-01_to_2012-07-01,2009-07-01,2012-07-01,"hml,smb,mom",mkt,14,5,44,9,1,mom
2009-07-01_to_2012-07-01,2009-07-01,2012-07-01,"hml,smb,mom",mkt,14,5,44,9,2,mom
2009-07-01_to_2012-07-01,2009-07-01,2012-07-01,"hml,smb,mom",mkt,14,5,44,9,3,mom
2009-07-01_to_2012-07-01,2009-07-01,2012-07-01,"hml,smb,mom",mkt,14,5,44,9,4,mom
2009-07-01_to_2012-07-01,2009-07-01,2012-07-01,"hml,smb,mom",mkt,14,5,44,9,5,mom
2009-07-01_to_2012-07-01,2009-07-01,2012-07-01,"hml,smb,mom",mkt,14,5,44,9,6,hml
2009-07-01_to_2012-07-01,2009-07-01,2012-07-01,"hml,smb,mom",mkt,14,5,44,9,7,hml
2009-07-01_to_2012-07-01,2009-07-01,2012-07-01,"hml,smb,mom",mkt,14,5,44,9,8,smb
2009-07-01_to_2012-07-01,2009-07-01,2012-07-01,"hml,smb,mom",mkt,14,5,44,9,9,mom
2009-07-01_to_2012-07-01,2009-07-01,2012-07-01,"hml,smb,mom",mkt,14,5,45,9,1,mom
2009-07-01_to_2012-07-01,2009-07-01,2012-07-01,"hml,smb,mom",mkt,14,5,45,9,2,mom
2009-07-01_to_2012-07-01,2009-07-01,2012-07-01,"hml,smb,mom",mkt,14,5,45,9,3,mom
2009-07-01_to_2012-07-01,2009-07-01,2012-07-01,"hml,smb,mom",mkt,14,5,45,9,4,mom
2009-07-01_to_2012-07-01,2009-07-01,2012-07-01,"hml,smb,mom",mkt,14,5,45,9,5,mom
2009-07-01_to_2012-07-01,2009-07-01,2012-07-01,"hml,smb,mom",mkt,14,5,45,9,6,hml
2009-07-01_to_2012-07-01,2009-07-01,2012-07-01,"hml,smb,mom",mkt,14,5,45,9,7,hml
2009-07-01_to_2012-07-01,2009-07-01,2012-07-01,"hml,smb,mom",mkt,14,5,45,9,8,smb
2009-07-01_to_2012-07-01,2009-07-01,2012-07-01,"hml,smb,mom",mkt,14,5,45,9,9,mom
2009-07-01_to_2012-07-01,2009-07-01,2012-07-01,"hml,smb,mom",mkt,14,5,46,7,1,mom
2009-07-01_to_2012-07-01,2009-07-01,2012-07-01,"hml,smb,mom",mkt,14,5,46,7,2,mom
2009-07-01_to_2012-07-01,2009-07-01,2012-07-01,"hml,smb,mom",mkt,14,5,46,7,3,mom
2009-07-01_to_2012-07-01,2009-07-01,2012-07-01,"hml,smb,mom",mkt,14,5,46,7,4,mom
2009-07-01_to_2012-07-01,2009-07-01,2012-07-01,"hml,smb,mom",mkt,14,5,46,7,5,mom
2009-07-01_to_2012-07-01,2009-07-01,2012-07-01,"hml,smb,mom",mkt,14,5,46,7,6,hml
2009-07-01_to_2012-07-01,2009-07-01,2012-07-01,"hml,smb,mom",mkt,14,5,46,7,7,hml
2009-07-01_to_2012-07-01,2009-07-01,2012-07-01,"hml,smb,mom",mkt,14,5,47,6,1,mom
2009-07-01_to_2012-07-01,2009-07-01,2012-07-01,"hml,smb,mom",mkt,14,5,47,6,2,mom
2009-07-01_to_2012-07-01,2009-07-01,2012-07-01,"hml,smb,mom",mkt,14,5,47,6,3,mom
2009-07-01_to_2012-07-01,2009-07-01,2012-07-01,"hml,smb,mom",mkt,14,5,47,6,4,mom
2009-07-01_to_2012-07-01,2009-07-01,2012-07-01,"hml,smb,mom",mkt,14,5,47,6,5,mom
2009-07-01_to_2012-07-01,2009-07-01,2012-07-01,"hml,smb,mom",mkt,14,5,47,6,6,hml
2009-07-01_to_2012-07-01,2009-07-01,2012-07-01,"hml,smb,mom",mkt,14,5,50,6,1,mom
2009-07-01_to_2012-07-01,2009-07-01,2012-07-01,"hml,smb,mom",mkt,14,5,50,6,2,mom
2009-07-01_to_2012-07-01,2009-07-01,2012-07-01,"hml,smb,mom",mkt,14,5,50,6,3,mom
2009-07-01_to_2012-07-01,2009-07-01,2012-07-01,"hml,smb,mom",mkt,14,5,50,6,4,mom
2009-07-01_to_2012-07-01,2009-07-01,2012-07-01,"hml,smb,mom",mkt,14,5,50,6,5,mom
2009-07-01_to_2012-07-01,2009-07-01,2012-07-01,"hml,smb,mom",mkt,14,5,50,6,6,hml
2009-07-01_to_2012-07-01,2009-07-01,2012-07-01,"hml,smb,mom",mkt,14,5,53,8,1,mom
2009-07-01_to_2012-07-01,2009-07-01,2012-07-01,"hml,smb,mom",mkt,14,5,53,8,2,mom
2009-07-01_to_2012-07-01,2009-07-01,2012-07-01,"hml,smb,mom",mkt,14,5,53,8,3,mom
2009-07-01_to_2012-07-01,2009-07-01,2012-07-01,"hml,smb,mom",mkt,14,5,53,8,4,mom
2009-07-01_to_2012-07-01,2009-07-01,2012-07-01,"hml,smb,mom",mkt,14,5,53,8,5,mom
2009-07-01_to_2012-07-01,2009-07-01,2012-07-01,"hml,smb,mom",mkt,14,5,53,8,6,hml
2009-07-01_to_2012-07-01,2009-07-01,2012-07-01,"hml,smb,mom",mkt,14,5,53,8,7,smb
2009-07-01_to_2012-07-01,2009-07-01,2012-07-01,"hml,smb,mom",mkt,14,5,53,8,8,hml
2009-07-01_to_2012-07-01,2009-07-01,2012-07-01,"hml,smb,mom",mkt,14,5,54,8,1,mom
2009-07-01_to_2012-07-01,2009-07-01,2012-07-01,"hml,smb,mom",mkt,14,5,54,8,2,mom
2009-07-01_to_2012-07-01,2009-07-01,2012-07-01,"hml,smb,mom",mkt,14,5,54,8,3,mom
2009-07-01_to_2012-07-01,2009-07-01,2012-07-01,"hml,smb,mom",mkt,14,5,54,8,4,mom
2009-07-01_to_2012-07-01,2009-07-01,2012-07-01,"hml,smb,mom",mkt,14,5,54,8,5,mom
2009-07-01_to_2012-07-01,2009-07-01,2012-07-01,"hml,smb,mom",mkt,14,5,54,8,6,hml
2009-07-01_to_2012-07-01,2009-07-01,2012-07-01,"hml,smb,mom",mkt,14,5,54,8,7,smb
2009-07-01_to_2012-07-01,2009-07-01,2012-07-01,"hml,smb,mom",mkt,14,5,54,8,8,hml
2009-07-01_to_2012-07-01,2009-07-01,2012-07-01,"hml,smb,mom",mkt,14,5,56,8,1,mom
2009-07-01_to_2012-07-01,2009-07-01,2012-07-01,"hml,smb,mom",mkt,14,5,56,8,2,mom
2009-07-01_to_2012-07-01,2009-07-01,2012-07-01,"hml,smb,mom",mkt,14,5,56,8,3,mom
2009-07-01_to_2012-07-01,2009-07-01,2012-07-01,"hml,smb,mom",mkt,14,5,56,8,4,mom
2009-07-01_to_2012-07-01,2009-07-01,2012-07-01,"hml,smb,mom",mkt,14,5,56,8,5,mom
2009-07-01_to_2012-07-01,2009-07-01,2012-07-01,"hml,smb,mom",mkt,14,5,56,8,6,hml
2009-07-01_to_2012-07-01,2009-07-01,2012-07-01,"hml,smb,mom",mkt,14,5,56,8,7,smb
2009-07-01_to_2012-07-01,2009-07-01,2012-07-01,"hml,smb,mom",mkt,14,5,56,8,8,smb
2009-07-01_to_2012-07-01,2009-07-01,2012-07-01,"hml,smb,mom",mkt,14,5,58,9,1,mom
2009-07-01_to_2012-07-01,2009-07-01,2012-07-01,"hml,smb,mom",mkt,14,5,58,9,2,mom
2009-07-01_to_2012-07-01,2009-07-01,2012-07-01,"hml,smb,mom",mkt,14,5,58,9,3,mom
2009-07-01_to_2012-07-01,2009-07-01,2012-07-01,"hml,smb,mom",mkt,14,5,58,9,4,mom
2009-07-01_to_2012-07-01,2009-07-01,2012-07-01,"hml,smb,mom",mkt,14,5,58,9,5,mom
2009-07-01_to_2012-07-01,2009-07-01,2012-07-01,"hml,smb,mom",mkt,14,5,58,9,6,hml
2009-07-01_to_2012-07-01,2009-07-01,2012-07-01,"hml,smb,mom",mkt,14,5,58,9,7,smb
2009-07-01_to_2012-07-01,2009-07-01,2012-07-01,"hml,smb,mom",mkt,14,5,58,9,8,smb
2009-07-01_to_2012-07-01,2009-07-01,2012-07-01,"hml,smb,mom",mkt,14,5,58,9,9,mom
2009-07-01_to_2012-07-01,2009-07-01,2012-07-01,"hml,smb,mom",mkt,14,5,60,10,1,mom
2009-07-01_to_2012-07-01,2009-07-01,2012-07-01,"hml,smb,mom",mkt,14,5,60,10,2,mom
2009-07-01_to_2012-07-01,2009-07-01,2012-07-01,"hml,smb,mom",mkt,14,5,60,10,3,mom
2009-07-01_to_2012-07-01,2009-07-01,2012-07-01,"hml,smb,mom",mkt,14,5,60,10,4,mom
2009-07-01_to_2012-07-01,2009-07-01,2012-07-01,"hml,smb,mom",mkt,14,5,60,10,5,mom
2009-07-01_to_2012-07-01,2009-07-01,2012-07-01,"hml,smb,mom",mkt,14,5,60,10,6,hml
2009-07-01_to_2012-07-01,2009-07-01,2012-07-01,"hml,smb,mom",mkt,14,5,60,10,7,smb
2009-07-01_to_2012-07-01,2009-07-01,2012-07-01,"hml,smb,mom",mkt,14,5,60,10,8,smb
2009-07-01_to_2012-07-01,2009-07-01,2012-07-01,"hml,smb,mom",mkt,14,5,60,10,9,mom
2009-07-01_to_2012-07-01,2009-07-01,2012-07-01,"hml,smb,mom",mkt,14,5,60,10,10,smb
2009-07-01_to_2012-07-01,2009-07-01,2012-07-01,"hml,smb,mom",mkt,14,5,61,10,1,mom
2009-07-01_to_2012-07-01,2009-07-01,2012-07-01,"hml,smb,mom",mkt,14,5,61,10,2,mom
2009-07-01_to_2012-07-01,2009-07-01,2012-07-01,"hml,smb,mom",mkt,14,5,61,10,3,mom
2009-07-01_to_2012-07-01,2009-07-01,2012-07-01,"hml,smb,mom",mkt,14,5,61,10,4,mom
2009-07-01_to_2012-07-01,2009-07-01,2012-07-01,"hml,smb,mom",mkt,14,5,61,10,5,mom
2009-07-01_to_2012-07-01,2009-07-01,2012-07-01,"hml,smb,mom",mkt,14,5,61,10,6,hml
2009-07-01_to_2012-07-01,2009-07-01,2012-07-01,"hml,smb,mom",mkt,14,5,61,10,7,smb
2009-07-01_to_2012-07-01,2009-07-01,2012-07-01,"hml,smb,mom",mkt,14,5,61,10,8,smb
2009-07-01_to_2012-07-01,2009-07-01,2012-07-01,"hml,smb,mom",mkt,14,5,61,10,9,mom
2009-07-01_to_2012-07-01,2009-07-01,2012-07-01,"hml,smb,mom",mkt,14,5,61,10,10,smb
2009-07-01_to_2012-07-01,2009-07-01,2012-07-01,"hml,smb,mom",mkt,14,5,66,9,1,mom
2009-07-01_to_2012-07-01,2009-07-01,2012-07-01,"hml,smb,mom",mkt,14,5,66,9,2,mom
2009-07-01_to_2012-07-01,2009-07-01,2012-07-01,"hml,smb,mom",mkt,14,5,66,9,3,mom
2009-07-01_to_2012-07-01,2009-07-01,2012-07-01,"hml,smb,mom",mkt,14,5,66,9,4,mom
2009-07-01_to_2012-07-01,2009-07-01,2012-07-01,"hml,smb,mom",mkt,14,5,66,9,5,mom
2009-07-01_to_2012-07-01,2009-07-01,2012-07-01,"hml,smb,mom",mkt,14,5,66,9,6,smb
2009-07-01_to_2012-07-01,2009-07-01,2012-07-01,"hml,smb,mom",mkt,14,5,66,9,7,hml
2009-07-01_to_2012-07-01,2009-07-01,2012-07-01,"hml,smb,mom",mkt,14,5,66,9,8,smb
2009-07-01_to_2012-07-01,2009-07-01,2012-07-01,"hml,smb,mom",mkt,14,5,66,9,9,smb
2009-07-01_to_2012-07-01,2009-07-01,2012-07-01,"hml,smb,mom",mkt,14,5,67,9,1,mom
2009-07-01_to_2012-07-01,2009-07-01,2012-07-01,"hml,smb,mom",mkt,14,5,67,9,2,mom
2009-07-01_to_2012-07-01,2009-07-01,2012-07-01,"hml,smb,mom",mkt,14,5,67,9,3,mom
2009-07-01_to_2012-07-01,2009-07-01,2012-07-01,"hml,smb,mom",mkt,14,5,67,9,4,mom
2009-07-01_to_2012-07-01,2009-07-01,2012-07-01,"hml,smb,mom",mkt,14,5,67,9,5,mom
2009-07-01_to_2012-07-01,2009-07-01,2012-07-01,"hml,smb,mom",mkt,14,5,67,9,6,smb
2009-07-01_to_2012-07-01,2009-07-01,2012-07-01,"hml,smb,mom",mkt,14,5,67,9,7,hml
2009-07-01_to_2012-07-01,2009-07-01,2012-07-01,"hml,smb,mom",mkt,14,5,67,9,8,smb
2009-07-01_to_2012-07-01,2009-07-01,2012-07-01,"hml,smb,mom",mkt,14,5,67,9,9,smb
2009-07-01_to_2012-07-01,2009-07-01,2012-07-01,"hml,smb,mom",mkt,14,5,70,10,1,mom
2009-07-01_to_2012-07-01,2009-07-01,2012-07-01,"hml,smb,mom",mkt,14,5,70,10,2,mom
2009-07-01_to_2012-07-01,2009-07-01,2012-07-01,"hml,smb,mom",mkt,14,5,70,10,3,mom
2009-07-01_to_2012-07-01,2009-07-01,2012-07-01,"hml,smb,mom",mkt,14,5,70,10,4,mom
2009-07-01_to_2012-07-01,2009-07-01,2012-07-01,"hml,smb,mom",mkt,14,5,70,10,5,mom
2009-07-01_to_2012-07-01,2009-07-01,2012-07-01,"hml,smb,mom",mkt,14,5,70,10,6,smb
2009-07-01_to_2012-07-01,2009-07-01,2012-07-01,"hml,smb,mom",mkt,14,5,70,10,7,hml
2009-07-01_to_2012-07-01,2009-07-01,2012-07-01,"hml,smb,mom",mkt,14,5,70,10,8,smb
2009-07-01_to_2012-07-01,2009-07-01,2012-07-01,"hml,smb,mom",mkt,14,5,70,10,9,smb
2009-07-01_to_2012-07-01,2009-07-01,2012-07-01,"hml,smb,mom",mkt,14,5,70,10,10,hml
2009-07-01_to_2012-07-01,2009-07-01,2012-07-01,"hml,smb,mom",mkt,14,5,71,10,1,mom
2009-07-01_to_2012-07-01,2009-07-01,2012-07-01,"hml,smb,mom",mkt,14,5,71,10,2,mom
2009-07-01_to_2012-07-01,2009-07-01,2012-07-01,"hml,smb,mom",mkt,14,5,71,10,3,mom
2009-07-01_to_2012-07-01,2009-07-01,2012-07-01,"hml,smb,mom",mkt,14,5,71,10,4,mom
2009-07-01_to_2012-07-01,2009-07-01,2012-07-01,"hml,smb,mom",mkt,14,5,71,10,5,mom
2009-07-01_to_2012-07-01,2009-07-01,2012-07-01,"hml,smb,mom",mkt,14,5,71,10,6,smb
2009-07-01_to_2012-07-01,2009-07-01,2012-07-01,"hml,smb,mom",mkt,14,5,71,10,7,hml
2009-07-01_to_2012-07-01,2009-07-01,2012-07-01,"hml,smb,mom",mkt,14,5,71,10,8,smb
2009-07-01_to_2012-07-01,2009-07-01,2012-07-01,"hml,smb,mom",mkt,14,5,71,10,9,smb
2009-07-01_to_2012-07-01,2009-07-01,2012-07-01,"hml,smb,mom",mkt,14,5,71,10,10,hml
2009-07-01_to_2012-07-01,2009-07-01,2012-07-01,"hml,smb,mom",mkt,14,5,72,9,1,mom
2009-07-01_to_2012-07-01,2009-07-01,2012-07-01,"hml,smb,mom",mkt,14,5,72,9,2,mom
2009-07-01_to_2012-07-01,2009-07-01,2012-07-01,"hml,smb,mom",mkt,14,5,72,9,3,mom
2009-07-01_to_2012-07-01,2009-07-01,2012-07-01,"hml,smb,mom",mkt,14,5,72,9,4,mom
2009-07-01_to_2012-07-01,2009-07-01,2012-07-01,"hml,smb,mom",mkt,14,5,72,9,5,mom
2009-07-01_to_2012-07-01,2009-07-01,2012-07-01,"hml,smb,mom",mkt,14,5,72,9,6,smb
2009-07-01_to_2012-07-01,2009-07-01,2012-07-01,"hml,smb,mom",mkt,14,5,72,9,7,hml
2009-07-01_to_2012-07-01,2009-07-01,2012-07-01,"hml,smb,mom",mkt,14,5,72,9,8,smb
2009-07-01_to_2012-07-01,2009-07-01,2012-07-01,"hml,smb,mom",mkt,14,5,72,9,9,smb
2009-07-01_to_2012-07-01,2009-07-01,2012-07-01,"hml,smb,mom",mkt,14,5,74,8,1,mom
2009-07-01_to_2012-07-01,2009-07-01,2012-07-01,"hml,smb,mom",mkt,14,5,74,8,2,mom
2009-07-01_to_2012-07-01,2009-07-01,2012-07-01,"hml,smb,mom",mkt,14,5,74,8,3,mom
2009-07-01_to_2012-07-01,2009-07-01,2012-07-01,"hml,smb,mom",mkt,14,5,74,8,4,mom
2009-07-01_to_2012-07-01,2009-07-01,2012-07-01,"hml,smb,mom",mkt,14,5,74,8,5,mom
2009-07-01_to_2012-07-01,2009-07-01,2012-07-01,"hml,smb,mom",mkt,14,5,74,8,6,smb
2009-07-01_to_2012-07-01,2009-07-01,2012-07-01,"hml,smb,mom",mkt,14,5,74,8,7,hml
2009-07-01_to_2012-07-01,2009-07-01,2012-07-01,"hml,smb,mom",mkt,14,5,74,8,8,mom
2009-07-01_to_2012-07-01,2009-07-01,2012-07-01,"hml,smb,mom",mkt,14,5,75,8,1,mom
2009-07-01_to_2012-07-01,2009-07-01,2012-07-01,"hml,smb,mom",mkt,14,5,75,8,2,mom
2009-07-01_to_2012-07-01,2009-07-01,2012-07-01,"hml,smb,mom",mkt,14,5,75,8,3,mom
2009-07-01_to_2012-07-01,2009-07-01,2012-07-01,"hml,smb,mom",mkt,14,5,75,8,4,mom
2009-07-01_to_2012-07-01,2009-07-01,2012-07-01,"hml,smb,mom",mkt,14,5,75,8,5,mom
2009-07-01_to_2012-07-01,2009-07-01,2012-07-01,"hml,smb,mom",mkt,14,5,75,8,6,smb
2009-07-01_to_2012-07-01,2009-07-01,2012-07-01,"hml,smb,mom",mkt,14,5,75,8,7,hml
2009-07-01_to_2012-07-01,2009-07-01,2012-07-01,"hml,smb,mom",mkt,14,5,75,8,8,mom
2009-07-01_to_2012-07-01,2009-07-01,2012-07-01,"hml,smb,mom",mkt,14,5,77,7,1,mom
2009-07-01_to_2012-07-01,2009-07-01,2012-07-01,"hml,smb,mom",mkt,14,5,77,7,2,mom
2009-07-01_to_2012-07-01,2009-07-01,2012-07-01,"hml,smb,mom",mkt,14,5,77,7,3,mom
2009-07-01_to_2012-07-01,2009-07-01,2012-07-01,"hml,smb,mom",mkt,14,5,77,7,4,mom
2009-07-01_to_2012-07-01,2009-07-01,2012-07-01,"hml,smb,mom",mkt,14,5,77,7,5,mom
2009-07-01_to_2012-07-01,2009-07-01,2012-07-01,"hml,smb,mom",mkt,14,5,77,7,6,smb
2009-07-01_to_2012-07-01,2009-07-01,2012-07-01,"hml,smb,mom",mkt,14,5,77,7,7,hml
2009-07-01_to_2012-07-01,2009-07-01,2012-07-01,"hml,smb,mom",mkt,14,5,78,7,1,mom
2009-07-01_to_2012-07-01,2009-07-01,2012-07-01,"hml,smb,mom",mkt,14,5,78,7,2,mom
2009-07-01_to_2012-07-01,2009-07-01,2012-07-01,"hml,smb,mom",mkt,14,5,78,7,3,mom
2009-07-01_to_2012-07-01,2009-07-01,2012-07-01,"hml,smb,mom",mkt,14,5,78,7,4,mom
2009-07-01_to_2012-07-01,2009-07-01,2012-07-01,"hml,smb,mom",mkt,14,5,78,7,5,mom
2009-07-01_to_2012-07-01,2009-07-01,2012-07-01,"hml,smb,mom",mkt,14,5,78,7,6,smb
2009-07-01_to_2012-07-01,2009-07-01,2012-07-01,"hml,smb,mom",mkt,14,5,78,7,7,hml
2009-07-01_to_2012-07-01,2009-07-01,2012-07-01,"hml,smb,mom",mkt,14,5,84,7,1,mom
2009-07-01_to_2012-07-01,2009-07-01,2012-07-01,"hml,smb,mom",mkt,14,5,84,7,2,mom
2009-07-01_to_2012-07-01,2009-07-01,2012-07-01,"hml,smb,mom",mkt,14,5,84,7,3,mom
2009-07-01_to_2012-07-01,2009-07-01,2012-07-01,"hml,smb,mom",mkt,14,5,84,7,4,mom
2009-07-01_to_2012-07-01,2009-07-01,2012-07-01,"hml,smb,mom",mkt,14,5,84,7,5,mom
2009-07-01_to_2012-07-01,2009-07-01,2012-07-01,"hml,smb,mom",mkt,14,5,84,7,6,hml
2009-07-01_to_2012-07-01,2009-07-01,2012-07-01,"hml,smb,mom",mkt,14,5,84,7,7,mom
2009-07-01_to_2012-07-01,2009-07-01,2012-07-01,"hml,smb,mom",mkt,14,5,85,7,1,mom
2009-07-01_to_2012-07-01,2009-07-01,2012-07-01,"hml,smb,mom",mkt,14,5,85,7,2,mom
2009-07-01_to_2012-07-01,2009-07-01,2012-07-01,"hml,smb,mom",mkt,14,5,85,7,3,mom
2009-07-01_to_2012-07-01,2009-07-01,2012-07-01,"hml,smb,mom",mkt,14,5,85,7,4,mom
2009-07-01_to_2012-07-01,2009-07-01,2012-07-01,"hml,smb,mom",mkt,14,5,85,7,5,mom
2009-07-01_to_2012-07-01,2009-07-01,2012-07-01,"hml,smb,mom",mkt,14,5,85,7,6,hml
2009-07-01_to_2012-07-01,2009-07-01,2012-07-01,"hml,smb,mom",mkt,14,5,85,7,7,mom
2009-07-01_to_2012-07-01,2009-07-01,2012-07-01,"hml,smb,mom",mkt,14,5,90,10,1,mom
2009-07-01_to_2012-07-01,2009-07-01,2012-07-01,"hml,smb,mom",mkt,14,5,90,10,2,mom
2009-07-01_to_2012-07-01,2009-07-01,2012-07-01,"hml,smb,mom",mkt,14,5,90,10,3,mom
2009-07-01_to_2012-07-01,2009-07-01,2012-07-01,"hml,smb,mom",mkt,14,5,90,10,4,mom
2009-07-01_to_2012-07-01,2009-07-01,2012-07-01,"hml,smb,mom",mkt,14,5,90,10,5,mom
2009-07-01_to_2012-07-01,2009-07-01,2012-07-01,"hml,smb,mom",mkt,14,5,90,10,6,hml
2009-07-01_to_2012-07-01,2009-07-01,2012-07-01,"hml,smb,mom",mkt,14,5,90,10,7,hml
2009-07-01_to_2012-07-01,2009-07-01,2012-07-01,"hml,smb,mom",mkt,14,5,90,10,8,hml
2009-07-01_to_2012-07-01,2009-07-01,2012-07-01,"hml,smb,mom",mkt,14,5,90,10,9,hml
2009-07-01_to_2012-07-01,2009-07-01,2012-07-01,"hml,smb,mom",mkt,14,5,90,10,10,smb
2009-07-01_to_2012-07-01,2009-07-01,2012-07-01,"hml,smb,mom",mkt,14,5,91,10,1,mom
2009-07-01_to_2012-07-01,2009-07-01,2012-07-01,"hml,smb,mom",mkt,14,5,91,10,2,mom
2009-07-01_to_2012-07-01,2009-07-01,2012-07-01,"hml,smb,mom",mkt,14,5,91,10,3,mom
2009-07-01_to_2012-07-01,2009-07-01,2012-07-01,"hml,smb,mom",mkt,14,5,91,10,4,mom
2009-07-01_to_2012-07-01,2009-07-01,2012-07-01,"hml,smb,mom",mkt,14,5,91,10,5,mom
2009-07-01_to_2012-07-01,2009-07-01,2012-07-01,"hml,smb,mom",mkt,14,5,91,10,6,hml
2009-07-01_to_2012-07-01,2009-07-01,2012-07-01,"hml,smb,mom",mkt,14,5,91,10,7,hml
2009-07-01_to_2012-07-01,2009-07-01,2012-07-01,"hml,smb,mom",mkt,14,5,91,10,8,hml
2009-07-01_to_2012-07-01,2009-07-01,2012-07-01,"hml,smb,mom",mkt,14,5,91,10,9,hml
2009-07-01_to_2012-07-01,2009-07-01,2012-07-01,"hml,smb,mom",mkt,14,5,91,10,10,smb
2009-07-01_to_2012-07-01,2009-07-01,2012-07-01,"hml,smb,mom",mkt,14,5,92,9,1,mom
2009-07-01_to_2012-07-01,2009-07-01,2012-07-01,"hml,smb,mom",mkt,14,5,92,9,2,mom
2009-07-01_to_2012-07-01,2009-07-01,2012-07-01,"hml,smb,mom",mkt,14,5,92,9,3,mom
2009-07-01_to_2012-07-01,2009-07-01,2012-07-01,"hml,smb,mom",mkt,14,5,92,9,4,mom
2009-07-01_to_2012-07-01,2009-07-01,2012-07-01,"hml,smb,mom",mkt,14,5,92,9,5,mom
2009-07-01_to_2012-07-01,2009-07-01,2012-07-01,"hml,smb,mom",mkt,14,5,92,9,6,hml
2009-07-01_to_2012-07-01,2009-07-01,2012-07-01,"hml,smb,mom",mkt,14,5,92,9,7,hml
2009-07-01_to_2012-07-01,2009-07-01,2012-07-01,"hml,smb,mom",mkt,14,5,92,9,8,hml
2009-07-01_to_2012-07-01,2009-07-01,2012-07-01,"hml,smb,mom",mkt,14,5,92,9,9,hml
2009-07-01_to_2012-07-01,2009-07-01,2012-07-01,"hml,smb,mom",mkt,14,5,95,10,1,mom
2009-07-01_to_2012-07-01,2009-07-01,2012-07-01,"hml,smb,mom",mkt,14,5,95,10,2,mom
2009-07-01_to_2012-07-01,2009-07-01,2012-07-01,"hml,smb,mom",mkt,14,5,95,10,3,mom
2009-07-01_to_2012-07-01,2009-07-01,2012-07-01,"hml,smb,mom",mkt,14,5,95,10,4,mom
2009-07-01_to_2012-07-01,2009-07-01,2012-07-01,"hml,smb,mom",mkt,14,5,95,10,5,mom
2009-07-01_to_2012-07-01,2009-07-01,2012-07-01,"hml,smb,mom",mkt,14,5,95,10,6,hml
2009-07-01_to_2012-07-01,2009-07-01,2012-07-01,"hml,smb,mom",mkt,14,5,95,10,7,hml
2009-07-01_to_2012-07-01,2009-07-01,2012-07-01,"hml,smb,mom",mkt,14,5,95,10,8,hml
2009-07-01_to_2012-07-01,2009-07-01,2012-07-01,"hml,smb,mom",mkt,14,5,95,10,9,mom
2009-07-01_to_2012-07-01,2009-07-01,2012-07-01,"hml,smb,mom",mkt,14,5,95,10,10,hml
2009-07-01_to_2012-07-01,2009-07-01,2012-07-01,"hml,smb,mom",mkt,14,5,96,10,1,mom
2009-07-01_to_2012-07-01,2009-07-01,2012-07-01,"hml,smb,mom",mkt,14,5,96,10,2,mom
2009-07-01_to_2012-07-01,2009-07-01,2012-07-01,"hml,smb,mom",mkt,14,5,96,10,3,mom
2009-07-01_to_2012-07-01,2009-07-01,2012-07-01,"hml,smb,mom",mkt,14,5,96,10,4,mom
2009-07-01_to_2012-07-01,2009-07-01,2012-07-01,"hml,smb,mom",mkt,14,5,96,10,5,mom
2009-07-01_to_2012-07-01,2009-07-01,2012-07-01,"hml,smb,mom",mkt,14,5,96,10,6,hml
2009-07-01_to_2012-07-01,2009-07-01,2012-07-01,"hml,smb,mom",mkt,14,5,96,10,7,hml
2009-07-01_to_2012-07-01,2009-07-01,2012-07-01,"hml,smb,mom",mkt,14,5,96,10,8,hml
2009-07-01_to_2012-07-01,2009-07-01,2012-07-01,"hml,smb,mom",mkt,14,5,96,10,9,mom
2009-07-01_to_2012-07-01,2009-07-01,2012-07-01,"hml,smb,mom",mkt,14,5,96,10,10,hml
2009-07-01_to_2012-07-01,2009-07-01,2012-07-01,"hml,smb,mom",mkt,14,5,99,11,1,mom
2009-07-01_to_2012-07-01,2009-07-01,2012-07-01,"hml,smb,mom",mkt,14,5,99,11,2,mom
2009-07-01_to_2012-07-01,2009-07-01,2012-07-01,"hml,smb,mom",mkt,14,5,99,11,3,mom
2009-07-01_to_2012-07-01,2009-07-01,2012-07-01,"hml,smb,mom",mkt,14,5,99,11,4,mom
2009-07-01_to_2012-07-01,2009-07-01,2012-07-01,"hml,smb,mom",mkt,14,5,99,11,5,mom
2009-07-01_to_2012-07-01,2009-07-01,2012-07-01,"hml,smb,mom",mkt,14,5,99,11,6,hml
2009-07-01_to_2012-07-01,2009-07-01,2012-07-01,"hml,smb,mom",mkt,14,5,99,11,7,hml
2009-07-01_to_2012-07-01,2009-07-01,2012-07-01,"hml,smb,mom",mkt,14,5,99,11,8,hml
2009-07-01_to_2012-07-01,2009-07-01,2012-07-01,"hml,smb,mom",mkt,14,5,99,11,9,mom
2009-07-01_to_2012-07-01,2009-07-01,2012-07-01,"hml,smb,mom",mkt,14,5,99,11,10,hml
2009-07-01_to_2012-07-01,2009-07-01,2012-07-01,"hml,smb,mom",mkt,14,5,99,11,11,hml
2009-07-01_to_2012-07-01,2009-07-01,2012-07-01,"hml,smb,mom",mkt,14,5,100,11,1,mom
2009-07-01_to_2012-07-01,2009-07-01,2012-07-01,"hml,smb,mom",mkt,14,5,100,11,2,mom
2009-07-01_to_2012-07-01,2009-07-01,2012-07-01,"hml,smb,mom",mkt,14,5,100,11,3,mom
2009-07-01_to_2012-07-01,2009-07-01,2012-07-01,"hml,smb,mom",mkt,14,5,100,11,4,mom
2009-07-01_to_2012-07-01,2009-07-01,2012-07-01,"hml,smb,mom",mkt,14,5,100,11,5,mom
2009-07-01_to_2012-07-01,2009-07-01,2012-07-01,"hml,smb,mom",mkt,14,5,100,11,6,hml
2009-07-01_to_2012-07-01,2009-07-01,2012-07-01,"hml,smb,mom",mkt,14,5,100,11,7,hml
2009-07-01_to_2012-07-01,2009-07-01,2012-07-01,"hml,smb,mom",mkt,14,5,100,11,8,hml
2009-07-01_to_2012-07-01,2009-07-01,2012-07-01,"hml,smb,mom",mkt,14,5,100,11,9,mom
2009-07-01_to_2012-07-01,2009-07-01,2012-07-01,"hml,smb,mom",mkt,14,5,100,11,10,hml
2009-07-01_to_2012-07-01,2009-07-01,2012-07-01,"hml,smb,mom",mkt,14,5,100,11,11,hml
2009-07-01_to_2012-07-01,2009-07-01,2012-07-01,"hml,smb,mom",mkt,14,5,101,10,1,mom
2009-07-01_to_2012-07-01,2009-07-01,2012-07-01,"hml,smb,mom",mkt,14,5,101,10,2,mom
2009-07-01_to_2012-07-01,2009-07-01,2012-07-01,"hml,smb,mom",mkt,14,5,101,10,3,mom
2009-07-01_to_2012-07-01,2009-07-01,2012-07-01,"hml,smb,mom",mkt,14,5,101,10,4,mom
2009-07-01_to_2012-07-01,2009-07-01,2012-07-01,"hml,smb,mom",mkt,14,5,101,10,5,mom
2009-07-01_to_2012-07-01,2009-07-01,2012-07-01,"hml,smb,mom",mkt,14,5,101,10,6,hml
2009-07-01_to_2012-07-01,2009-07-01,2012-07-01,"hml,smb,mom",mkt,14,5,101,10,7,hml
2009-07-01_to_2012-07-01,2009-07-01,2012-07-01,"hml,smb,mom",mkt,14,5,101,10,8,hml
2009-07-01_to_2012-07-01,2009-07-01,2012-07-01,"hml,smb,mom",mkt,14,5,101,10,9,mom
2009-07-01_to_2012-07-01,2009-07-01,2012-07-01,"hml,smb,mom",mkt,14,5,101,10,10,hml
2009-07-01_to_2012-07-01,2009-07-01,2012-07-01,"hml,smb,mom",mkt,14,5,102,7,1,mom
2009-07-01_to_2012-07-01,2009-07-01,2012-07-01,"hml,smb,mom",mkt,14,5,102,7,2,mom
2009-07-01_to_2012-07-01,2009-07-01,2012-07-01,"hml,smb,mom",mkt,14,5,102,7,3,mom
2009-07-01_to_2012-07-01,2009-07-01,2012-07-01,"hml,smb,mom",mkt,14,5,102,7,4,mom
2009-07-01_to_2012-07-01,2009-07-01,2012-07-01,"hml,smb,mom",mkt,14,5,102,7,5,mom
2009-07-01_to_2012-07-01,2009-07-01,2012-07-01,"hml,smb,mom",mkt,14,5,102,7,6,hml
2009-07-01_to_2012-07-01,2009-07-01,2012-07-01,"hml,smb,mom",mkt,14,5,102,7,7,hml
2009-07-01_to_2012-07-01,2009-07-01,2012-07-01,"hml,smb,mom",mkt,14,5,108,10,1,mom
2009-07-01_to_2012-07-01,2009-07-01,2012-07-01,"hml,smb,mom",mkt,14,5,108,10,2,mom
2009-07-01_to_2012-07-01,2009-07-01,2012-07-01,"hml,smb,mom",mkt,14,5,108,10,3,mom
2009-07-01_to_2012-07-01,2009-07-01,2012-07-01,"hml,smb,mom",mkt,14,5,108,10,4,mom
2009-07-01_to_2012-07-01,2009-07-01,2012-07-01,"hml,smb,mom",mkt,14,5,108,10,5,mom
2009-07-01_to_2012-07-01,2009-07-01,2012-07-01,"hml,smb,mom",mkt,14,5,108,10,6,hml
2009-07-01_to_2012-07-01,2009-07-01,2012-07-01,"hml,smb,mom",mkt,14,5,108,10,7,smb
2009-07-01_to_2012-07-01,2009-07-01,2012-07-01,"hml,smb,mom",mkt,14,5,108,10,8,hml
2009-07-01_to_2012-07-01,2009-07-01,2012-07-01,"hml,smb,mom",mkt,14,5,108,10,9,smb
2009-07-01_to_2012-07-01,2009-07-01,2012-07-01,"hml,smb,mom",mkt,14,5,108,10,10,smb
2009-07-01_to_2012-07-01,2009-07-01,2012-07-01,"hml,smb,mom",mkt,14,5,110,11,1,mom
2009-07-01_to_2012-07-01,2009-07-01,2012-07-01,"hml,smb,mom",mkt,14,5,110,11,2,mom
2009-07-01_to_2012-07-01,2009-07-01,2012-07-01,"hml,smb,mom",mkt,14,5,110,11,3,mom
2009-07-01_to_2012-07-01,2009-07-01,2012-07-01,"hml,smb,mom",mkt,14,5,110,11,4,mom
2009-07-01_to_2012-07-01,2009-07-01,2012-07-01,"hml,smb,mom",mkt,14,5,110,11,5,mom
2009-07-01_to_2012-07-01,2009-07-01,2012-07-01,"hml,smb,mom",mkt,14,5,110,11,6,hml
2009-07-01_to_2012-07-01,2009-07-01,2012-07-01,"hml,smb,mom",mkt,14,5,110,11,7,smb
2009-07-01_to_2012-07-01,2009-07-01,2012-07-01,"hml,smb,mom",mkt,14,5,110,11,8,hml
2009-07-01_to_2012-07-01,2009-07-01,2012-07-01,"hml,smb,mom",mkt,14,5,110,11,9,smb
2009-07-01_to_2012-07-01,2009-07-01,2012-07-01,"hml,smb,mom",mkt,14,5,110,11,10,smb
2009-07-01_to_2012-07-01,2009-07-01,2012-07-01,"hml,smb,mom",mkt,14,5,110,11,11,mom
2009-07-01_to_2012-07-01,2009-07-01,2012-07-01,"hml,smb,mom",mkt,14,5,111,11,1,mom
2009-07-01_to_2012-07-01,2009-07-01,2012-07-01,"hml,smb,mom",mkt,14,5,111,11,2,mom
2009-07-01_to_2012-07-01,2009-07-01,2012-07-01,"hml,smb,mom",mkt,14,5,111,11,3,mom
2009-07-01_to_2012-07-01,2009-07-01,2012-07-01,"hml,smb,mom",mkt,14,5,111,11,4,mom
2009-07-01_to_2012-07-01,2009-07-01,2012-07-01,"hml,smb,mom",mkt,14,5,111,11,5,mom
2009-07-01_to_2012-07-01,2009-07-01,2012-07-01,"hml,smb,mom",mkt,14,5,111,11,6,hml
2009-07-01_to_2012-07-01,2009-07-01,2012-07-01,"hml,smb,mom",mkt,14,5,111,11,7,smb
2009-07-01_to_2012-07-01,2009-07-01,2012-07-01,"hml,smb,mom",mkt,14,5,111,11,8,hml
2009-07-01_to_2012-07-01,2009-07-01,2012-07-01,"hml,smb,mom",mkt,14,5,111,11,9,smb
2009-07-01_to_2012-07-01,2009-07-01,2012-07-01,"hml,smb,mom",mkt,14,5,111,11,10,smb
2009-07-01_to_2012-07-01,2009-07-01,2012-07-01,"hml,smb,mom",mkt,14,5,111,11,11,mom
2009-07-01_to_2012-07-01,2009-07-01,2012-07-01,"hml,smb,mom",mkt,14,5,113,10,1,mom
2009-07-01_to_2012-07-01,2009-07-01,2012-07-01,"hml,smb,mom",mkt,14,5,113,10,2,mom
2009-07-01_to_2012-07-01,2009-07-01,2012-07-01,"hml,smb,mom",mkt,14,5,113,10,3,mom
2009-07-01_to_2012-07-01,2009-07-01,2012-07-01,"hml,smb,mom",mkt,14,5,113,10,4,mom
2009-07-01_to_2012-07-01,2009-07-01,2012-07-01,"hml,smb,mom",mkt,14,5,113,10,5,mom
2009-07-01_to_2012-07-01,2009-07-01,2012-07-01,"hml,smb,mom",mkt,14,5,113,10,6,hml
2009-07-01_to_2012-07-01,2009-07-01,2012-07-01,"hml,smb,mom",mkt,14,5,113,10,7,smb
2009-07-01_to_2012-07-01,2009-07-01,2012-07-01,"hml,smb,mom",mkt,14,5,113,10,8,hml
2009-07-01_to_2012-07-01,2009-07-01,2012-07-01,"hml,smb,mom",mkt,14,5,113,10,9,smb
2009-07-01_to_2012-07-01,2009-07-01,2012-07-01,"hml,smb,mom",mkt,14,5,113,10,10,hml
2009-07-01_to_2012-07-01,2009-07-01,2012-07-01,"hml,smb,mom",mkt,14,5,115,11,1,mom
2009-07-01_to_2012-07-01,2009-07-01,2012-07-01,"hml,smb,mom",mkt,14,5,115,11,2,mom
2009-07-01_to_2012-07-01,2009-07-01,2012-07-01,"hml,smb,mom",mkt,14,5,115,11,3,mom
2009-07-01_to_2012-07-01,2009-07-01,2012-07-01,"hml,smb,mom",mkt,14,5,115,11,4,mom
2009-07-01_to_2012-07-01,2009-07-01,2012-07-01,"hml,smb,mom",mkt,14,5,115,11,5,mom
2009-07-01_to_2012-07-01,2009-07-01,2012-07-01,"hml,smb,mom",mkt,14,5,115,11,6,hml
2009-07-01_to_2012-07-01,2009-07-01,2012-07-01,"hml,smb,mom",mkt,14,5,115,11,7,smb
2009-07-01_to_2012-07-01,2009-07-01,2012-07-01,"hml,smb,mom",mkt,14,5,115,11,8,hml
2009-07-01_to_2012-07-01,2009-07-01,2012-07-01,"hml,smb,mom",mkt,14,5,115,11,9,smb
2009-07-01_to_2012-07-01,2009-07-01,2012-07-01,"hml,smb,mom",mkt,14,5,115,11,10,hml
2009-07-01_to_2012-07-01,2009-07-01,2012-07-01,"hml,smb,mom",mkt,14,5,115,11,11,hml
2009-07-01_to_2012-07-01,2009-07-01,2012-07-01,"hml,smb,mom",mkt,14,5,116,11,1,mom
2009-07-01_to_2012-07-01,2009-07-01,2012-07-01,"hml,smb,mom",mkt,14,5,116,11,2,mom
2009-07-01_to_2012-07-01,2009-07-01,2012-07-01,"hml,smb,mom",mkt,14,5,116,11,3,mom
2009-07-01_to_2012-07-01,2009-07-01,2012-07-01,"hml,smb,mom",mkt,14,5,116,11,4,mom
2009-07-01_to_2012-07-01,2009-07-01,2012-07-01,"hml,smb,mom",mkt,14,5,116,11,5,mom
2009-07-01_to_2012-07-01,2009-07-01,2012-07-01,"hml,smb,mom",mkt,14,5,116,11,6,hml
2009-07-01_to_2012-07-01,2009-07-01,2012-07-01,"hml,smb,mom",mkt,14,5,116,11,7,smb
2009-07-01_to_2012-07-01,2009-07-01,2012-07-01,"hml,smb,mom",mkt,14,5,116,11,8,hml
2009-07-01_to_2012-07-01,2009-07-01,2012-07-01,"hml,smb,mom",mkt,14,5,116,11,9,smb
2009-07-01_to_2012-07-01,2009-07-01,2012-07-01,"hml,smb,mom",mkt,14,5,116,11,10,hml
2009-07-01_to_2012-07-01,2009-07-01,2012-07-01,"hml,smb,mom",mkt,14,5,116,11,11,hml
2009-07-01_to_2012-07-01,2009-07-01,2012-07-01,"hml,smb,mom",mkt,14,5,118,9,1,mom
2009-07-01_to_2012-07-01,2009-07-01,2012-07-01,"hml,smb,mom",mkt,14,5,118,9,2,mom
2009-07-01_to_2012-07-01,2009-07-01,2012-07-01,"hml,smb,mom",mkt,14,5,118,9,3,mom
2009-07-01_to_2012-07-01,2009-07-01,2012-07-01,"hml,smb,mom",mkt,14,5,118,9,4,mom
2009-07-01_to_2012-07-01,2009-07-01,2012-07-01,"hml,smb,mom",mkt,14,5,118,9,5,mom
2009-07-01_to_2012-07-01,2009-07-01,2012-07-01,"hml,smb,mom",mkt,14,5,118,9,6,hml
2009-07-01_to_2012-07-01,2009-07-01,2012-07-01,"hml,smb,mom",mkt,14,5,118,9,7,smb
2009-07-01_to_2012-07-01,2009-07-01,2012-07-01,"hml,smb,mom",mkt,14,5,118,9,8,hml
2009-07-01_to_2012-07-01,2009-07-01,2012-07-01,"hml,smb,mom",mkt,14,5,118,9,9,smb
2009-07-01_to_2012-07-01,2009-07-01,2012-07-01,"hml,smb,mom",mkt,14,5,119,9,1,mom
2009-07-01_to_2012-07-01,2009-07-01,2012-07-01,"hml,smb,mom",mkt,14,5,119,9,2,mom
2009-07-01_to_2012-07-01,2009-07-01,2012-07-01,"hml,smb,mom",mkt,14,5,119,9,3,mom
2009-07-01_to_2012-07-01,2009-07-01,2012-07-01,"hml,smb,mom",mkt,14,5,119,9,4,mom
2009-07-01_to_2012-07-01,2009-07-01,2012-07-01,"hml,smb,mom",mkt,14,5,119,9,5,mom
2009-07-01_to_2012-07-01,2009-07-01,2012-07-01,"hml,smb,mom",mkt,14,5,119,9,6,hml
2009-07-01_to_2012-07-01,2009-07-01,2012-07-01,"hml,smb,mom",mkt,14,5,119,9,7,smb
2009-07-01_to_2012-07-01,2009-07-01,2012-07-01,"hml,smb,mom",mkt,14,5,119,9,8,hml
2009-07-01_to_2012-07-01,2009-07-01,2012-07-01,"hml,smb,mom",mkt,14,5,119,9,9,smb
2009-07-01_to_2012-07-01,2009-07-01,2012-07-01,"hml,smb,mom",mkt,14,5,120,7,1,mom
2009-07-01_to_2012-07-01,2009-07-01,2012-07-01,"hml,smb,mom",mkt,14,5,120,7,2,mom
2009-07-01_to_2012-07-01,2009-07-01,2012-07-01,"hml,smb,mom",mkt,14,5,120,7,3,mom
2009-07-01_to_2012-07-01,2009-07-01,2012-07-01,"hml,smb,mom",mkt,14,5,120,7,4,mom
2009-07-01_to_2012-07-01,2009-07-01,2012-07-01,"hml,smb,mom",mkt,14,5,120,7,5,mom
2009-07-01_to_2012-07-01,2009-07-01,2012-07-01,"hml,smb,mom",mkt,14,5,120,7,6,hml
2009-07-01_to_2012-07-01,2009-07-01,2012-07-01,"hml,smb,mom",mkt,14,5,120,7,7,smb
2009-07-01_to_2012-07-01,2009-07-01,2012-07-01,"hml,smb,mom",mkt,14,5,123,8,1,mom
2009-07-01_to_2012-07-01,2009-07-01,2012-07-01,"hml,smb,mom",mkt,14,5,123,8,2,mom
2009-07-01_to_2012-07-01,2009-07-01,2012-07-01,"hml,smb,mom",mkt,14,5,123,8,3,mom
2009-07-01_to_2012-07-01,2009-07-01,2012-07-01,"hml,smb,mom",mkt,14,5,123,8,4,mom
2009-07-01_to_2012-07-01,2009-07-01,2012-07-01,"hml,smb,mom",mkt,14,5,123,8,5,mom
2009-07-01_to_2012-07-01,2009-07-01,2012-07-01,"hml,smb,mom",mkt,14,5,123,8,6,hml
2009-07-01_to_2012-07-01,2009-07-01,2012-07-01,"hml,smb,mom",mkt,14,5,123,8,7,hml
2009-07-01_to_2012-07-01,2009-07-01,2012-07-01,"hml,smb,mom",mkt,14,5,123,8,8,mom
2009-07-01_to_2012-07-01,2009-07-01,2012-07-01,"hml,smb,mom",mkt,14,5,124,8,1,mom
2009-07-01_to_2012-07-01,2009-07-01,2012-07-01,"hml,smb,mom",mkt,14,5,124,8,2,mom
2009-07-01_to_2012-07-01,2009-07-01,2012-07-01,"hml,smb,mom",mkt,14,5,124,8,3,mom
2009-07-01_to_2012-07-01,2009-07-01,2012-07-01,"hml,smb,mom",mkt,14,5,124,8,4,mom
2009-07-01_to_2012-07-01,2009-07-01,2012-07-01,"hml,smb,mom",mkt,14,5,124,8,5,mom
2009-07-01_to_2012-07-01,2009-07-01,2012-07-01,"hml,smb,mom",mkt,14,5,124,8,6,hml
2009-07-01_to_2012-07-01,2009-07-01,2012-07-01,"hml,smb,mom",mkt,14,5,124,8,7,hml
2009-07-01_to_2012-07-01,2009-07-01,2012-07-01,"hml,smb,mom",mkt,14,5,124,8,8,mom
2009-07-01_to_2012-07-01,2009-07-01,2012-07-01,"hml,smb,mom",mkt,14,5,125,7,1,mom
2009-07-01_to_2012-07-01,2009-07-01,2012-07-01,"hml,smb,mom",mkt,14,5,125,7,2,mom
2009-07-01_to_2012-07-01,2009-07-01,2012-07-01,"hml,smb,mom",mkt,14,5,125,7,3,mom
2009-07-01_to_2012-07-01,2009-07-01,2012-07-01,"hml,smb,mom",mkt,14,5,125,7,4,mom
2009-07-01_to_2012-07-01,2009-07-01,2012-07-01,"hml,smb,mom",mkt,14,5,125,7,5,mom
2009-07-01_to_2012-07-01,2009-07-01,2012-07-01,"hml,smb,mom",mkt,14,5,125,7,6,hml
2009-07-01_to_2012-07-01,2009-07-01,2012-07-01,"hml,smb,mom",mkt,14,5,125,7,7,hml
2009-07-01_to_2012-07-01,2009-07-01,2012-07-01,"hml,smb,mom",mkt,14,5,132,10,1,mom
2009-07-01_to_2012-07-01,2009-07-01,2012-07-01,"hml,smb,mom",mkt,14,5,132,10,2,mom
2009-07-01_to_2012-07-01,2009-07-01,2012-07-01,"hml,smb,mom",mkt,14,5,132,10,3,mom
2009-07-01_to_2012-07-01,2009-07-01,2012-07-01,"hml,smb,mom",mkt,14,5,132,10,4,mom
2009-07-01_to_2012-07-01,2009-07-01,2012-07-01,"hml,smb,mom",mkt,14,5,132,10,5,mom
2009-07-01_to_2012-07-01,2009-07-01,2012-07-01,"hml,smb,mom",mkt,14,5,132,10,6,smb
2009-07-01_to_2012-07-01,2009-07-01,2012-07-01,"hml,smb,mom",mkt,14,5,132,10,7,smb
2009-07-01_to_2012-07-01,2009-07-01,2012-07-01,"hml,smb,mom",mkt,14,5,132,10,8,smb
2009-07-01_to_2012-07-01,2009-07-01,2012-07-01,"hml,smb,mom",mkt,14,5,132,10,9,smb
2009-07-01_to_2012-07-01,2009-07-01,2012-07-01,"hml,smb,mom",mkt,14,5,132,10,10,mom
2009-07-01_to_2012-07-01,2009-07-01,2012-07-01,"hml,smb,mom",mkt,14,5,133,10,1,mom
2009-07-01_to_2012-07-01,2009-07-01,2012-07-01,"hml,smb,mom",mkt,14,5,133,10,2,mom
2009-07-01_to_2012-07-01,2009-07-01,2012-07-01,"hml,smb,mom",mkt,14,5,133,10,3,mom
2009-07-01_to_2012-07-01,2009-07-01,2012-07-01,"hml,smb,mom",mkt,14,5,133,10,4,mom
2009-07-01_to_2012-07-01,2009-07-01,2012-07-01,"hml,smb,mom",mkt,14,5,133,10,5,mom
2009-07-01_to_2012-07-01,2009-07-01,2012-07-01,"hml,smb,mom",mkt,14,5,133,10,6,smb
2009-07-01_to_2012-07-01,2009-07-01,2012-07-01,"hml,smb,mom",mkt,14,5,133,10,7,smb
2009-07-01_to_2012-07-01,2009-07-01,2012-07-01,"hml,smb,mom",mkt,14,5,133,10,8,smb
2009-07-01_to_2012-07-01,2009-07-01,2012-07-01,"hml,smb,mom",mkt,14,5,133,10,9,smb
2009-07-01_to_2012-07-01,2009-07-01,2012-07-01,"hml,smb,mom",mkt,14,5,133,10,10,mom
2009-07-01_to_2012-07-01,2009-07-01,2012-07-01,"hml,smb,mom",mkt,14,5,134,9,1,mom
2009-07-01_to_2012-07-01,2009-07-01,2012-07-01,"hml,smb,mom",mkt,14,5,134,9,2,mom
2009-07-01_to_2012-07-01,2009-07-01,2012-07-01,"hml,smb,mom",mkt,14,5,134,9,3,mom
2009-07-01_to_2012-07-01,2009-07-01,2012-07-01,"hml,smb,mom",mkt,14,5,134,9,4,mom
2009-07-01_to_2012-07-01,2009-07-01,2012-07-01,"hml,smb,mom",mkt,14,5,134,9,5,mom
2009-07-01_to_2012-07-01,2009-07-01,2012-07-01,"hml,smb,mom",mkt,14,5,134,9,6,smb
2009-07-01_to_2012-07-01,2009-07-01,2012-07-01,"hml,smb,mom",mkt,14,5,134,9,7,smb
2009-07-01_to_2012-07-01,2009-07-01,2012-07-01,"hml,smb,mom",mkt,14,5,134,9,8,smb
2009-07-01_to_2012-07-01,2009-07-01,2012-07-01,"hml,smb,mom",mkt,14,5,134,9,9,smb
2009-07-01_to_2012-07-01,2009-07-01,2012-07-01,"hml,smb,mom",mkt,14,5,135,8,1,mom
2009-07-01_to_2012-07-01,2009-07-01,2012-07-01,"hml,smb,mom",mkt,14,5,135,8,2,mom
2009-07-01_to_2012-07-01,2009-07-01,2012-07-01,"hml,smb,mom",mkt,14,5,135,8,3,mom
2009-07-01_to_2012-07-01,2009-07-01,2012-07-01,"hml,smb,mom",mkt,14,5,135,8,4,mom
2009-07-01_to_2012-07-01,2009-07-01,2012-07-01,"hml,smb,mom",mkt,14,5,135,8,5,mom
2009-07-01_to_2012-07-01,2009-07-01,2012-07-01,"hml,smb,mom",mkt,14,5,135,8,6,smb
2009-07-01_to_2012-07-01,2009-07-01,2012-07-01,"hml,smb,mom",mkt,14,5,135,8,7,smb
2009-07-01_to_2012-07-01,2009-07-01,2012-07-01,"hml,smb,mom",mkt,14,5,135,8,8,smb
2009-07-01_to_2012-07-01,2009-07-01,2012-07-01,"hml,smb,mom",mkt,14,5,139,10,1,mom
2009-07-01_to_2012-07-01,2009-07-01,2012-07-01,"hml,smb,mom",mkt,14,5,139,10,2,mom
2009-07-01_to_2012-07-01,2009-07-01,2012-07-01,"hml,smb,mom",mkt,14,5,139,10,3,mom
2009-07-01_to_2012-07-01,2009-07-01,2012-07-01,"hml,smb,mom",mkt,14,5,139,10,4,mom
2009-07-01_to_2012-07-01,2009-07-01,2012-07-01,"hml,smb,mom",mkt,14,5,139,10,5,mom
2009-07-01_to_2012-07-01,2009-07-01,2012-07-01,"hml,smb,mom",mkt,14,5,139,10,6,smb
2009-07-01_to_2012-07-01,2009-07-01,2012-07-01,"hml,smb,mom",mkt,14,5,139,10,7,smb
2009-07-01_to_2012-07-01,2009-07-01,2012-07-01,"hml,smb,mom",mkt,14,5,139,10,8,smb
2009-07-01_to_2012-07-01,2009-07-01,2012-07-01,"hml,smb,mom",mkt,14,5,139,10,9,hml
2009-07-01_to_2012-07-01,2009-07-01,2012-07-01,"hml,smb,mom",mkt,14,5,139,10,10,smb
2009-07-01_to_2012-07-01,2009-07-01,2012-07-01,"hml,smb,mom",mkt,14,5,141,11,1,mom
2009-07-01_to_2012-07-01,2009-07-01,2012-07-01,"hml,smb,mom",mkt,14,5,141,11,2,mom
2009-07-01_to_2012-07-01,2009-07-01,2012-07-01,"hml,smb,mom",mkt,14,5,141,11,3,mom
2009-07-01_to_2012-07-01,2009-07-01,2012-07-01,"hml,smb,mom",mkt,14,5,141,11,4,mom
2009-07-01_to_2012-07-01,2009-07-01,2012-07-01,"hml,smb,mom",mkt,14,5,141,11,5,mom
2009-07-01_to_2012-07-01,2009-07-01,2012-07-01,"hml,smb,mom",mkt,14,5,141,11,6,smb
2009-07-01_to_2012-07-01,2009-07-01,2012-07-01,"hml,smb,mom",mkt,14,5,141,11,7,smb
2009-07-01_to_2012-07-01,2009-07-01,2012-07-01,"hml,smb,mom",mkt,14,5,141,11,8,smb
2009-07-01_to_2012-07-01,2009-07-01,2012-07-01,"hml,smb,mom",mkt,14,5,141,11,9,hml
2009-07-01_to_2012-07-01,2009-07-01,2012-07-01,"hml,smb,mom",mkt,14,5,141,11,10,smb
2009-07-01_to_2012-07-01,2009-07-01,2012-07-01,"hml,smb,mom",mkt,14,5,141,11,11,hml
2009-07-01_to_2012-07-01,2009-07-01,2012-07-01,"hml,smb,mom",mkt,14,5,142,11,1,mom
2009-07-01_to_2012-07-01,2009-07-01,2012-07-01,"hml,smb,mom",mkt,14,5,142,11,2,mom
2009-07-01_to_2012-07-01,2009-07-01,2012-07-01,"hml,smb,mom",mkt,14,5,142,11,3,mom
2009-07-01_to_2012-07-01,2009-07-01,2012-07-01,"hml,smb,mom",mkt,14,5,142,11,4,mom
2009-07-01_to_2012-07-01,2009-07-01,2012-07-01,"hml,smb,mom",mkt,14,5,142,11,5,mom
2009-07-01_to_2012-07-01,2009-07-01,2012-07-01,"hml,smb,mom",mkt,14,5,142,11,6,smb
2009-07-01_to_2012-07-01,2009-07-01,2012-07-01,"hml,smb,mom",mkt,14,5,142,11,7,smb
2009-07-01_to_2012-07-01,2009-07-01,2012-07-01,"hml,smb,mom",mkt,14,5,142,11,8,smb
2009-07-01_to_2012-07-01,2009-07-01,2012-07-01,"hml,smb,mom",mkt,14,5,142,11,9,hml
2009-07-01_to_2012-07-01,2009-07-01,2012-07-01,"hml,smb,mom",mkt,14,5,142,11,10,smb
2009-07-01_to_2012-07-01,2009-07-01,2012-07-01,"hml,smb,mom",mkt,14,5,142,11,11,hml
2009-07-01_to_2012-07-01,2009-07-01,2012-07-01,"hml,smb,mom",mkt,14,5,144,10,1,mom
2009-07-01_to_2012-07-01,2009-07-01,2012-07-01,"hml,smb,mom",mkt,14,5,144,10,2,mom
2009-07-01_to_2012-07-01,2009-07-01,2012-07-01,"hml,smb,mom",mkt,14,5,144,10,3,mom
2009-07-01_to_2012-07-01,2009-07-01,2012-07-01,"hml,smb,mom",mkt,14,5,144,10,4,mom
2009-07-01_to_2012-07-01,2009-07-01,2012-07-01,"hml,smb,mom",mkt,14,5,144,10,5,mom
2009-07-01_to_2012-07-01,2009-07-01,2012-07-01,"hml,smb,mom",mkt,14,5,144,10,6,smb
2009-07-01_to_2012-07-01,2009-07-01,2012-07-01,"hml,smb,mom",mkt,14,5,144,10,7,smb
2009-07-01_to_2012-07-01,2009-07-01,2012-07-01,"hml,smb,mom",mkt,14,5,144,10,8,smb
2009-07-01_to_2012-07-01,2009-07-01,2012-07-01,"hml,smb,mom",mkt,14,5,144,10,9,hml
2009-07-01_to_2012-07-01,2009-07-01,2012-07-01,"hml,smb,mom",mkt,14,5,144,10,10,smb
2009-07-01_to_2012-07-01,2009-07-01,2012-07-01,"hml,smb,mom",mkt,14,5,145,10,1,mom
2009-07-01_to_2012-07-01,2009-07-01,2012-07-01,"hml,smb,mom",mkt,14,5,145,10,2,mom
2009-07-01_to_2012-07-01,2009-07-01,2012-07-01,"hml,smb,mom",mkt,14,5,145,10,3,mom
2009-07-01_to_2012-07-01,2009-07-01,2012-07-01,"hml,smb,mom",mkt,14,5,145,10,4,mom
2009-07-01_to_2012-07-01,2009-07-01,2012-07-01,"hml,smb,mom",mkt,14,5,145,10,5,mom
2009-07-01_to_2012-07-01,2009-07-01,2012-07-01,"hml,smb,mom",mkt,14,5,145,10,6,smb
2009-07-01_to_2012-07-01,2009-07-01,2012-07-01,"hml,smb,mom",mkt,14,5,145,10,7,smb
2009-07-01_to_2012-07-01,2009-07-01,2012-07-01,"hml,smb,mom",mkt,14,5,145,10,8,smb
2009-07-01_to_2012-07-01,2009-07-01,2012-07-01,"hml,smb,mom",mkt,14,5,145,10,9,hml
2009-07-01_to_2012-07-01,2009-07-01,2012-07-01,"hml,smb,mom",mkt,14,5,145,10,10,smb
2009-07-01_to_2012-07-01,2009-07-01,2012-07-01,"hml,smb,mom",mkt,14,5,147,9,1,mom
2009-07-01_to_2012-07-01,2009-07-01,2012-07-01,"hml,smb,mom",mkt,14,5,147,9,2,mom
2009-07-01_to_2012-07-01,2009-07-01,2012-07-01,"hml,smb,mom",mkt,14,5,147,9,3,mom
2009-07-01_to_2012-07-01,2009-07-01,2012-07-01,"hml,smb,mom",mkt,14,5,147,9,4,mom
2009-07-01_to_2012-07-01,2009-07-01,2012-07-01,"hml,smb,mom",mkt,14,5,147,9,5,mom
2009-07-01_to_2012-07-01,2009-07-01,2012-07-01,"hml,smb,mom",mkt,14,5,147,9,6,smb
2009-07-01_to_2012-07-01,2009-07-01,2012-07-01,"hml,smb,mom",mkt,14,5,147,9,7,smb
2009-07-01_to_2012-07-01,2009-07-01,2012-07-01,"hml,smb,mom",mkt,14,5,147,9,8,smb
2009-07-01_to_2012-07-01,2009-07-01,2012-07-01,"hml,smb,mom",mkt,14,5,147,9,9,smb
2009-07-01_to_2012-07-01,2009-07-01,2012-07-01,"hml,smb,mom",mkt,14,5,148,9,1,mom
2009-07-01_to_2012-07-01,2009-07-01,2012-07-01,"hml,smb,mom",mkt,14,5,148,9,2,mom
2009-07-01_to_2012-07-01,2009-07-01,2012-07-01,"hml,smb,mom",mkt,14,5,148,9,3,mom
2009-07-01_to_2012-07-01,2009-07-01,2012-07-01,"hml,smb,mom",mkt,14,5,148,9,4,mom
2009-07-01_to_2012-07-01,2009-07-01,2012-07-01,"hml,smb,mom",mkt,14,5,148,9,5,mom
2009-07-01_to_2012-07-01,2009-07-01,2012-07-01,"hml,smb,mom",mkt,14,5,148,9,6,smb
2009-07-01_to_2012-07-01,2009-07-01,2012-07-01,"hml,smb,mom",mkt,14,5,148,9,7,smb
2009-07-01_to_2012-07-01,2009-07-01,2012-07-01,"hml,smb,mom",mkt,14,5,148,9,8,smb
2009-07-01_to_2012-07-01,2009-07-01,2012-07-01,"hml,smb,mom",mkt,14,5,148,9,9,smb
2009-07-01_to_2012-07-01,2009-07-01,2012-07-01,"hml,smb,mom",mkt,14,5,150,7,1,mom
2009-07-01_to_2012-07-01,2009-07-01,2012-07-01,"hml,smb,mom",mkt,14,5,150,7,2,mom
2009-07-01_to_2012-07-01,2009-07-01,2012-07-01,"hml,smb,mom",mkt,14,5,150,7,3,mom
2009-07-01_to_2012-07-01,2009-07-01,2012-07-01,"hml,smb,mom",mkt,14,5,150,7,4,mom
2009-07-01_to_2012-07-01,2009-07-01,2012-07-01,"hml,smb,mom",mkt,14,5,150,7,5,mom
2009-07-01_to_2012-07-01,2009-07-01,2012-07-01,"hml,smb,mom",mkt,14,5,150,7,6,smb
2009-07-01_to_2012-07-01,2009-07-01,2012-07-01,"hml,smb,mom",mkt,14,5,150,7,7,hml
2009-07-01_to_2012-07-01,2009-07-01,2012-07-01,"hml,smb,mom",mkt,14,5,153,9,1,mom
2009-07-01_to_2012-07-01,2009-07-01,2012-07-01,"hml,smb,mom",mkt,14,5,153,9,2,mom
2009-07-01_to_2012-07-01,2009-07-01,2012-07-01,"hml,smb,mom",mkt,14,5,153,9,3,mom
2009-07-01_to_2012-07-01,2009-07-01,2012-07-01,"hml,smb,mom",mkt,14,5,153,9,4,mom
2009-07-01_to_2012-07-01,2009-07-01,2012-07-01,"hml,smb,mom",mkt,14,5,153,9,5,mom
2009-07-01_to_2012-07-01,2009-07-01,2012-07-01,"hml,smb,mom",mkt,14,5,153,9,6,smb
2009-07-01_to_2012-07-01,2009-07-01,2012-07-01,"hml,smb,mom",mkt,14,5,153,9,7,hml
2009-07-01_to_2012-07-01,2009-07-01,2012-07-01,"hml,smb,mom",mkt,14,5,153,9,8,hml
2009-07-01_to_2012-07-01,2009-07-01,2012-07-01,"hml,smb,mom",mkt,14,5,153,9,9,hml
2009-07-01_to_2012-07-01,2009-07-01,2012-07-01,"hml,smb,mom",mkt,14,5,154,9,1,mom
2009-07-01_to_2012-07-01,2009-07-01,2012-07-01,"hml,smb,mom",mkt,14,5,154,9,2,mom
2009-07-01_to_2012-07-01,2009-07-01,2012-07-01,"hml,smb,mom",mkt,14,5,154,9,3,mom
2009-07-01_to_2012-07-01,2009-07-01,2012-07-01,"hml,smb,mom",mkt,14,5,154,9,4,mom
2009-07-01_to_2012-07-01,2009-07-01,2012-07-01,"hml,smb,mom",mkt,14,5,154,9,5,mom
2009-07-01_to_2012-07-01,2009-07-01,2012-07-01,"hml,smb,mom",mkt,14,5,154,9,6,smb
2009-07-01_to_2012-07-01,2009-07-01,2012-07-01,"hml,smb,mom",mkt,14,5,154,9,7,hml
2009-07-01_to_2012-07-01,2009-07-01,2012-07-01,"hml,smb,mom",mkt,14,5,154,9,8,hml
2009-07-01_to_2012-07-01,2009-07-01,2012-07-01,"hml,smb,mom",mkt,14,5,154,9,9,hml
2009-07-01_to_2012-07-01,2009-07-01,2012-07-01,"hml,smb,mom",mkt,14,5,156,9,1,mom
2009-07-01_to_2012-07-01,2009-07-01,2012-07-01,"hml,smb,mom",mkt,14,5,156,9,2,mom
2009-07-01_to_2012-07-01,2009-07-01,2012-07-01,"hml,smb,mom",mkt,14,5,156,9,3,mom
2009-07-01_to_2012-07-01,2009-07-01,2012-07-01,"hml,smb,mom",mkt,14,5,156,9,4,mom
2009-07-01_to_2012-07-01,2009-07-01,2012-07-01,"hml,smb,mom",mkt,14,5,156,9,5,mom
2009-07-01_to_2012-07-01,2009-07-01,2012-07-01,"hml,smb,mom",mkt,14,5,156,9,6,smb
2009-07-01_to_2012-07-01,2009-07-01,2012-07-01,"hml,smb,mom",mkt,14,5,156,9,7,hml
2009-07-01_to_2012-07-01,2009-07-01,2012-07-01,"hml,smb,mom",mkt,14,5,156,9,8,hml
2009-07-01_to_2012-07-01,2009-07-01,2012-07-01,"hml,smb,mom",mkt,14,5,156,9,9,mom
2009-07-01_to_2012-07-01,2009-07-01,2012-07-01,"hml,smb,mom",mkt,14,5,157,9,1,mom
2009-07-01_to_2012-07-01,2009-07-01,2012-07-01,"hml,smb,mom",mkt,14,5,157,9,2,mom
2009-07-01_to_2012-07-01,2009-07-01,2012-07-01,"hml,smb,mom",mkt,14,5,157,9,3,mom
2009-07-01_to_2012-07-01,2009-07-01,2012-07-01,"hml,smb,mom",mkt,14,5,157,9,4,mom
2009-07-01_to_2012-07-01,2009-07-01,2012-07-01,"hml,smb,mom",mkt,14,5,157,9,5,mom
2009-07-01_to_2012-07-01,2009-07-01,2012-07-01,"hml,smb,mom",mkt,14,5,157,9,6,smb
2009-07-01_to_2012-07-01,2009-07-01,2012-07-01,"hml,smb,mom",mkt,14,5,157,9,7,hml
2009-07-01_to_2012-07-01,2009-07-01,2012-07-01,"hml,smb,mom",mkt,14,5,157,9,8,hml
2009-07-01_to_2012-07-01,2009-07-01,2012-07-01,"hml,smb,mom",mkt,14,5,157,9,9,mom
2009-07-01_to_2012-07-01,2009-07-01,2012-07-01,"hml,smb,mom",mkt,14,5,163,10,1,mom
2009-07-01_to_2012-07-01,2009-07-01,2012-07-01,"hml,smb,mom",mkt,14,5,163,10,2,mom
2009-07-01_to_2012-07-01,2009-07-01,2012-07-01,"hml,smb,mom",mkt,14,5,163,10,3,mom
2009-07-01_to_2012-07-01,2009-07-01,2012-07-01,"hml,smb,mom",mkt,14,5,163,10,4,mom
2009-07-01_to_2012-07-01,2009-07-01,2012-07-01,"hml,smb,mom",mkt,14,5,163,10,5,mom
2009-07-01_to_2012-07-01,2009-07-01,2012-07-01,"hml,smb,mom",mkt,14,5,163,10,6,hml
2009-07-01_to_2012-07-01,2009-07-01,2012-07-01,"hml,smb,mom",mkt,14,5,163,10,7,mom
2009-07-01_to_2012-07-01,2009-07-01,2012-07-01,"hml,smb,mom",mkt,14,5,163,10,8,hml
2009-07-01_to_2012-07-01,2009-07-01,2012-07-01,"hml,smb,mom",mkt,14,5,163,10,9,smb
2009-07-01_to_2012-07-01,2009-07-01,2012-07-01,"hml,smb,mom",mkt,14,5,163,10,10,hml
2009-07-01_to_2012-07-01,2009-07-01,2012-07-01,"hml,smb,mom",mkt,14,5,165,11,1,mom
2009-07-01_to_2012-07-01,2009-07-01,2012-07-01,"hml,smb,mom",mkt,14,5,165,11,2,mom
2009-07-01_to_2012-07-01,2009-07-01,2012-07-01,"hml,smb,mom",mkt,14,5,165,11,3,mom
2009-07-01_to_2012-07-01,2009-07-01,2012-07-01,"hml,smb,mom",mkt,14,5,165,11,4,mom
2009-07-01_to_2012-07-01,2009-07-01,2012-07-01,"hml,smb,mom",mkt,14,5,165,11,5,mom
2009-07-01_to_2012-07-01,2009-07-01,2012-07-01,"hml,smb,mom",mkt,14,5,165,11,6,hml
2009-07-01_to_2012-07-01,2009-07-01,2012-07-01,"hml,smb,mom",mkt,14,5,165,11,7,mom
2009-07-01_to_2012-07-01,2009-07-01,2012-07-01,"hml,smb,mom",mkt,14,5,165,11,8,hml
2009-07-01_to_2012-07-01,2009-07-01,2012-07-01,"hml,smb,mom",mkt,14,5,165,11,9,smb
2009-07-01_to_2012-07-01,2009-07-01,2012-07-01,"hml,smb,mom",mkt,14,5,165,11,10,hml
2009-07-01_to_2012-07-01,2009-07-01,2012-07-01,"hml,smb,mom",mkt,14,5,165,11,11,smb
2009-07-01_to_2012-07-01,2009-07-01,2012-07-01,"hml,smb,mom",mkt,14,5,166,11,1,mom
2009-07-01_to_2012-07-01,2009-07-01,2012-07-01,"hml,smb,mom",mkt,14,5,166,11,2,mom
2009-07-01_to_2012-07-01,2009-07-01,2012-07-01,"hml,smb,mom",mkt,14,5,166,11,3,mom
2009-07-01_to_2012-07-01,2009-07-01,2012-07-01,"hml,smb,mom",mkt,14,5,166,11,4,mom
2009-07-01_to_2012-07-01,2009-07-01,2012-07-01,"hml,smb,mom",mkt,14,5,166,11,5,mom
2009-07-01_to_2012-07-01,2009-07-01,2012-07-01,"hml,smb,mom",mkt,14,5,166,11,6,hml
2009-07-01_to_2012-07-01,2009-07-01,2012-07-01,"hml,smb,mom",mkt,14,5,166,11,7,mom
2009-07-01_to_2012-07-01,2009-07-01,2012-07-01,"hml,smb,mom",mkt,14,5,166,11,8,hml
2009-07-01_to_2012-07-01,2009-07-01,2012-07-01,"hml,smb,mom",mkt,14,5,166,11,9,smb
2009-07-01_to_2012-07-01,2009-07-01,2012-07-01,"hml,smb,mom",mkt,14,5,166,11,10,hml
2009-07-01_to_2012-07-01,2009-07-01,2012-07-01,"hml,smb,mom",mkt,14,5,166,11,11,smb
2009-07-01_to_2012-07-01,2009-07-01,2012-07-01,"hml,smb,mom",mkt,14,5,169,11,1,mom
2009-07-01_to_2012-07-01,2009-07-01,2012-07-01,"hml,smb,mom",mkt,14,5,169,11,2,mom
2009-07-01_to_2012-07-01,2009-07-01,2012-07-01,"hml,smb,mom",mkt,14,5,169,11,3,mom
2009-07-01_to_2012-07-01,2009-07-01,2012-07-01,"hml,smb,mom",mkt,14,5,169,11,4,mom
2009-07-01_to_2012-07-01,2009-07-01,2012-07-01,"hml,smb,mom",mkt,14,5,169,11,5,mom
2009-07-01_to_2012-07-01,2009-07-01,2012-07-01,"hml,smb,mom",mkt,14,5,169,11,6,hml
2009-07-01_to_2012-07-01,2009-07-01,2012-07-01,"hml,smb,mom",mkt,14,5,169,11,7,mom
2009-07-01_to_2012-07-01,2009-07-01,2012-07-01,"hml,smb,mom",mkt,14,5,169,11,8,hml
2009-07-01_to_2012-07-01,2009-07-01,2012-07-01,"hml,smb,mom",mkt,14,5,169,11,9,smb
2009-07-01_to_2012-07-01,2009-07-01,2012-07-01,"hml,smb,mom",mkt,14,5,169,11,10,smb
2009-07-01_to_2012-07-01,2009-07-01,2012-07-01,"hml,smb,mom",mkt,14,5,169,11,11,mom
2009-07-01_to_2012-07-01,2009-07-01,2012-07-01,"hml,smb,mom",mkt,14,5,170,11,1,mom
2009-07-01_to_2012-07-01,2009-07-01,2012-07-01,"hml,smb,mom",mkt,14,5,170,11,2,mom
2009-07-01_to_2012-07-01,2009-07-01,2012-07-01,"hml,smb,mom",mkt,14,5,170,11,3,mom
2009-07-01_to_2012-07-01,2009-07-01,2012-07-01,"hml,smb,mom",mkt,14,5,170,11,4,mom
2009-07-01_to_2012-07-01,2009-07-01,2012-07-01,"hml,smb,mom",mkt,14,5,170,11,5,mom
2009-07-01_to_2012-07-01,2009-07-01,2012-07-01,"hml,smb,mom",mkt,14,5,170,11,6,hml
2009-07-01_to_2012-07-01,2009-07-01,2012-07-01,"hml,smb,mom",mkt,14,5,170,11,7,mom
2009-07-01_to_2012-07-01,2009-07-01,2012-07-01,"hml,smb,mom",mkt,14,5,170,11,8,hml
2009-07-01_to_2012-07-01,2009-07-01,2012-07-01,"hml,smb,mom",mkt,14,5,170,11,9,smb
2009-07-01_to_2012-07-01,2009-07-01,2012-07-01,"hml,smb,mom",mkt,14,5,170,11,10,smb
2009-07-01_to_2012-07-01,2009-07-01,2012-07-01,"hml,smb,mom",mkt,14,5,170,11,11,mom
2009-07-01_to_2012-07-01,2009-07-01,2012-07-01,"hml,smb,mom",mkt,14,5,171,10,1,mom
2009-07-01_to_2012-07-01,2009-07-01,2012-07-01,"hml,smb,mom",mkt,14,5,171,10,2,mom
2009-07-01_to_2012-07-01,2009-07-01,2012-07-01,"hml,smb,mom",mkt,14,5,171,10,3,mom
2009-07-01_to_2012-07-01,2009-07-01,2012-07-01,"hml,smb,mom",mkt,14,5,171,10,4,mom
2009-07-01_to_2012-07-01,2009-07-01,2012-07-01,"hml,smb,mom",mkt,14,5,171,10,5,mom
2009-07-01_to_2012-07-01,2009-07-01,2012-07-01,"hml,smb,mom",mkt,14,5,171,10,6,hml
2009-07-01_to_2012-07-01,2009-07-01,2012-07-01,"hml,smb,mom",mkt,14,5,171,10,7,mom
2009-07-01_to_2012-07-01,2009-07-01,2012-07-01,"hml,smb,mom",mkt,14,5,171,10,8,hml
2009-07-01_to_2012-07-01,2009-07-01,2012-07-01,"hml,smb,mom",mkt,14,5,171,10,9,smb
2009-07-01_to_2012-07-01,2009-07-01,2012-07-01,"hml,smb,mom",mkt,14,5,171,10,10,smb
2009-07-01_to_2012-07-01,2009-07-01,2012-07-01,"hml,smb,mom",mkt,14,5,174,10,1,mom
2009-07-01_to_2012-07-01,2009-07-01,2012-07-01,"hml,smb,mom",mkt,14,5,174,10,2,mom
2009-07-01_to_2012-07-01,2009-07-01,2012-07-01,"hml,smb,mom",mkt,14,5,174,10,3,mom
2009-07-01_to_2012-07-01,2009-07-01,2012-07-01,"hml,smb,mom",mkt,14,5,174,10,4,mom
2009-07-01_to_2012-07-01,2009-07-01,2012-07-01,"hml,smb,mom",mkt,14,5,174,10,5,mom
2009-07-01_to_2012-07-01,2009-07-01,2012-07-01,"hml,smb,mom",mkt,14,5,174,10,6,hml
2009-07-01_to_2012-07-01,2009-07-01,2012-07-01,"hml,smb,mom",mkt,14,5,174,10,7,mom
2009-07-01_to_2012-07-01,2009-07-01,2012-07-01,"hml,smb,mom",mkt,14,5,174,10,8,hml
2009-07-01_to_2012-07-01,2009-07-01,2012-07-01,"hml,smb,mom",mkt,14,5,174,10,9,smb
2009-07-01_to_2012-07-01,2009-07-01,2012-07-01,"hml,smb,mom",mkt,14,5,174,10,10,hml
2009-07-01_to_2012-07-01,2009-07-01,2012-07-01,"hml,smb,mom",mkt,14,5,175,10,1,mom
2009-07-01_to_2012-07-01,2009-07-01,2012-07-01,"hml,smb,mom",mkt,14,5,175,10,2,mom
2009-07-01_to_2012-07-01,2009-07-01,2012-07-01,"hml,smb,mom",mkt,14,5,175,10,3,mom
2009-07-01_to_2012-07-01,2009-07-01,2012-07-01,"hml,smb,mom",mkt,14,5,175,10,4,mom
2009-07-01_to_2012-07-01,2009-07-01,2012-07-01,"hml,smb,mom",mkt,14,5,175,10,5,mom
2009-07-01_to_2012-07-01,2009-07-01,2012-07-01,"hml,smb,mom",mkt,14,5,175,10,6,hml
2009-07-01_to_2012-07-01,2009-07-01,2012-07-01,"hml,smb,mom",mkt,14,5,175,10,7,mom
2009-07-01_to_2012-07-01,2009-07-01,2012-07-01,"hml,smb,mom",mkt,14,5,175,10,8,hml
2009-07-01_to_2012-07-01,2009-07-01,2012-07-01,"hml,smb,mom",mkt,14,5,175,10,9,smb
2009-07-01_to_2012-07-01,2009-07-01,2012-07-01,"hml,smb,mom",mkt,14,5,175,10,10,hml
2009-07-01_to_2012-07-01,2009-07-01,2012-07-01,"hml,smb,mom",mkt,14,5,176,9,1,mom
2009-07-01_to_2012-07-01,2009-07-01,2012-07-01,"hml,smb,mom",mkt,14,5,176,9,2,mom
2009-07-01_to_2012-07-01,2009-07-01,2012-07-01,"hml,smb,mom",mkt,14,5,176,9,3,mom
2009-07-01_to_2012-07-01,2009-07-01,2012-07-01,"hml,smb,mom",mkt,14,5,176,9,4,mom
2009-07-01_to_2012-07-01,2009-07-01,2012-07-01,"hml,smb,mom",mkt,14,5,176,9,5,mom
2009-07-01_to_2012-07-01,2009-07-01,2012-07-01,"hml,smb,mom",mkt,14,5,176,9,6,hml
2009-07-01_to_2012-07-01,2009-07-01,2012-07-01,"hml,smb,mom",mkt,14,5,176,9,7,mom
2009-07-01_to_2012-07-01,2009-07-01,2012-07-01,"hml,smb,mom",mkt,14,5,176,9,8,hml
2009-07-01_to_2012-07-01,2009-07-01,2012-07-01,"hml,smb,mom",mkt,14,5,176,9,9,smb
2009-07-01_to_2012-07-01,2009-07-01,2012-07-01,"hml,smb,mom",mkt,14,5,177,7,1,mom
2009-07-01_to_2012-07-01,2009-07-01,2012-07-01,"hml,smb,mom",mkt,14,5,177,7,2,mom
2009-07-01_to_2012-07-01,2009-07-01,2012-07-01,"hml,smb,mom",mkt,14,5,177,7,3,mom
2009-07-01_to_2012-07-01,2009-07-01,2012-07-01,"hml,smb,mom",mkt,14,5,177,7,4,mom
2009-07-01_to_2012-07-01,2009-07-01,2012-07-01,"hml,smb,mom",mkt,14,5,177,7,5,mom
2009-07-01_to_2012-07-01,2009-07-01,2012-07-01,"hml,smb,mom",mkt,14,5,177,7,6,hml
2009-07-01_to_2012-07-01,2009-07-01,2012-07-01,"hml,smb,mom",mkt,14,5,177,7,7,mom
2009-07-01_to_2012-07-01,2009-07-01,2012-07-01,"hml,smb,mom",mkt,14,5,179,7,1,mom
2009-07-01_to_2012-07-01,2009-07-01,2012-07-01,"hml,smb,mom",mkt,14,5,179,7,2,mom
2009-07-01_to_2012-07-01,2009-07-01,2012-07-01,"hml,smb,mom",mkt,14,5,179,7,3,mom
2009-07-01_to_2012-07-01,2009-07-01,2012-07-01,"hml,smb,mom",mkt,14,5,179,7,4,mom
2009-07-01_to_2012-07-01,2009-07-01,2012-07-01,"hml,smb,mom",mkt,14,5,179,7,5,mom
2009-07-01_to_2012-07-01,2009-07-01,2012-07-01,"hml,smb,mom",mkt,14,5,179,7,6,hml
2009-07-01_to_2012-07-01,2009-07-01,2012-07-01,"hml,smb,mom",mkt,14,5,179,7,7,hml
2009-07-01_to_2012-07-01,2009-07-01,2012-07-01,"hml,smb,mom",mkt,14,5,183,10,1,mom
2009-07-01_to_2012-07-01,2009-07-01,2012-07-01,"hml,smb,mom",mkt,14,5,183,10,2,mom
2009-07-01_to_2012-07-01,2009-07-01,2012-07-01,"hml,smb,mom",mkt,14,5,183,10,3,mom
2009-07-01_to_2012-07-01,2009-07-01,2012-07-01,"hml,smb,mom",mkt,14,5,183,10,4,mom
2009-07-01_to_2012-07-01,2009-07-01,2012-07-01,"hml,smb,mom",mkt,14,5,183,10,5,mom
2009-07-01_to_2012-07-01,2009-07-01,2012-07-01,"hml,smb,mom",mkt,14,5,183,10,6,hml
2009-07-01_to_2012-07-01,2009-07-01,2012-07-01,"hml,smb,mom",mkt,14,5,183,10,7,hml
2009-07-01_to_2012-07-01,2009-07-01,2012-07-01,"hml,smb,mom",mkt,14,5,183,10,8,smb
2009-07-01_to_2012-07-01,2009-07-01,2012-07-01,"hml,smb,mom",mkt,14,5,183,10,9,hml
2009-07-01_to_2012-07-01,2009-07-01,2012-07-01,"hml,smb,mom",mkt,14,5,183,10,10,hml
2009-07-01_to_2012-07-01,2009-07-01,2012-07-01,"hml,smb,mom",mkt,14,5,184,10,1,mom
2009-07-01_to_2012-07-01,2009-07-01,2012-07-01,"hml,smb,mom",mkt,14,5,184,10,2,mom
2009-07-01_to_2012-07-01,2009-07-01,2012-07-01,"hml,smb,mom",mkt,14,5,184,10,3,mom
2009-07-01_to_2012-07-01,2009-07-01,2012-07-01,"hml,smb,mom",mkt,14,5,184,10,4,mom
2009-07-01_to_2012-07-01,2009-07-01,2012-07-01,"hml,smb,mom",mkt,14,5,184,10,5,mom
2009-07-01_to_2012-07-01,2009-07-01,2012-07-01,"hml,smb,mom",mkt,14,5,184,10,6,hml
2009-07-01_to_2012-07-01,2009-07-01,2012-07-01,"hml,smb,mom",mkt,14,5,184,10,7,hml
2009-07-01_to_2012-07-01,2009-07-01,2012-07-01,"hml,smb,mom",mkt,14,5,184,10,8,smb
2009-07-01_to_2012-07-01,2009-07-01,2012-07-01,"hml,smb,mom",mkt,14,5,184,10,9,hml
2009-07-01_to_2012-07-01,2009-07-01,2012-07-01,"hml,smb,mom",mkt,14,5,184,10,10,hml
2009-07-01_to_2012-07-01,2009-07-01,2012-07-01,"hml,smb,mom",mkt,14,5,185,9,1,mom
2009-07-01_to_2012-07-01,2009-07-01,2012-07-01,"hml,smb,mom",mkt,14,5,185,9,2,mom
2009-07-01_to_2012-07-01,2009-07-01,2012-07-01,"hml,smb,mom",mkt,14,5,185,9,3,mom
2009-07-01_to_2012-07-01,2009-07-01,2012-07-01,"hml,smb,mom",mkt,14,5,185,9,4,mom
2009-07-01_to_2012-07-01,2009-07-01,2012-07-01,"hml,smb,mom",mkt,14,5,185,9,5,mom
2009-07-01_to_2012-07-01,2009-07-01,2012-07-01,"hml,smb,mom",mkt,14,5,185,9,6,hml
2009-07-01_to_2012-07-01,2009-07-01,2012-07-01,"hml,smb,mom",mkt,14,5,185,9,7,hml
2009-07-01_to_2012-07-01,2009-07-01,2012-07-01,"hml,smb,mom",mkt,14,5,185,9,8,smb
2009-07-01_to_2012-07-01,2009-07-01,2012-07-01,"hml,smb,mom",mkt,14,5,185,9,9,hml
2009-07-01_to_2012-07-01,2009-07-01,2012-07-01,"hml,smb,mom",mkt,14,5,186,8,1,mom
2009-07-01_to_2012-07-01,2009-07-01,2012-07-01,"hml,smb,mom",mkt,14,5,186,8,2,mom
2009-07-01_to_2012-07-01,2009-07-01,2012-07-01,"hml,smb,mom",mkt,14,5,186,8,3,mom
2009-07-01_to_2012-07-01,2009-07-01,2012-07-01,"hml,smb,mom",mkt,14,5,186,8,4,mom
2009-07-01_to_2012-07-01,2009-07-01,2012-07-01,"hml,smb,mom",mkt,14,5,186,8,5,mom
2009-07-01_to_2012-07-01,2009-07-01,2012-07-01,"hml,smb,mom",mkt,14,5,186,8,6,hml
2009-07-01_to_2012-07-01,2009-07-01,2012-07-01,"hml,smb,mom",mkt,14,5,186,8,7,hml
2009-07-01_to_2012-07-01,2009-07-01,2012-07-01,"hml,smb,mom",mkt,14,5,186,8,8,smb
2009-07-01_to_2012-07-01,2009-07-01,2012-07-01,"hml,smb,mom",mkt,14,5,191,7,1,mom
2009-07-01_to_2012-07-01,2009-07-01,2012-07-01,"hml,smb,mom",mkt,14,5,191,7,2,mom
2009-07-01_to_2012-07-01,2009-07-01,2012-07-01,"hml,smb,mom",mkt,14,5,191,7,3,mom
2009-07-01_to_2012-07-01,2009-07-01,2012-07-01,"hml,smb,mom",mkt,14,5,191,7,4,mom
2009-07-01_to_2012-07-01,2009-07-01,2012-07-01,"hml,smb,mom",mkt,14,5,191,7,5,hml
2009-07-01_to_2012-07-01,2009-07-01,2012-07-01,"hml,smb,mom",mkt,14,5,191,7,6,smb
2009-07-01_to_2012-07-01,2009-07-01,2012-07-01,"hml,smb,mom",mkt,14,5,191,7,7,mom
2009-07-01_to_2012-07-01,2009-07-01,2012-07-01,"hml,smb,mom",mkt,14,5,193,8,1,mom
2009-07-01_to_2012-07-01,2009-07-01,2012-07-01,"hml,smb,mom",mkt,14,5,193,8,2,mom
2009-07-01_to_2012-07-01,2009-07-01,2012-07-01,"hml,smb,mom",mkt,14,5,193,8,3,mom
2009-07-01_to_2012-07-01,2009-07-01,2012-07-01,"hml,smb,mom",mkt,14,5,193,8,4,mom
2009-07-01_to_2012-07-01,2009-07-01,2012-07-01,"hml,smb,mom",mkt,14,5,193,8,5,hml
2009-07-01_to_2012-07-01,2009-07-01,2012-07-01,"hml,smb,mom",mkt,14,5,193,8,6,smb
2009-07-01_to_2012-07-01,2009-07-01,2012-07-01,"hml,smb,mom",mkt,14,5,193,8,7,mom
2009-07-01_to_2012-07-01,2009-07-01,2012-07-01,"hml,smb,mom",mkt,14,5,193,8,8,smb
2009-07-01_to_2012-07-01,2009-07-01,2012-07-01,"hml,smb,mom",mkt,14,5,194,8,1,mom
2009-07-01_to_2012-07-01,2009-07-01,2012-07-01,"hml,smb,mom",mkt,14,5,194,8,2,mom
2009-07-01_to_2012-07-01,2009-07-01,2012-07-01,"hml,smb,mom",mkt,14,5,194,8,3,mom
2009-07-01_to_2012-07-01,2009-07-01,2012-07-01,"hml,smb,mom",mkt,14,5,194,8,4,mom
2009-07-01_to_2012-07-01,2009-07-01,2012-07-01,"hml,smb,mom",mkt,14,5,194,8,5,hml
2009-07-01_to_2012-07-01,2009-07-01,2012-07-01,"hml,smb,mom",mkt,14,5,194,8,6,smb
2009-07-01_to_2012-07-01,2009-07-01,2012-07-01,"hml,smb,mom",mkt,14,5,194,8,7,mom
2009-07-01_to_2012-07-01,2009-07-01,2012-07-01,"hml,smb,mom",mkt,14,5,194,8,8,smb
2009-07-01_to_2012-07-01,2009-07-01,2012-07-01,"hml,smb,mom",mkt,14,5,195,6,1,mom
2009-07-01_to_2012-07-01,2009-07-01,2012-07-01,"hml,smb,mom",mkt,14,5,195,6,2,mom
2009-07-01_to_2012-07-01,2009-07-01,2012-07-01,"hml,smb,mom",mkt,14,5,195,6,3,mom
2009-07-01_to_2012-07-01,2009-07-01,2012-07-01,"hml,smb,mom",mkt,14,5,195,6,4,mom
2009-07-01_to_2012-07-01,2009-07-01,2012-07-01,"hml,smb,mom",mkt,14,5,195,6,5,hml
2009-07-01_to_2012-07-01,2009-07-01,2012-07-01,"hml,smb,mom",mkt,14,5,195,6,6,smb
2009-07-01_to_2012-07-01,2009-07-01,2012-07-01,"hml,smb,mom",mkt,14,5,198,7,1,mom
2009-07-01_to_2012-07-01,2009-07-01,2012-07-01,"hml,smb,mom",mkt,14,5,198,7,2,mom
2009-07-01_to_2012-07-01,2009-07-01,2012-07-01,"hml,smb,mom",mkt,14,5,198,7,3,mom
2009-07-01_to_2012-07-01,2009-07-01,2012-07-01,"hml,smb,mom",mkt,14,5,198,7,4,mom
2009-07-01_to_2012-07-01,2009-07-01,2012-07-01,"hml,smb,mom",mkt,14,5,198,7,5,hml
2009-07-01_to_2012-07-01,2009-07-01,2012-07-01,"hml,smb,mom",mkt,14,5,198,7,6,hml
2009-07-01_to_2012-07-01,2009-07-01,2012-07-01,"hml,smb,mom",mkt,14,5,198,7,7,hml
2009-07-01_to_2012-07-01,2009-07-01,2012-07-01,"hml,smb,mom",mkt,14,5,199,7,1,mom
2009-07-01_to_2012-07-01,2009-07-01,2012-07-01,"hml,smb,mom",mkt,14,5,199,7,2,mom
2009-07-01_to_2012-07-01,2009-07-01,2012-07-01,"hml,smb,mom",mkt,14,5,199,7,3,mom
2009-07-01_to_2012-07-01,2009-07-01,2012-07-01,"hml,smb,mom",mkt,14,5,199,7,4,mom
2009-07-01_to_2012-07-01,2009-07-01,2012-07-01,"hml,smb,mom",mkt,14,5,199,7,5,hml
2009-07-01_to_2012-07-01,2009-07-01,2012-07-01,"hml,smb,mom",mkt,14,5,199,7,6,hml
2009-07-01_to_2012-07-01,2009-07-01,2012-07-01,"hml,smb,mom",mkt,14,5,199,7,7,hml
2009-07-01_to_2012-07-01,2009-07-01,2012-07-01,"hml,smb,mom",mkt,14,5,201,7,1,mom
2009-07-01_to_2012-07-01,2009-07-01,2012-07-01,"hml,smb,mom",mkt,14,5,201,7,2,mom
2009-07-01_to_2012-07-01,2009-07-01,2012-07-01,"hml,smb,mom",mkt,14,5,201,7,3,mom
2009-07-01_to_2012-07-01,2009-07-01,2012-07-01,"hml,smb,mom",mkt,14,5,201,7,4,mom
2009-07-01_to_2012-07-01,2009-07-01,2012-07-01,"hml,smb,mom",mkt,14,5,201,7,5,hml
2009-07-01_to_2012-07-01,2009-07-01,2012-07-01,"hml,smb,mom",mkt,14,5,201,7,6,hml
2009-07-01_to_2012-07-01,2009-07-01,2012-07-01,"hml,smb,mom",mkt,14,5,201,7,7,mom
2009-07-01_to_2012-07-01,2009-07-01,2012-07-01,"hml,smb,mom",mkt,14,5,203,8,1,mom
2009-07-01_to_2012-07-01,2009-07-01,2012-07-01,"hml,smb,mom",mkt,14,5,203,8,2,mom
2009-07-01_to_2012-07-01,2009-07-01,2012-07-01,"hml,smb,mom",mkt,14,5,203,8,3,mom
2009-07-01_to_2012-07-01,2009-07-01,2012-07-01,"hml,smb,mom",mkt,14,5,203,8,4,mom
2009-07-01_to_2012-07-01,2009-07-01,2012-07-01,"hml,smb,mom",mkt,14,5,203,8,5,hml
2009-07-01_to_2012-07-01,2009-07-01,2012-07-01,"hml,smb,mom",mkt,14,5,203,8,6,hml
2009-07-01_to_2012-07-01,2009-07-01,2012-07-01,"hml,smb,mom",mkt,14,5,203,8,7,mom
2009-07-01_to_2012-07-01,2009-07-01,2012-07-01,"hml,smb,mom",mkt,14,5,203,8,8,mom
2009-07-01_to_2012-07-01,2009-07-01,2012-07-01,"hml,smb,mom",mkt,14,5,204,8,1,mom
2009-07-01_to_2012-07-01,2009-07-01,2012-07-01,"hml,smb,mom",mkt,14,5,204,8,2,mom
2009-07-01_to_2012-07-01,2009-07-01,2012-07-01,"hml,smb,mom",mkt,14,5,204,8,3,mom
2009-07-01_to_2012-07-01,2009-07-01,2012-07-01,"hml,smb,mom",mkt,14,5,204,8,4,mom
2009-07-01_to_2012-07-01,2009-07-01,2012-07-01,"hml,smb,mom",mkt,14,5,204,8,5,hml
2009-07-01_to_2012-07-01,2009-07-01,2012-07-01,"hml,smb,mom",mkt,14,5,204,8,6,hml
2009-07-01_to_2012-07-01,2009-07-01,2012-07-01,"hml,smb,mom",mkt,14,5,204,8,7,mom
2009-07-01_to_2012-07-01,2009-07-01,2012-07-01,"hml,smb,mom",mkt,14,5,204,8,8,mom
2009-07-01_to_2012-07-01,2009-07-01,2012-07-01,"hml,smb,mom",mkt,14,5,207,6,1,mom
2009-07-01_to_2012-07-01,2009-07-01,2012-07-01,"hml,smb,mom",mkt,14,5,207,6,2,mom
2009-07-01_to_2012-07-01,2009-07-01,2012-07-01,"hml,smb,mom",mkt,14,5,207,6,3,mom
2009-07-01_to_2012-07-01,2009-07-01,2012-07-01,"hml,smb,mom",mkt,14,5,207,6,4,mom
2009-07-01_to_2012-07-01,2009-07-01,2012-07-01,"hml,smb,mom",mkt,14,5,207,6,5,mom
2009-07-01_to_2012-07-01,2009-07-01,2012-07-01,"hml,smb,mom",mkt,14,5,207,6,6,hml
2009-07-01_to_2012-07-01,2009-07-01,2012-07-01,"hml,smb,mom",mkt,14,5,209,7,1,mom
2009-07-01_to_2012-07-01,2009-07-01,2012-07-01,"hml,smb,mom",mkt,14,5,209,7,2,mom
2009-07-01_to_2012-07-01,2009-07-01,2012-07-01,"hml,smb,mom",mkt,14,5,209,7,3,mom
2009-07-01_to_2012-07-01,2009-07-01,2012-07-01,"hml,smb,mom",mkt,14,5,209,7,4,mom
2009-07-01_to_2012-07-01,2009-07-01,2012-07-01,"hml,smb,mom",mkt,14,5,209,7,5,mom
2009-07-01_to_2012-07-01,2009-07-01,2012-07-01,"hml,smb,mom",mkt,14,5,209,7,6,hml
2009-07-01_to_2012-07-01,2009-07-01,2012-07-01,"hml,smb,mom",mkt,14,5,209,7,7,hml
2009-07-01_to_2012-07-01,2009-07-01,2012-07-01,"hml,smb,mom",mkt,14,5,214,11,1,mom
2009-07-01_to_2012-07-01,2009-07-01,2012-07-01,"hml,smb,mom",mkt,14,5,214,11,2,mom
2009-07-01_to_2012-07-01,2009-07-01,2012-07-01,"hml,smb,mom",mkt,14,5,214,11,3,mom
2009-07-01_to_2012-07-01,2009-07-01,2012-07-01,"hml,smb,mom",mkt,14,5,214,11,4,mom
2009-07-01_to_2012-07-01,2009-07-01,2012-07-01,"hml,smb,mom",mkt,14,5,214,11,5,mom
2009-07-01_to_2012-07-01,2009-07-01,2012-07-01,"hml,smb,mom",mkt,14,5,214,11,6,hml
2009-07-01_to_2012-07-01,2009-07-01,2012-07-01,"hml,smb,mom",mkt,14,5,214,11,7,hml
2009-07-01_to_2012-07-01,2009-07-01,2012-07-01,"hml,smb,mom",mkt,14,5,214,11,8,smb
2009-07-01_to_2012-07-01,2009-07-01,2012-07-01,"hml,smb,mom",mkt,14,5,214,11,9,hml
2009-07-01_to_2012-07-01,2009-07-01,2012-07-01,"hml,smb,mom",mkt,14,5,214,11,10,mom
2009-07-01_to_2012-07-01,2009-07-01,2012-07-01,"hml,smb,mom",mkt,14,5,214,11,11,hml
2009-07-01_to_2012-07-01,2009-07-01,2012-07-01,"hml,smb,mom",mkt,14,5,215,11,1,mom
2009-07-01_to_2012-07-01,2009-07-01,2012-07-01,"hml,smb,mom",mkt,14,5,215,11,2,mom
2009-07-01_to_2012-07-01,2009-07-01,2012-07-01,"hml,smb,mom",mkt,14,5,215,11,3,mom
2009-07-01_to_2012-07-01,2009-07-01,2012-07-01,"hml,smb,mom",mkt,14,5,215,11,4,mom
2009-07-01_to_2012-07-01,2009-07-01,2012-07-01,"hml,smb,mom",mkt,14,5,215,11,5,mom
2009-07-01_to_2012-07-01,2009-07-01,2012-07-01,"hml,smb,mom",mkt,14,5,215,11,6,hml
2009-07-01_to_2012-07-01,2009-07-01,2012-07-01,"hml,smb,mom",mkt,14,5,215,11,7,hml
2009-07-01_to_2012-07-01,2009-07-01,2012-07-01,"hml,smb,mom",mkt,14,5,215,11,8,smb
2009-07-01_to_2012-07-01,2009-07-01,2012-07-01,"hml,smb,mom",mkt,14,5,215,11,9,hml
2009-07-01_to_2012-07-01,2009-07-01,2012-07-01,"hml,smb,mom",mkt,14,5,215,11,10,mom
2009-07-01_to_2012-07-01,2009-07-01,2012-07-01,"hml,smb,mom",mkt,14,5,215,11,11,hml
2009-07-01_to_2012-07-01,2009-07-01,2012-07-01,"hml,smb,mom",mkt,14,5,216,10,1,mom
2009-07-01_to_2012-07-01,2009-07-01,2012-07-01,"hml,smb,mom",mkt,14,5,216,10,2,mom
2009-07-01_to_2012-07-01,2009-07-01,2012-07-01,"hml,smb,mom",mkt,14,5,216,10,3,mom
2009-07-01_to_2012-07-01,2009-07-01,2012-07-01,"hml,smb,mom",mkt,14,5,216,10,4,mom
2009-07-01_to_2012-07-01,2009-07-01,2012-07-01,"hml,smb,mom",mkt,14,5,216,10,5,mom
2009-07-01_to_2012-07-01,2009-07-01,2012-07-01,"hml,smb,mom",mkt,14,5,216,10,6,hml
2009-07-01_to_2012-07-01,2009-07-01,2012-07-01,"hml,smb,mom",mkt,14,5,216,10,7,hml
2009-07-01_to_2012-07-01,2009-07-01,2012-07-01,"hml,smb,mom",mkt,14,5,216,10,8,smb
2009-07-01_to_2012-07-01,2009-07-01,2012-07-01,"hml,smb,mom",mkt,14,5,216,10,9,hml
2009-07-01_to_2012-07-01,2009-07-01,2012-07-01,"hml,smb,mom",mkt,14,5,216,10,10,mom
2009-07-01_to_2012-07-01,2009-07-01,2012-07-01,"hml,smb,mom",mkt,14,5,217,9,1,mom
2009-07-01_to_2012-07-01,2009-07-01,2012-07-01,"hml,smb,mom",mkt,14,5,217,9,2,mom
2009-07-01_to_2012-07-01,2009-07-01,2012-07-01,"hml,smb,mom",mkt,14,5,217,9,3,mom
2009-07-01_to_2012-07-01,2009-07-01,2012-07-01,"hml,smb,mom",mkt,14,5,217,9,4,mom
2009-07-01_to_2012-07-01,2009-07-01,2012-07-01,"hml,smb,mom",mkt,14,5,217,9,5,mom
2009-07-01_to_2012-07-01,2009-07-01,2012-07-01,"hml,smb,mom",mkt,14,5,217,9,6,hml
2009-07-01_to_2012-07-01,2009-07-01,2012-07-01,"hml,smb,mom",mkt,14,5,217,9,7,hml
2009-07-01_to_2012-07-01,2009-07-01,2012-07-01,"hml,smb,mom",mkt,14,5,217,9,8,smb
2009-07-01_to_2012-07-01,2009-07-01,2012-07-01,"hml,smb,mom",mkt,14,5,217,9,9,hml
2009-07-01_to_2012-07-01,2009-07-01,2012-07-01,"hml,smb,mom",mkt,14,5,219,9,1,mom
2009-07-01_to_2012-07-01,2009-07-01,2012-07-01,"hml,smb,mom",mkt,14,5,219,9,2,mom
2009-07-01_to_2012-07-01,2009-07-01,2012-07-01,"hml,smb,mom",mkt,14,5,219,9,3,mom
2009-07-01_to_2012-07-01,2009-07-01,2012-07-01,"hml,smb,mom",mkt,14,5,219,9,4,mom
2009-07-01_to_2012-07-01,2009-07-01,2012-07-01,"hml,smb,mom",mkt,14,5,219,9,5,mom
2009-07-01_to_2012-07-01,2009-07-01,2012-07-01,"hml,smb,mom",mkt,14,5,219,9,6,hml
2009-07-01_to_2012-07-01,2009-07-01,2012-07-01,"hml,smb,mom",mkt,14,5,219,9,7,hml
2009-07-01_to_2012-07-01,2009-07-01,2012-07-01,"hml,smb,mom",mkt,14,5,219,9,8,smb
2009-07-01_to_2012-07-01,2009-07-01,2012-07-01,"hml,smb,mom",mkt,14,5,219,9,9,smb
2009-07-01_to_2012-07-01,2009-07-01,2012-07-01,"hml,smb,mom",mkt,14,5,221,10,1,mom
2009-07-01_to_2012-07-01,2009-07-01,2012-07-01,"hml,smb,mom",mkt,14,5,221,10,2,mom
2009-07-01_to_2012-07-01,2009-07-01,2012-07-01,"hml,smb,mom",mkt,14,5,221,10,3,mom
2009-07-01_to_2012-07-01,2009-07-01,2012-07-01,"hml,smb,mom",mkt,14,5,221,10,4,mom
2009-07-01_to_2012-07-01,2009-07-01,2012-07-01,"hml,smb,mom",mkt,14,5,221,10,5,mom
2009-07-01_to_2012-07-01,2009-07-01,2012-07-01,"hml,smb,mom",mkt,14,5,221,10,6,hml
2009-07-01_to_2012-07-01,2009-07-01,2012-07-01,"hml,smb,mom",mkt,14,5,221,10,7,hml
2009-07-01_to_2012-07-01,2009-07-01,2012-07-01,"hml,smb,mom",mkt,14,5,221,10,8,smb
2009-07-01_to_2012-07-01,2009-07-01,2012-07-01,"hml,smb,mom",mkt,14,5,221,10,9,smb
2009-07-01_to_2012-07-01,2009-07-01,2012-07-01,"hml,smb,mom",mkt,14,5,221,10,10,smb
2009-07-01_to_2012-07-01,2009-07-01,2012-07-01,"hml,smb,mom",mkt,14,5,223,11,1,mom
2009-07-01_to_2012-07-01,2009-07-01,2012-07-01,"hml,smb,mom",mkt,14,5,223,11,2,mom
2009-07-01_to_2012-07-01,2009-07-01,2012-07-01,"hml,smb,mom",mkt,14,5,223,11,3,mom
2009-07-01_to_2012-07-01,2009-07-01,2012-07-01,"hml,smb,mom",mkt,14,5,223,11,4,mom
2009-07-01_to_2012-07-01,2009-07-01,2012-07-01,"hml,smb,mom",mkt,14,5,223,11,5,mom
2009-07-01_to_2012-07-01,2009-07-01,2012-07-01,"hml,smb,mom",mkt,14,5,223,11,6,hml
2009-07-01_to_2012-07-01,2009-07-01,2012-07-01,"hml,smb,mom",mkt,14,5,223,11,7,hml
2009-07-01_to_2012-07-01,2009-07-01,2012-07-01,"hml,smb,mom",mkt,14,5,223,11,8,smb
2009-07-01_to_2012-07-01,2009-07-01,2012-07-01,"hml,smb,mom",mkt,14,5,223,11,9,smb
2009-07-01_to_2012-07-01,2009-07-01,2012-07-01,"hml,smb,mom",mkt,14,5,223,11,10,smb
2009-07-01_to_2012-07-01,2009-07-01,2012-07-01,"hml,smb,mom",mkt,14,5,223,11,11,mom
2009-07-01_to_2012-07-01,2009-07-01,2012-07-01,"hml,smb,mom",mkt,14,5,224,11,1,mom
2009-07-01_to_2012-07-01,2009-07-01,2012-07-01,"hml,smb,mom",mkt,14,5,224,11,2,mom
2009-07-01_to_2012-07-01,2009-07-01,2012-07-01,"hml,smb,mom",mkt,14,5,224,11,3,mom
2009-07-01_to_2012-07-01,2009-07-01,2012-07-01,"hml,smb,mom",mkt,14,5,224,11,4,mom
2009-07-01_to_2012-07-01,2009-07-01,2012-07-01,"hml,smb,mom",mkt,14,5,224,11,5,mom
2009-07-01_to_2012-07-01,2009-07-01,2012-07-01,"hml,smb,mom",mkt,14,5,224,11,6,hml
2009-07-01_to_2012-07-01,2009-07-01,2012-07-01,"hml,smb,mom",mkt,14,5,224,11,7,hml
2009-07-01_to_2012-07-01,2009-07-01,2012-07-01,"hml,smb,mom",mkt,14,5,224,11,8,smb
2009-07-01_to_2012-07-01,2009-07-01,2012-07-01,"hml,smb,mom",mkt,14,5,224,11,9,smb
2009-07-01_to_2012-07-01,2009-07-01,2012-07-01,"hml,smb,mom",mkt,14,5,224,11,10,smb
2009-07-01_to_2012-07-01,2009-07-01,2012-07-01,"hml,smb,mom",mkt,14,5,224,11,11,mom
2009-07-01_to_2012-07-01,2009-07-01,2012-07-01,"hml,smb,mom",mkt,14,5,229,9,1,mom
2009-07-01_to_2012-07-01,2009-07-01,2012-07-01,"hml,smb,mom",mkt,14,5,229,9,2,mom
2009-07-01_to_2012-07-01,2009-07-01,2012-07-01,"hml,smb,mom",mkt,14,5,229,9,3,mom
2009-07-01_to_2012-07-01,2009-07-01,2012-07-01,"hml,smb,mom",mkt,14,5,229,9,4,mom
2009-07-01_to_2012-07-01,2009-07-01,2012-07-01,"hml,smb,mom",mkt,14,5,229,9,5,mom
2009-07-01_to_2012-07-01,2009-07-01,2012-07-01,"hml,smb,mom",mkt,14,5,229,9,6,hml
2009-07-01_to_2012-07-01,2009-07-01,2012-07-01,"hml,smb,mom",mkt,14,5,229,9,7,hml
2009-07-01_to_2012-07-01,2009-07-01,2012-07-01,"hml,smb,mom",mkt,14,5,229,9,8,hml
2009-07-01_to_2012-07-01,2009-07-01,2012-07-01,"hml,smb,mom",mkt,14,5,229,9,9,hml
2009-07-01_to_2012-07-01,2009-07-01,2012-07-01,"hml,smb,mom",mkt,14,5,231,10,1,mom
2009-07-01_to_2012-07-01,2009-07-01,2012-07-01,"hml,smb,mom",mkt,14,5,231,10,2,mom
2009-07-01_to_2012-07-01,2009-07-01,2012-07-01,"hml,smb,mom",mkt,14,5,231,10,3,mom
2009-07-01_to_2012-07-01,2009-07-01,2012-07-01,"hml,smb,mom",mkt,14,5,231,10,4,mom
2009-07-01_to_2012-07-01,2009-07-01,2012-07-01,"hml,smb,mom",mkt,14,5,231,10,5,mom
2009-07-01_to_2012-07-01,2009-07-01,2012-07-01,"hml,smb,mom",mkt,14,5,231,10,6,hml
2009-07-01_to_2012-07-01,2009-07-01,2012-07-01,"hml,smb,mom",mkt,14,5,231,10,7,hml
2009-07-01_to_2012-07-01,2009-07-01,2012-07-01,"hml,smb,mom",mkt,14,5,231,10,8,hml
2009-07-01_to_2012-07-01,2009-07-01,2012-07-01,"hml,smb,mom",mkt,14,5,231,10,9,hml
2009-07-01_to_2012-07-01,2009-07-01,2012-07-01,"hml,smb,mom",mkt,14,5,231,10,10,hml
2009-07-01_to_2012-07-01,2009-07-01,2012-07-01,"hml,smb,mom",mkt,14,5,232,10,1,mom
2009-07-01_to_2012-07-01,2009-07-01,2012-07-01,"hml,smb,mom",mkt,14,5,232,10,2,mom
2009-07-01_to_2012-07-01,2009-07-01,2012-07-01,"hml,smb,mom",mkt,14,5,232,10,3,mom
2009-07-01_to_2012-07-01,2009-07-01,2012-07-01,"hml,smb,mom",mkt,14,5,232,10,4,mom
2009-07-01_to_2012-07-01,2009-07-01,2012-07-01,"hml,smb,mom",mkt,14,5,232,10,5,mom
2009-07-01_to_2012-07-01,2009-07-01,2012-07-01,"hml,smb,mom",mkt,14,5,232,10,6,hml
2009-07-01_to_2012-07-01,2009-07-01,2012-07-01,"hml,smb,mom",mkt,14,5,232,10,7,hml
2009-07-01_to_2012-07-01,2009-07-01,2012-07-01,"hml,smb,mom",mkt,14,5,232,10,8,hml
2009-07-01_to_2012-07-01,2009-07-01,2012-07-01,"hml,smb,mom",mkt,14,5,232,10,9,hml
2009-07-01_to_2012-07-01,2009-07-01,2012-07-01,"hml,smb,mom",mkt,14,5,232,10,10,hml
2009-07-01_to_2012-07-01,2009-07-01,2012-07-01,"hml,smb,mom",mkt,14,5,234,9,1,mom
2009-07-01_to_2012-07-01,2009-07-01,2012-07-01,"hml,smb,mom",mkt,14,5,234,9,2,mom
2009-07-01_to_2012-07-01,2009-07-01,2012-07-01,"hml,smb,mom",mkt,14,5,234,9,3,mom
2009-07-01_to_2012-07-01,2009-07-01,2012-07-01,"hml,smb,mom",mkt,14,5,234,9,4,mom
2009-07-01_to_2012-07-01,2009-07-01,2012-07-01,"hml,smb,mom",mkt,14,5,234,9,5,mom
2009-07-01_to_2012-07-01,2009-07-01,2012-07-01,"hml,smb,mom",mkt,14,5,234,9,6,hml
2009-07-01_to_2012-07-01,2009-07-01,2012-07-01,"hml,smb,mom",mkt,14,5,234,9,7,hml
2009-07-01_to_2012-07-01,2009-07-01,2012-07-01,"hml,smb,mom",mkt,14,5,234,9,8,hml
2009-07-01_to_2012-07-01,2009-07-01,2012-07-01,"hml,smb,mom",mkt,14,5,234,9,9,mom
2009-07-01_to_2012-07-01,2009-07-01,2012-07-01,"hml,smb,mom",mkt,14,5,235,9,1,mom
2009-07-01_to_2012-07-01,2009-07-01,2012-07-01,"hml,smb,mom",mkt,14,5,235,9,2,mom
2009-07-01_to_2012-07-01,2009-07-01,2012-07-01,"hml,smb,mom",mkt,14,5,235,9,3,mom
2009-07-01_to_2012-07-01,2009-07-01,2012-07-01,"hml,smb,mom",mkt,14,5,235,9,4,mom
2009-07-01_to_2012-07-01,2009-07-01,2012-07-01,"hml,smb,mom",mkt,14,5,235,9,5,mom
2009-07-01_to_2012-07-01,2009-07-01,2012-07-01,"hml,smb,mom",mkt,14,5,235,9,6,hml
2009-07-01_to_2012-07-01,2009-07-01,2012-07-01,"hml,smb,mom",mkt,14,5,235,9,7,hml
2009-07-01_to_2012-07-01,2009-07-01,2012-07-01,"hml,smb,mom",mkt,14,5,235,9,8,hml
2009-07-01_to_2012-07-01,2009-07-01,2012-07-01,"hml,smb,mom",mkt,14,5,235,9,9,mom
2009-07-01_to_2012-07-01,2009-07-01,2012-07-01,"hml,smb,mom",mkt,14,5,237,8,1,mom
2009-07-01_to_2012-07-01,2009-07-01,2012-07-01,"hml,smb,mom",mkt,14,5,237,8,2,mom
2009-07-01_to_2012-07-01,2009-07-01,2012-07-01,"hml,smb,mom",mkt,14,5,237,8,3,mom
2009-07-01_to_2012-07-01,2009-07-01,2012-07-01,"hml,smb,mom",mkt,14,5,237,8,4,mom
2009-07-01_to_2012-07-01,2009-07-01,2012-07-01,"hml,smb,mom",mkt,14,5,237,8,5,mom
2009-07-01_to_2012-07-01,2009-07-01,2012-07-01,"hml,smb,mom",mkt,14,5,237,8,6,hml
2009-07-01_to_2012-07-01,2009-07-01,2012-07-01,"hml,smb,mom",mkt,14,5,237,8,7,hml
2009-07-01_to_2012-07-01,2009-07-01,2012-07-01,"hml,smb,mom",mkt,14,5,237,8,8,smb
2009-07-01_to_2012-07-01,2009-07-01,2012-07-01,"hml,smb,mom",mkt,14,5,239,9,1,mom
2009-07-01_to_2012-07-01,2009-07-01,2012-07-01,"hml,smb,mom",mkt,14,5,239,9,2,mom
2009-07-01_to_2012-07-01,2009-07-01,2012-07-01,"hml,smb,mom",mkt,14,5,239,9,3,mom
2009-07-01_to_2012-07-01,2009-07-01,2012-07-01,"hml,smb,mom",mkt,14,5,239,9,4,mom
2009-07-01_to_2012-07-01,2009-07-01,2012-07-01,"hml,smb,mom",mkt,14,5,239,9,5,mom
2009-07-01_to_2012-07-01,2009-07-01,2012-07-01,"hml,smb,mom",mkt,14,5,239,9,6,hml
2009-07-01_to_2012-07-01,2009-07-01,2012-07-01,"hml,smb,mom",mkt,14,5,239,9,7,hml
2009-07-01_to_2012-07-01,2009-07-01,2012-07-01,"hml,smb,mom",mkt,14,5,239,9,8,smb
2009-07-01_to_2012-07-01,2009-07-01,2012-07-01,"hml,smb,mom",mkt,14,5,239,9,9,smb
2009-07-01_to_2012-07-01,2009-07-01,2012-07-01,"hml,smb,mom",mkt,14,5,241,10,1,mom
2009-07-01_to_2012-07-01,2009-07-01,2012-07-01,"hml,smb,mom",mkt,14,5,241,10,2,mom
2009-07-01_to_2012-07-01,2009-07-01,2012-07-01,"hml,smb,mom",mkt,14,5,241,10,3,mom
2009-07-01_to_2012-07-01,2009-07-01,2012-07-01,"hml,smb,mom",mkt,14,5,241,10,4,mom
2009-07-01_to_2012-07-01,2009-07-01,2012-07-01,"hml,smb,mom",mkt,14,5,241,10,5,mom
2009-07-01_to_2012-07-01,2009-07-01,2012-07-01,"hml,smb,mom",mkt,14,5,241,10,6,hml
2009-07-01_to_2012-07-01,2009-07-01,2012-07-01,"hml,smb,mom",mkt,14,5,241,10,7,hml
2009-07-01_to_2012-07-01,2009-07-01,2012-07-01,"hml,smb,mom",mkt,14,5,241,10,8,smb
2009-07-01_to_2012-07-01,2009-07-01,2012-07-01,"hml,smb,mom",mkt,14,5,241,10,9,smb
2009-07-01_to_2012-07-01,2009-07-01,2012-07-01,"hml,smb,mom",mkt,14,5,241,10,10,hml
2009-07-01_to_2012-07-01,2009-07-01,2012-07-01,"hml,smb,mom",mkt,14,5,242,10,1,mom
2009-07-01_to_2012-07-01,2009-07-01,2012-07-01,"hml,smb,mom",mkt,14,5,242,10,2,mom
2009-07-01_to_2012-07-01,2009-07-01,2012-07-01,"hml,smb,mom",mkt,14,5,242,10,3,mom
2009-07-01_to_2012-07-01,2009-07-01,2012-07-01,"hml,smb,mom",mkt,14,5,242,10,4,mom
2009-07-01_to_2012-07-01,2009-07-01,2012-07-01,"hml,smb,mom",mkt,14,5,242,10,5,mom
2009-07-01_to_2012-07-01,2009-07-01,2012-07-01,"hml,smb,mom",mkt,14,5,242,10,6,hml
2009-07-01_to_2012-07-01,2009-07-01,2012-07-01,"hml,smb,mom",mkt,14,5,242,10,7,hml
2009-07-01_to_2012-07-01,2009-07-01,2012-07-01,"hml,smb,mom",mkt,14,5,242,10,8,smb
2009-07-01_to_2012-07-01,2009-07-01,2012-07-01,"hml,smb,mom",mkt,14,5,242,10,9,smb
2009-07-01_to_2012-07-01,2009-07-01,2012-07-01,"hml,smb,mom",mkt,14,5,242,10,10,hml
2009-07-01_to_2012-07-01,2009-07-01,2012-07-01,"hml,smb,mom",mkt,14,5,245,8,1,mom
2009-07-01_to_2012-07-01,2009-07-01,2012-07-01,"hml,smb,mom",mkt,14,5,245,8,2,mom
2009-07-01_to_2012-07-01,2009-07-01,2012-07-01,"hml,smb,mom",mkt,14,5,245,8,3,mom
2009-07-01_to_2012-07-01,2009-07-01,2012-07-01,"hml,smb,mom",mkt,14,5,245,8,4,mom
2009-07-01_to_2012-07-01,2009-07-01,2012-07-01,"hml,smb,mom",mkt,14,5,245,8,5,mom
2009-07-01_to_2012-07-01,2009-07-01,2012-07-01,"hml,smb,mom",mkt,14,5,245,8,6,hml
2009-07-01_to_2012-07-01,2009-07-01,2012-07-01,"hml,smb,mom",mkt,14,5,245,8,7,smb
2009-07-01_to_2012-07-01,2009-07-01,2012-07-01,"hml,smb,mom",mkt,14,5,245,8,8,smb
2009-07-01_to_2012-07-01,2009-07-01,2012-07-01,"hml,smb,mom",mkt,14,5,247,9,1,mom
2009-07-01_to_2012-07-01,2009-07-01,2012-07-01,"hml,smb,mom",mkt,14,5,247,9,2,mom
2009-07-01_to_2012-07-01,2009-07-01,2012-07-01,"hml,smb,mom",mkt,14,5,247,9,3,mom
2009-07-01_to_2012-07-01,2009-07-01,2012-07-01,"hml,smb,mom",mkt,14,5,247,9,4,mom
2009-07-01_to_2012-07-01,2009-07-01,2012-07-01,"hml,smb,mom",mkt,14,5,247,9,5,mom
2009-07-01_to_2012-07-01,2009-07-01,2012-07-01,"hml,smb,mom",mkt,14,5,247,9,6,hml
2009-07-01_to_2012-07-01,2009-07-01,2012-07-01,"hml,smb,mom",mkt,14,5,247,9,7,smb
2009-07-01_to_2012-07-01,2009-07-01,2012-07-01,"hml,smb,mom",mkt,14,5,247,9,8,smb
2009-07-01_to_2012-07-01,2009-07-01,2012-07-01,"hml,smb,mom",mkt,14,5,247,9,9,smb
2009-07-01_to_2012-07-01,2009-07-01,2012-07-01,"hml,smb,mom",mkt,14,5,248,9,1,mom
2009-07-01_to_2012-07-01,2009-07-01,2012-07-01,"hml,smb,mom",mkt,14,5,248,9,2,mom
2009-07-01_to_2012-07-01,2009-07-01,2012-07-01,"hml,smb,mom",mkt,14,5,248,9,3,mom
2009-07-01_to_2012-07-01,2009-07-01,2012-07-01,"hml,smb,mom",mkt,14,5,248,9,4,mom
2009-07-01_to_2012-07-01,2009-07-01,2012-07-01,"hml,smb,mom",mkt,14,5,248,9,5,mom
2009-07-01_to_2012-07-01,2009-07-01,2012-07-01,"hml,smb,mom",mkt,14,5,248,9,6,hml
2009-07-01_to_2012-07-01,2009-07-01,2012-07-01,"hml,smb,mom",mkt,14,5,248,9,7,smb
2009-07-01_to_2012-07-01,2009-07-01,2012-07-01,"hml,smb,mom",mkt,14,5,248,9,8,smb
2009-07-01_to_2012-07-01,2009-07-01,2012-07-01,"hml,smb,mom",mkt,14,5,248,9,9,smb
2009-07-01_to_2012-07-01,2009-07-01,2012-07-01,"hml,smb,mom",mkt,14,5,249,7,1,mom
2009-07-01_to_2012-07-01,2009-07-01,2012-07-01,"hml,smb,mom",mkt,14,5,249,7,2,mom
2009-07-01_to_2012-07-01,2009-07-01,2012-07-01,"hml,smb,mom",mkt,14,5,249,7,3,mom
2009-07-01_to_2012-07-01,2009-07-01,2012-07-01,"hml,smb,mom",mkt,14,5,249,7,4,mom
2009-07-01_to_2012-07-01,2009-07-01,2012-07-01,"hml,smb,mom",mkt,14,5,249,7,5,mom
2009-07-01_to_2012-07-01,2009-07-01,2012-07-01,"hml,smb,mom",mkt,14,5,249,7,6,hml
2009-07-01_to_2012-07-01,2009-07-01,2012-07-01,"hml,smb,mom",mkt,14,5,249,7,7,smb
2009-07-01_to_2012-07-01,2009-07-01,2012-07-01,"hml,smb,mom",mkt,14,5,255,6,1,mom
2009-07-01_to_2012-07-01,2009-07-01,2012-07-01,"hml,smb,mom",mkt,14,5,255,6,2,mom
2009-07-01_to_2012-07-01,2009-07-01,2012-07-01,"hml,smb,mom",mkt,14,5,255,6,3,mom
2009-07-01_to_2012-07-01,2009-07-01,2012-07-01,"hml,smb,mom",mkt,14,5,255,6,4,mom
2009-07-01_to_2012-07-01,2009-07-01,2012-07-01,"hml,smb,mom",mkt,14,5,255,6,5,hml
2009-07-01_to_2012-07-01,2009-07-01,2012-07-01,"hml,smb,mom",mkt,14,5,255,6,6,smb
2009-07-01_to_2012-07-01,2009-07-01,2012-07-01,"hml,smb,mom",mkt,14,5,259,9,1,mom
2009-07-01_to_2012-07-01,2009-07-01,2012-07-01,"hml,smb,mom",mkt,14,5,259,9,2,mom
2009-07-01_to_2012-07-01,2009-07-01,2012-07-01,"hml,smb,mom",mkt,14,5,259,9,3,mom
2009-07-01_to_2012-07-01,2009-07-01,2012-07-01,"hml,smb,mom",mkt,14,5,259,9,4,mom
2009-07-01_to_2012-07-01,2009-07-01,2012-07-01,"hml,smb,mom",mkt,14,5,259,9,5,hml
2009-07-01_to_2012-07-01,2009-07-01,2012-07-01,"hml,smb,mom",mkt,14,5,259,9,6,smb
2009-07-01_to_2012-07-01,2009-07-01,2012-07-01,"hml,smb,mom",mkt,14,5,259,9,7,smb
2009-07-01_to_2012-07-01,2009-07-01,2012-07-01,"hml,smb,mom",mkt,14,5,259,9,8,mom
2009-07-01_to_2012-07-01,2009-07-01,2012-07-01,"hml,smb,mom",mkt,14,5,259,9,9,hml
2009-07-01_to_2012-07-01,2009-07-01,2012-07-01,"hml,smb,mom",mkt,14,5,261,10,1,mom
2009-07-01_to_2012-07-01,2009-07-01,2012-07-01,"hml,smb,mom",mkt,14,5,261,10,2,mom
2009-07-01_to_2012-07-01,2009-07-01,2012-07-01,"hml,smb,mom",mkt,14,5,261,10,3,mom
2009-07-01_to_2012-07-01,2009-07-01,2012-07-01,"hml,smb,mom",mkt,14,5,261,10,4,mom
2009-07-01_to_2012-07-01,2009-07-01,2012-07-01,"hml,smb,mom",mkt,14,5,261,10,5,hml
2009-07-01_to_2012-07-01,2009-07-01,2012-07-01,"hml,smb,mom",mkt,14,5,261,10,6,smb
2009-07-01_to_2012-07-01,2009-07-01,2012-07-01,"hml,smb,mom",mkt,14,5,261,10,7,smb
2009-07-01_to_2012-07-01,2009-07-01,2012-07-01,"hml,smb,mom",mkt,14,5,261,10,8,mom
2009-07-01_to_2012-07-01,2009-07-01,2012-07-01,"hml,smb,mom",mkt,14,5,261,10,9,hml
2009-07-01_to_2012-07-01,2009-07-01,2012-07-01,"hml,smb,mom",mkt,14,5,261,10,10,smb
2009-07-01_to_2012-07-01,2009-07-01,2012-07-01,"hml,smb,mom",mkt,14,5,266,14,1,mom
2009-07-01_to_2012-07-01,2009-07-01,2012-07-01,"hml,smb,mom",mkt,14,5,266,14,2,mom
2009-07-01_to_2012-07-01,2009-07-01,2012-07-01,"hml,smb,mom",mkt,14,5,266,14,3,mom
2009-07-01_to_2012-07-01,2009-07-01,2012-07-01,"hml,smb,mom",mkt,14,5,266,14,4,mom
2009-07-01_to_2012-07-01,2009-07-01,2012-07-01,"hml,smb,mom",mkt,14,5,266,14,5,hml
2009-07-01_to_2012-07-01,2009-07-01,2012-07-01,"hml,smb,mom",mkt,14,5,266,14,6,smb
2009-07-01_to_2012-07-01,2009-07-01,2012-07-01,"hml,smb,mom",mkt,14,5,266,14,7,smb
2009-07-01_to_2012-07-01,2009-07-01,2012-07-01,"hml,smb,mom",mkt,14,5,266,14,8,mom
2009-07-01_to_2012-07-01,2009-07-01,2012-07-01,"hml,smb,mom",mkt,14,5,266,14,9,hml
2009-07-01_to_2012-07-01,2009-07-01,2012-07-01,"hml,smb,mom",mkt,14,5,266,14,10,smb
2009-07-01_to_2012-07-01,2009-07-01,2012-07-01,"hml,smb,mom",mkt,14,5,266,14,11,hml
2009-07-01_to_2012-07-01,2009-07-01,2012-07-01,"hml,smb,mom",mkt,14,5,266,14,12,hml
2009-07-01_to_2012-07-01,2009-07-01,2012-07-01,"hml,smb,mom",mkt,14,5,266,14,13,hml
2009-07-01_to_2012-07-01,2009-07-01,2012-07-01,"hml,smb,mom",mkt,14,5,266,14,14,mom
2009-07-01_to_2012-07-01,2009-07-01,2012-07-01,"hml,smb,mom",mkt,14,5,267,14,1,mom
2009-07-01_to_2012-07-01,2009-07-01,2012-07-01,"hml,smb,mom",mkt,14,5,267,14,2,mom
2009-07-01_to_2012-07-01,2009-07-01,2012-07-01,"hml,smb,mom",mkt,14,5,267,14,3,mom
2009-07-01_to_2012-07-01,2009-07-01,2012-07-01,"hml,smb,mom",mkt,14,5,267,14,4,mom
2009-07-01_to_2012-07-01,2009-07-01,2012-07-01,"hml,smb,mom",mkt,14,5,267,14,5,hml
2009-07-01_to_2012-07-01,2009-07-01,2012-07-01,"hml,smb,mom",mkt,14,5,267,14,6,smb
2009-07-01_to_2012-07-01,2009-07-01,2012-07-01,"hml,smb,mom",mkt,14,5,267,14,7,smb
2009-07-01_to_2012-07-01,2009-07-01,2012-07-01,"hml,smb,mom",mkt,14,5,267,14,8,mom
2009-07-01_to_2012-07-01,2009-07-01,2012-07-01,"hml,smb,mom",mkt,14,5,267,14,9,hml
2009-07-01_to_2012-07-01,2009-07-01,2012-07-01,"hml,smb,mom",mkt,14,5,267,14,10,smb
2009-07-01_to_2012-07-01,2009-07-01,2012-07-01,"hml,smb,mom",mkt,14,5,267,14,11,hml
2009-07-01_to_2012-07-01,2009-07-01,2012-07-01,"hml,smb,mom",mkt,14,5,267,14,12,hml
2009-07-01_to_2012-07-01,2009-07-01,2012-07-01,"hml,smb,mom",mkt,14,5,267,14,13,hml
2009-07-01_to_2012-07-01,2009-07-01,2012-07-01,"hml,smb,mom",mkt,14,5,267,14,14,mom
2009-07-01_to_2012-07-01,2009-07-01,2012-07-01,"hml,smb,mom",mkt,14,5,268,13,1,mom
2009-07-01_to_2012-07-01,2009-07-01,2012-07-01,"hml,smb,mom",mkt,14,5,268,13,2,mom
2009-07-01_to_2012-07-01,2009-07-01,2012-07-01,"hml,smb,mom",mkt,14,5,268,13,3,mom
2009-07-01_to_2012-07-01,2009-07-01,2012-07-01,"hml,smb,mom",mkt,14,5,268,13,4,mom
2009-07-01_to_2012-07-01,2009-07-01,2012-07-01,"hml,smb,mom",mkt,14,5,268,13,5,hml
2009-07-01_to_2012-07-01,2009-07-01,2012-07-01,"hml,smb,mom",mkt,14,5,268,13,6,smb
2009-07-01_to_2012-07-01,2009-07-01,2012-07-01,"hml,smb,mom",mkt,14,5,268,13,7,smb
2009-07-01_to_2012-07-01,2009-07-01,2012-07-01,"hml,smb,mom",mkt,14,5,268,13,8,mom
2009-07-01_to_2012-07-01,2009-07-01,2012-07-01,"hml,smb,mom",mkt,14,5,268,13,9,hml
2009-07-01_to_2012-07-01,2009-07-01,2012-07-01,"hml,smb,mom",mkt,14,5,268,13,10,smb
2009-07-01_to_2012-07-01,2009-07-01,2012-07-01,"hml,smb,mom",mkt,14,5,268,13,11,hml
2009-07-01_to_2012-07-01,2009-07-01,2012-07-01,"hml,smb,mom",mkt,14,5,268,13,12,hml
2009-07-01_to_2012-07-01,2009-07-01,2012-07-01,"hml,smb,mom",mkt,14,5,268,13,13,hml
2009-07-01_to_2012-07-01,2009-07-01,2012-07-01,"hml,smb,mom",mkt,14,5,269,12,1,mom
2009-07-01_to_2012-07-01,2009-07-01,2012-07-01,"hml,smb,mom",mkt,14,5,269,12,2,mom
2009-07-01_to_2012-07-01,2009-07-01,2012-07-01,"hml,smb,mom",mkt,14,5,269,12,3,mom
2009-07-01_to_2012-07-01,2009-07-01,2012-07-01,"hml,smb,mom",mkt,14,5,269,12,4,mom
2009-07-01_to_2012-07-01,2009-07-01,2012-07-01,"hml,smb,mom",mkt,14,5,269,12,5,hml
2009-07-01_to_2012-07-01,2009-07-01,2012-07-01,"hml,smb,mom",mkt,14,5,269,12,6,smb
2009-07-01_to_2012-07-01,2009-07-01,2012-07-01,"hml,smb,mom",mkt,14,5,269,12,7,smb
2009-07-01_to_2012-07-01,2009-07-01,2012-07-01,"hml,smb,mom",mkt,14,5,269,12,8,mom
2009-07-01_to_2012-07-01,2009-07-01,2012-07-01,"hml,smb,mom",mkt,14,5,269,12,9,hml
2009-07-01_to_2012-07-01,2009-07-01,2012-07-01,"hml,smb,mom",mkt,14,5,269,12,10,smb
2009-07-01_to_2012-07-01,2009-07-01,2012-07-01,"hml,smb,mom",mkt,14,5,269,12,11,hml
2009-07-01_to_2012-07-01,2009-07-01,2012-07-01,"hml,smb,mom",mkt,14,5,269,12,12,hml
2009-07-01_to_2012-07-01,2009-07-01,2012-07-01,"hml,smb,mom",mkt,14,5,270,11,1,mom
2009-07-01_to_2012-07-01,2009-07-01,2012-07-01,"hml,smb,mom",mkt,14,5,270,11,2,mom
2009-07-01_to_2012-07-01,2009-07-01,2012-07-01,"hml,smb,mom",mkt,14,5,270,11,3,mom
2009-07-01_to_2012-07-01,2009-07-01,2012-07-01,"hml,smb,mom",mkt,14,5,270,11,4,mom
2009-07-01_to_2012-07-01,2009-07-01,2012-07-01,"hml,smb,mom",mkt,14,5,270,11,5,hml
2009-07-01_to_2012-07-01,2009-07-01,2012-07-01,"hml,smb,mom",mkt,14,5,270,11,6,smb
2009-07-01_to_2012-07-01,2009-07-01,2012-07-01,"hml,smb,mom",mkt,14,5,270,11,7,smb
2009-07-01_to_2012-07-01,2009-07-01,2012-07-01,"hml,smb,mom",mkt,14,5,270,11,8,mom
2009-07-01_to_2012-07-01,2009-07-01,2012-07-01,"hml,smb,mom",mkt,14,5,270,11,9,hml
2009-07-01_to_2012-07-01,2009-07-01,2012-07-01,"hml,smb,mom",mkt,14,5,270,11,10,smb
2009-07-01_to_2012-07-01,2009-07-01,2012-07-01,"hml,smb,mom",mkt,14,5,270,11,11,hml
2009-07-01_to_2012-07-01,2009-07-01,2012-07-01,"hml,smb,mom",mkt,14,5,273,10,1,mom
2009-07-01_to_2012-07-01,2009-07-01,2012-07-01,"hml,smb,mom",mkt,14,5,273,10,2,mom
2009-07-01_to_2012-07-01,2009-07-01,2012-07-01,"hml,smb,mom",mkt,14,5,273,10,3,mom
2009-07-01_to_2012-07-01,2009-07-01,2012-07-01,"hml,smb,mom",mkt,14,5,273,10,4,mom
2009-07-01_to_2012-07-01,2009-07-01,2012-07-01,"hml,smb,mom",mkt,14,5,273,10,5,hml
2009-07-01_to_2012-07-01,2009-07-01,2012-07-01,"hml,smb,mom",mkt,14,5,273,10,6,smb
2009-07-01_to_2012-07-01,2009-07-01,2012-07-01,"hml,smb,mom",mkt,14,5,273,10,7,smb
2009-07-01_to_2012-07-01,2009-07-01,2012-07-01,"hml,smb,mom",mkt,14,5,273,10,8,mom
2009-07-01_to_2012-07-01,2009-07-01,2012-07-01,"hml,smb,mom",mkt,14,5,273,10,9,mom
2009-07-01_to_2012-07-01,2009-07-01,2012-07-01,"hml,smb,mom",mkt,14,5,273,10,10,hml
2009-07-01_to_2012-07-01,2009-07-01,2012-07-01,"hml,smb,mom",mkt,14,5,275,11,1,mom
2009-07-01_to_2012-07-01,2009-07-01,2012-07-01,"hml,smb,mom",mkt,14,5,275,11,2,mom
2009-07-01_to_2012-07-01,2009-07-01,2012-07-01,"hml,smb,mom",mkt,14,5,275,11,3,mom
2009-07-01_to_2012-07-01,2009-07-01,2012-07-01,"hml,smb,mom",mkt,14,5,275,11,4,mom
2009-07-01_to_2012-07-01,2009-07-01,2012-07-01,"hml,smb,mom",mkt,14,5,275,11,5,hml
2009-07-01_to_2012-07-01,2009-07-01,2012-07-01,"hml,smb,mom",mkt,14,5,275,11,6,smb
2009-07-01_to_2012-07-01,2009-07-01,2012-07-01,"hml,smb,mom",mkt,14,5,275,11,7,smb
2009-07-01_to_2012-07-01,2009-07-01,2012-07-01,"hml,smb,mom",mkt,14,5,275,11,8,mom
2009-07-01_to_2012-07-01,2009-07-01,2012-07-01,"hml,smb,mom",mkt,14,5,275,11,9,mom
2009-07-01_to_2012-07-01,2009-07-01,2012-07-01,"hml,smb,mom",mkt,14,5,275,11,10,hml
2009-07-01_to_2012-07-01,2009-07-01,2012-07-01,"hml,smb,mom",mkt,14,5,275,11,11,smb
2009-07-01_to_2012-07-01,2009-07-01,2012-07-01,"hml,smb,mom",mkt,14,5,278,13,1,mom
2009-07-01_to_2012-07-01,2009-07-01,2012-07-01,"hml,smb,mom",mkt,14,5,278,13,2,mom
2009-07-01_to_2012-07-01,2009-07-01,2012-07-01,"hml,smb,mom",mkt,14,5,278,13,3,mom
2009-07-01_to_2012-07-01,2009-07-01,2012-07-01,"hml,smb,mom",mkt,14,5,278,13,4,mom
2009-07-01_to_2012-07-01,2009-07-01,2012-07-01,"hml,smb,mom",mkt,14,5,278,13,5,hml
2009-07-01_to_2012-07-01,2009-07-01,2012-07-01,"hml,smb,mom",mkt,14,5,278,13,6,smb
2009-07-01_to_2012-07-01,2009-07-01,2012-07-01,"hml,smb,mom",mkt,14,5,278,13,7,smb
2009-07-01_to_2012-07-01,2009-07-01,2012-07-01,"hml,smb,mom",mkt,14,5,278,13,8,mom
2009-07-01_to_2012-07-01,2009-07-01,2012-07-01,"hml,smb,mom",mkt,14,5,278,13,9,mom
2009-07-01_to_2012-07-01,2009-07-01,2012-07-01,"hml,smb,mom",mkt,14,5,278,13,10,hml
2009-07-01_to_2012-07-01,2009-07-01,2012-07-01,"hml,smb,mom",mkt,14,5,278,13,11,smb
2009-07-01_to_2012-07-01,2009-07-01,2012-07-01,"hml,smb,mom",mkt,14,5,278,13,12,hml
2009-07-01_to_2012-07-01,2009-07-01,2012-07-01,"hml,smb,mom",mkt,14,5,278,13,13,mom
2009-07-01_to_2012-07-01,2009-07-01,2012-07-01,"hml,smb,mom",mkt,14,5,279,13,1,mom
2009-07-01_to_2012-07-01,2009-07-01,2012-07-01,"hml,smb,mom",mkt,14,5,279,13,2,mom
2009-07-01_to_2012-07-01,2009-07-01,2012-07-01,"hml,smb,mom",mkt,14,5,279,13,3,mom
2009-07-01_to_2012-07-01,2009-07-01,2012-07-01,"hml,smb,mom",mkt,14,5,279,13,4,mom
2009-07-01_to_2012-07-01,2009-07-01,2012-07-01,"hml,smb,mom",mkt,14,5,279,13,5,hml
2009-07-01_to_2012-07-01,2009-07-01,2012-07-01,"hml,smb,mom",mkt,14,5,279,13,6,smb
2009-07-01_to_2012-07-01,2009-07-01,2012-07-01,"hml,smb,mom",mkt,14,5,279,13,7,smb
2009-07-01_to_2012-07-01,2009-07-01,2012-07-01,"hml,smb,mom",mkt,14,5,279,13,8,mom
2009-07-01_to_2012-07-01,2009-07-01,2012-07-01,"hml,smb,mom",mkt,14,5,279,13,9,mom
2009-07-01_to_2012-07-01,2009-07-01,2012-07-01,"hml,smb,mom",mkt,14,5,279,13,10,hml
2009-07-01_to_2012-07-01,2009-07-01,2012-07-01,"hml,smb,mom",mkt,14,5,279,13,11,smb
2009-07-01_to_2012-07-01,2009-07-01,2012-07-01,"hml,smb,mom",mkt,14,5,279,13,12,hml
2009-07-01_to_2012-07-01,2009-07-01,2012-07-01,"hml,smb,mom",mkt,14,5,279,13,13,mom
2009-07-01_to_2012-07-01,2009-07-01,2012-07-01,"hml,smb,mom",mkt,14,5,280,12,1,mom
2009-07-01_to_2012-07-01,2009-07-01,2012-07-01,"hml,smb,mom",mkt,14,5,280,12,2,mom
2009-07-01_to_2012-07-01,2009-07-01,2012-07-01,"hml,smb,mom",mkt,14,5,280,12,3,mom
2009-07-01_to_2012-07-01,2009-07-01,2012-07-01,"hml,smb,mom",mkt,14,5,280,12,4,mom
2009-07-01_to_2012-07-01,2009-07-01,2012-07-01,"hml,smb,mom",mkt,14,5,280,12,5,hml
2009-07-01_to_2012-07-01,2009-07-01,2012-07-01,"hml,smb,mom",mkt,14,5,280,12,6,smb
2009-07-01_to_2012-07-01,2009-07-01,2012-07-01,"hml,smb,mom",mkt,14,5,280,12,7,smb
2009-07-01_to_2012-07-01,2009-07-01,2012-07-01,"hml,smb,mom",mkt,14,5,280,12,8,mom
2009-07-01_to_2012-07-01,2009-07-01,2012-07-01,"hml,smb,mom",mkt,14,5,280,12,9,mom
2009-07-01_to_2012-07-01,2009-07-01,2012-07-01,"hml,smb,mom",mkt,14,5,280,12,10,hml
2009-07-01_to_2012-07-01,2009-07-01,2012-07-01,"hml,smb,mom",mkt,14,5,280,12,11,smb
2009-07-01_to_2012-07-01,2009-07-01,2012-07-01,"hml,smb,mom",mkt,14,5,280,12,12,hml
2009-07-01_to_2012-07-01,2009-07-01,2012-07-01,"hml,smb,mom",mkt,14,5,281,9,1,mom
2009-07-01_to_2012-07-01,2009-07-01,2012-07-01,"hml,smb,mom",mkt,14,5,281,9,2,mom
2009-07-01_to_2012-07-01,2009-07-01,2012-07-01,"hml,smb,mom",mkt,14,5,281,9,3,mom
2009-07-01_to_2012-07-01,2009-07-01,2012-07-01,"hml,smb,mom",mkt,14,5,281,9,4,mom
2009-07-01_to_2012-07-01,2009-07-01,2012-07-01,"hml,smb,mom",mkt,14,5,281,9,5,hml
2009-07-01_to_2012-07-01,2009-07-01,2012-07-01,"hml,smb,mom",mkt,14,5,281,9,6,smb
2009-07-01_to_2012-07-01,2009-07-01,2012-07-01,"hml,smb,mom",mkt,14,5,281,9,7,smb
2009-07-01_to_2012-07-01,2009-07-01,2012-07-01,"hml,smb,mom",mkt,14,5,281,9,8,mom
2009-07-01_to_2012-07-01,2009-07-01,2012-07-01,"hml,smb,mom",mkt,14,5,281,9,9,mom
2009-07-01_to_2012-07-01,2009-07-01,2012-07-01,"hml,smb,mom",mkt,14,5,283,8,1,mom
2009-07-01_to_2012-07-01,2009-07-01,2012-07-01,"hml,smb,mom",mkt,14,5,283,8,2,mom
2009-07-01_to_2012-07-01,2009-07-01,2012-07-01,"hml,smb,mom",mkt,14,5,283,8,3,mom
2009-07-01_to_2012-07-01,2009-07-01,2012-07-01,"hml,smb,mom",mkt,14,5,283,8,4,mom
2009-07-01_to_2012-07-01,2009-07-01,2012-07-01,"hml,smb,mom",mkt,14,5,283,8,5,hml
2009-07-01_to_2012-07-01,2009-07-01,2012-07-01,"hml,smb,mom",mkt,14,5,283,8,6,smb
2009-07-01_to_2012-07-01,2009-07-01,2012-07-01,"hml,smb,mom",mkt,14,5,283,8,7,smb
2009-07-01_to_2012-07-01,2009-07-01,2012-07-01,"hml,smb,mom",mkt,14,5,283,8,8,hml
2009-07-01_to_2012-07-01,2009-07-01,2012-07-01,"hml,smb,mom",mkt,14,5,284,8,1,mom
2009-07-01_to_2012-07-01,2009-07-01,2012-07-01,"hml,smb,mom",mkt,14,5,284,8,2,mom
2009-07-01_to_2012-07-01,2009-07-01,2012-07-01,"hml,smb,mom",mkt,14,5,284,8,3,mom
2009-07-01_to_2012-07-01,2009-07-01,2012-07-01,"hml,smb,mom",mkt,14,5,284,8,4,mom
2009-07-01_to_2012-07-01,2009-07-01,2012-07-01,"hml,smb,mom",mkt,14,5,284,8,5,hml
2009-07-01_to_2012-07-01,2009-07-01,2012-07-01,"hml,smb,mom",mkt,14,5,284,8,6,smb
2009-07-01_to_2012-07-01,2009-07-01,2012-07-01,"hml,smb,mom",mkt,14,5,284,8,7,smb
2009-07-01_to_2012-07-01,2009-07-01,2012-07-01,"hml,smb,mom",mkt,14,5,284,8,8,hml
2009-07-01_to_2012-07-01,2009-07-01,2012-07-01,"hml,smb,mom",mkt,14,5,287,7,1,mom
2009-07-01_to_2012-07-01,2009-07-01,2012-07-01,"hml,smb,mom",mkt,14,5,287,7,2,mom
2009-07-01_to_2012-07-01,2009-07-01,2012-07-01,"hml,smb,mom",mkt,14,5,287,7,3,mom
2009-07-01_to_2012-07-01,2009-07-01,2012-07-01,"hml,smb,mom",mkt,14,5,287,7,4,mom
2009-07-01_to_2012-07-01,2009-07-01,2012-07-01,"hml,smb,mom",mkt,14,5,287,7,5,hml
2009-07-01_to_2012-07-01,2009-07-01,2012-07-01,"hml,smb,mom",mkt,14,5,287,7,6,smb
2009-07-01_to_2012-07-01,2009-07-01,2012-07-01,"hml,smb,mom",mkt,14,5,287,7,7,hml
2009-07-01_to_2012-07-01,2009-07-01,2012-07-01,"hml,smb,mom",mkt,14,5,288,7,1,mom
2009-07-01_to_2012-07-01,2009-07-01,2012-07-01,"hml,smb,mom",mkt,14,5,288,7,2,mom
2009-07-01_to_2012-07-01,2009-07-01,2012-07-01,"hml,smb,mom",mkt,14,5,288,7,3,mom
2009-07-01_to_2012-07-01,2009-07-01,2012-07-01,"hml,smb,mom",mkt,14,5,288,7,4,mom
2009-07-01_to_2012-07-01,2009-07-01,2012-07-01,"hml,smb,mom",mkt,14,5,288,7,5,hml
2009-07-01_to_2012-07-01,2009-07-01,2012-07-01,"hml,smb,mom",mkt,14,5,288,7,6,smb
2009-07-01_to_2012-07-01,2009-07-01,2012-07-01,"hml,smb,mom",mkt,14,5,288,7,7,hml
2009-07-01_to_2012-07-01,2009-07-01,2012-07-01,"hml,smb,mom",mkt,14,5,289,6,1,mom
2009-07-01_to_2012-07-01,2009-07-01,2012-07-01,"hml,smb,mom",mkt,14,5,289,6,2,mom
2009-07-01_to_2012-07-01,2009-07-01,2012-07-01,"hml,smb,mom",mkt,14,5,289,6,3,mom
2009-07-01_to_2012-07-01,2009-07-01,2012-07-01,"hml,smb,mom",mkt,14,5,289,6,4,mom
2009-07-01_to_2012-07-01,2009-07-01,2012-07-01,"hml,smb,mom",mkt,14,5,289,6,5,hml
2009-07-01_to_2012-07-01,2009-07-01,2012-07-01,"hml,smb,mom",mkt,14,5,289,6,6,smb
2009-07-01_to_2012-07-01,2009-07-01,2012-07-01,"hml,smb,mom",mkt,14,5,292,6,1,mom
2009-07-01_to_2012-07-01,2009-07-01,2012-07-01,"hml,smb,mom",mkt,14,5,292,6,2,mom
2009-07-01_to_2012-07-01,2009-07-01,2012-07-01,"hml,smb,mom",mkt,14,5,292,6,3,mom
2009-07-01_to_2012-07-01,2009-07-01,2012-07-01,"hml,smb,mom",mkt,14,5,292,6,4,mom
2009-07-01_to_2012-07-01,2009-07-01,2012-07-01,"hml,smb,mom",mkt,14,5,292,6,5,mom
2009-07-01_to_2012-07-01,2009-07-01,2012-07-01,"hml,smb,mom",mkt,14,5,292,6,6,smb
2009-07-01_to_2012-07-01,2009-07-01,2012-07-01,"hml,smb,mom",mkt,14,5,295,8,1,mom
2009-07-01_to_2012-07-01,2009-07-01,2012-07-01,"hml,smb,mom",mkt,14,5,295,8,2,mom
2009-07-01_to_2012-07-01,2009-07-01,2012-07-01,"hml,smb,mom",mkt,14,5,295,8,3,mom
2009-07-01_to_2012-07-01,2009-07-01,2012-07-01,"hml,smb,mom",mkt,14,5,295,8,4,mom
2009-07-01_to_2012-07-01,2009-07-01,2012-07-01,"hml,smb,mom",mkt,14,5,295,8,5,mom
2009-07-01_to_2012-07-01,2009-07-01,2012-07-01,"hml,smb,mom",mkt,14,5,295,8,6,smb
2009-07-01_to_2012-07-01,2009-07-01,2012-07-01,"hml,smb,mom",mkt,14,5,295,8,7,smb
2009-07-01_to_2012-07-01,2009-07-01,2012-07-01,"hml,smb,mom",mkt,14,5,295,8,8,smb
2009-07-01_to_2012-07-01,2009-07-01,2012-07-01,"hml,smb,mom",mkt,14,5,296,8,1,mom
2009-07-01_to_2012-07-01,2009-07-01,2012-07-01,"hml,smb,mom",mkt,14,5,296,8,2,mom
2009-07-01_to_2012-07-01,2009-07-01,2012-07-01,"hml,smb,mom",mkt,14,5,296,8,3,mom
2009-07-01_to_2012-07-01,2009-07-01,2012-07-01,"hml,smb,mom",mkt,14,5,296,8,4,mom
2009-07-01_to_2012-07-01,2009-07-01,2012-07-01,"hml,smb,mom",mkt,14,5,296,8,5,mom
2009-07-01_to_2012-07-01,2009-07-01,2012-07-01,"hml,smb,mom",mkt,14,5,296,8,6,smb
2009-07-01_to_2012-07-01,2009-07-01,2012-07-01,"hml,smb,mom",mkt,14,5,296,8,7,smb
2009-07-01_to_2012-07-01,2009-07-01,2012-07-01,"hml,smb,mom",mkt,14,5,296,8,8,smb
2009-07-01_to_2012-07-01,2009-07-01,2012-07-01,"hml,smb,mom",mkt,14,5,299,9,1,mom
2009-07-01_to_2012-07-01,2009-07-01,2012-07-01,"hml,smb,mom",mkt,14,5,299,9,2,mom
2009-07-01_to_2012-07-01,2009-07-01,2012-07-01,"hml,smb,mom",mkt,14,5,299,9,3,mom
2009-07-01_to_2012-07-01,2009-07-01,2012-07-01,"hml,smb,mom",mkt,14,5,299,9,4,mom
2009-07-01_to_2012-07-01,2009-07-01,2012-07-01,"hml,smb,mom",mkt,14,5,299,9,5,mom
2009-07-01_to_2012-07-01,2009-07-01,2012-07-01,"hml,smb,mom",mkt,14,5,299,9,6,smb
2009-07-01_to_2012-07-01,2009-07-01,2012-07-01,"hml,smb,mom",mkt,14,5,299,9,7,smb
2009-07-01_to_2012-07-01,2009-07-01,2012-07-01,"hml,smb,mom",mkt,14,5,299,9,8,smb
2009-07-01_to_2012-07-01,2009-07-01,2012-07-01,"hml,smb,mom",mkt,14,5,299,9,9,smb
2009-07-01_to_2012-07-01,2009-07-01,2012-07-01,"hml,smb,mom",mkt,14,5,300,9,1,mom
2009-07-01_to_2012-07-01,2009-07-01,2012-07-01,"hml,smb,mom",mkt,14,5,300,9,2,mom
2009-07-01_to_2012-07-01,2009-07-01,2012-07-01,"hml,smb,mom",mkt,14,5,300,9,3,mom
2009-07-01_to_2012-07-01,2009-07-01,2012-07-01,"hml,smb,mom",mkt,14,5,300,9,4,mom
2009-07-01_to_2012-07-01,2009-07-01,2012-07-01,"hml,smb,mom",mkt,14,5,300,9,5,mom
2009-07-01_to_2012-07-01,2009-07-01,2012-07-01,"hml,smb,mom",mkt,14,5,300,9,6,smb
2009-07-01_to_2012-07-01,2009-07-01,2012-07-01,"hml,smb,mom",mkt,14,5,300,9,7,smb
2009-07-01_to_2012-07-01,2009-07-01,2012-07-01,"hml,smb,mom",mkt,14,5,300,9,8,smb
2009-07-01_to_2012-07-01,2009-07-01,2012-07-01,"hml,smb,mom",mkt,14,5,300,9,9,smb
2009-07-01_to_2012-07-01,2009-07-01,2012-07-01,"hml,smb,mom",mkt,14,5,303,10,1,mom
2009-07-01_to_2012-07-01,2009-07-01,2012-07-01,"hml,smb,mom",mkt,14,5,303,10,2,mom
2009-07-01_to_2012-07-01,2009-07-01,2012-07-01,"hml,smb,mom",mkt,14,5,303,10,3,mom
2009-07-01_to_2012-07-01,2009-07-01,2012-07-01,"hml,smb,mom",mkt,14,5,303,10,4,mom
2009-07-01_to_2012-07-01,2009-07-01,2012-07-01,"hml,smb,mom",mkt,14,5,303,10,5,mom
2009-07-01_to_2012-07-01,2009-07-01,2012-07-01,"hml,smb,mom",mkt,14,5,303,10,6,smb
2009-07-01_to_2012-07-01,2009-07-01,2012-07-01,"hml,smb,mom",mkt,14,5,303,10,7,smb
2009-07-01_to_2012-07-01,2009-07-01,2012-07-01,"hml,smb,mom",mkt,14,5,303,10,8,smb
2009-07-01_to_2012-07-01,2009-07-01,2012-07-01,"hml,smb,mom",mkt,14,5,303,10,9,smb
2009-07-01_to_2012-07-01,2009-07-01,2012-07-01,"hml,smb,mom",mkt,14,5,303,10,10,mom
2009-07-01_to_2012-07-01,2009-07-01,2012-07-01,"hml,smb,mom",mkt,14,5,304,10,1,mom
2009-07-01_to_2012-07-01,2009-07-01,2012-07-01,"hml,smb,mom",mkt,14,5,304,10,2,mom
2009-07-01_to_2012-07-01,2009-07-01,2012-07-01,"hml,smb,mom",mkt,14,5,304,10,3,mom
2009-07-01_to_2012-07-01,2009-07-01,2012-07-01,"hml,smb,mom",mkt,14,5,304,10,4,mom
2009-07-01_to_2012-07-01,2009-07-01,2012-07-01,"hml,smb,mom",mkt,14,5,304,10,5,mom
2009-07-01_to_2012-07-01,2009-07-01,2012-07-01,"hml,smb,mom",mkt,14,5,304,10,6,smb
2009-07-01_to_2012-07-01,2009-07-01,2012-07-01,"hml,smb,mom",mkt,14,5,304,10,7,smb
2009-07-01_to_2012-07-01,2009-07-01,2012-07-01,"hml,smb,mom",mkt,14,5,304,10,8,smb
2009-07-01_to_2012-07-01,2009-07-01,2012-07-01,"hml,smb,mom",mkt,14,5,304,10,9,smb
2009-07-01_to_2012-07-01,2009-07-01,2012-07-01,"hml,smb,mom",mkt,14,5,304,10,10,mom
2009-07-01_to_2012-07-01,2009-07-01,2012-07-01,"hml,smb,mom",mkt,14,5,308,12,1,mom
2009-07-01_to_2012-07-01,2009-07-01,2012-07-01,"hml,smb,mom",mkt,14,5,308,12,2,mom
2009-07-01_to_2012-07-01,2009-07-01,2012-07-01,"hml,smb,mom",mkt,14,5,308,12,3,mom
2009-07-01_to_2012-07-01,2009-07-01,2012-07-01,"hml,smb,mom",mkt,14,5,308,12,4,mom
2009-07-01_to_2012-07-01,2009-07-01,2012-07-01,"hml,smb,mom",mkt,14,5,308,12,5,mom
2009-07-01_to_2012-07-01,2009-07-01,2012-07-01,"hml,smb,mom",mkt,14,5,308,12,6,smb
2009-07-01_to_2012-07-01,2009-07-01,2012-07-01,"hml,smb,mom",mkt,14,5,308,12,7,smb
2009-07-01_to_2012-07-01,2009-07-01,2012-07-01,"hml,smb,mom",mkt,14,5,308,12,8,smb
2009-07-01_to_2012-07-01,2009-07-01,2012-07-01,"hml,smb,mom",mkt,14,5,308,12,9,smb
2009-07-01_to_2012-07-01,2009-07-01,2012-07-01,"hml,smb,mom",mkt,14,5,308,12,10,hml
2009-07-01_to_2012-07-01,2009-07-01,2012-07-01,"hml,smb,mom",mkt,14,5,308,12,11,smb
2009-07-01_to_2012-07-01,2009-07-01,2012-07-01,"hml,smb,mom",mkt,14,5,308,12,12,hml
2009-07-01_to_2012-07-01,2009-07-01,2012-07-01,"hml,smb,mom",mkt,14,5,309,12,1,mom
2009-07-01_to_2012-07-01,2009-07-01,2012-07-01,"hml,smb,mom",mkt,14,5,309,12,2,mom
2009-07-01_to_2012-07-01,2009-07-01,2012-07-01,"hml,smb,mom",mkt,14,5,309,12,3,mom
2009-07-01_to_2012-07-01,2009-07-01,2012-07-01,"hml,smb,mom",mkt,14,5,309,12,4,mom
2009-07-01_to_2012-07-01,2009-07-01,2012-07-01,"hml,smb,mom",mkt,14,5,309,12,5,mom
2009-07-01_to_2012-07-01,2009-07-01,2012-07-01,"hml,smb,mom",mkt,14,5,309,12,6,smb
2009-07-01_to_2012-07-01,2009-07-01,2012-07-01,"hml,smb,mom",mkt,14,5,309,12,7,smb
2009-07-01_to_2012-07-01,2009-07-01,2012-07-01,"hml,smb,mom",mkt,14,5,309,12,8,smb
2009-07-01_to_2012-07-01,2009-07-01,2012-07-01,"hml,smb,mom",mkt,14,5,309,12,9,smb
2009-07-01_to_2012-07-01,2009-07-01,2012-07-01,"hml,smb,mom",mkt,14,5,309,12,10,hml
2009-07-01_to_2012-07-01,2009-07-01,2012-07-01,"hml,smb,mom",mkt,14,5,309,12,11,smb
2009-07-01_to_2012-07-01,2009-07-01,2012-07-01,"hml,smb,mom",mkt,14,5,309,12,12,hml
2009-07-01_to_2012-07-01,2009-07-01,2012-07-01,"hml,smb,mom",mkt,14,5,310,11,1,mom
2009-07-01_to_2012-07-01,2009-07-01,2012-07-01,"hml,smb,mom",mkt,14,5,310,11,2,mom
2009-07-01_to_2012-07-01,2009-07-01,2012-07-01,"hml,smb,mom",mkt,14,5,310,11,3,mom
2009-07-01_to_2012-07-01,2009-07-01,2012-07-01,"hml,smb,mom",mkt,14,5,310,11,4,mom
2009-07-01_to_2012-07-01,2009-07-01,2012-07-01,"hml,smb,mom",mkt,14,5,310,11,5,mom
2009-07-01_to_2012-07-01,2009-07-01,2012-07-01,"hml,smb,mom",mkt,14,5,310,11,6,smb
2009-07-01_to_2012-07-01,2009-07-01,2012-07-01,"hml,smb,mom",mkt,14,5,310,11,7,smb
2009-07-01_to_2012-07-01,2009-07-01,2012-07-01,"hml,smb,mom",mkt,14,5,310,11,8,smb
2009-07-01_to_2012-07-01,2009-07-01,2012-07-01,"hml,smb,mom",mkt,14,5,310,11,9,smb
2009-07-01_to_2012-07-01,2009-07-01,2012-07-01,"hml,smb,mom",mkt,14,5,310,11,10,hml
2009-07-01_to_2012-07-01,2009-07-01,2012-07-01,"hml,smb,mom",mkt,14,5,310,11,11,smb
2009-07-01_to_2012-07-01,2009-07-01,2012-07-01,"hml,smb,mom",mkt,14,5,311,10,1,mom
2009-07-01_to_2012-07-01,2009-07-01,2012-07-01,"hml,smb,mom",mkt,14,5,311,10,2,mom
2009-07-01_to_2012-07-01,2009-07-01,2012-07-01,"hml,smb,mom",mkt,14,5,311,10,3,mom
2009-07-01_to_2012-07-01,2009-07-01,2012-07-01,"hml,smb,mom",mkt,14,5,311,10,4,mom
2009-07-01_to_2012-07-01,2009-07-01,2012-07-01,"hml,smb,mom",mkt,14,5,311,10,5,mom
2009-07-01_to_2012-07-01,2009-07-01,2012-07-01,"hml,smb,mom",mkt,14,5,311,10,6,smb
2009-07-01_to_2012-07-01,2009-07-01,2012-07-01,"hml,smb,mom",mkt,14,5,311,10,7,smb
2009-07-01_to_2012-07-01,2009-07-01,2012-07-01,"hml,smb,mom",mkt,14,5,311,10,8,smb
2009-07-01_to_2012-07-01,2009-07-01,2012-07-01,"hml,smb,mom",mkt,14,5,311,10,9,smb
2009-07-01_to_2012-07-01,2009-07-01,2012-07-01,"hml,smb,mom",mkt,14,5,311,10,10,hml
2009-07-01_to_2012-07-01,2009-07-01,2012-07-01,"hml,smb,mom",mkt,14,5,313,6,1,mom
2009-07-01_to_2012-07-01,2009-07-01,2012-07-01,"hml,smb,mom",mkt,14,5,313,6,2,mom
2009-07-01_to_2012-07-01,2009-07-01,2012-07-01,"hml,smb,mom",mkt,14,5,313,6,3,mom
2009-07-01_to_2012-07-01,2009-07-01,2012-07-01,"hml,smb,mom",mkt,14,5,313,6,4,mom
2009-07-01_to_2012-07-01,2009-07-01,2012-07-01,"hml,smb,mom",mkt,14,5,313,6,5,mom
2009-07-01_to_2012-07-01,2009-07-01,2012-07-01,"hml,smb,mom",mkt,14,5,313,6,6,hml
2009-07-01_to_2012-07-01,2009-07-01,2012-07-01,"hml,smb,mom",mkt,14,5,317,9,1,mom
2009-07-01_to_2012-07-01,2009-07-01,2012-07-01,"hml,smb,mom",mkt,14,5,317,9,2,mom
2009-07-01_to_2012-07-01,2009-07-01,2012-07-01,"hml,smb,mom",mkt,14,5,317,9,3,mom
2009-07-01_to_2012-07-01,2009-07-01,2012-07-01,"hml,smb,mom",mkt,14,5,317,9,4,mom
2009-07-01_to_2012-07-01,2009-07-01,2012-07-01,"hml,smb,mom",mkt,14,5,317,9,5,mom
2009-07-01_to_2012-07-01,2009-07-01,2012-07-01,"hml,smb,mom",mkt,14,5,317,9,6,hml
2009-07-01_to_2012-07-01,2009-07-01,2012-07-01,"hml,smb,mom",mkt,14,5,317,9,7,hml
2009-07-01_to_2012-07-01,2009-07-01,2012-07-01,"hml,smb,mom",mkt,14,5,317,9,8,smb
2009-07-01_to_2012-07-01,2009-07-01,2012-07-01,"hml,smb,mom",mkt,14,5,317,9,9,smb
2009-07-01_to_2012-07-01,2009-07-01,2012-07-01,"hml,smb,mom",mkt,14,5,318,9,1,mom
2009-07-01_to_2012-07-01,2009-07-01,2012-07-01,"hml,smb,mom",mkt,14,5,318,9,2,mom
2009-07-01_to_2012-07-01,2009-07-01,2012-07-01,"hml,smb,mom",mkt,14,5,318,9,3,mom
2009-07-01_to_2012-07-01,2009-07-01,2012-07-01,"hml,smb,mom",mkt,14,5,318,9,4,mom
2009-07-01_to_2012-07-01,2009-07-01,2012-07-01,"hml,smb,mom",mkt,14,5,318,9,5,mom
2009-07-01_to_2012-07-01,2009-07-01,2012-07-01,"hml,smb,mom",mkt,14,5,318,9,6,hml
2009-07-01_to_2012-07-01,2009-07-01,2012-07-01,"hml,smb,mom",mkt,14,5,318,9,7,hml
2009-07-01_to_2012-07-01,2009-07-01,2012-07-01,"hml,smb,mom",mkt,14,5,318,9,8,smb
2009-07-01_to_2012-07-01,2009-07-01,2012-07-01,"hml,smb,mom",mkt,14,5,318,9,9,smb
2009-07-01_to_2012-07-01,2009-07-01,2012-07-01,"hml,smb,mom",mkt,14,5,319,8,1,mom
2009-07-01_to_2012-07-01,2009-07-01,2012-07-01,"hml,smb,mom",mkt,14,5,319,8,2,mom
2009-07-01_to_2012-07-01,2009-07-01,2012-07-01,"hml,smb,mom",mkt,14,5,319,8,3,mom
2009-07-01_to_2012-07-01,2009-07-01,2012-07-01,"hml,smb,mom",mkt,14,5,319,8,4,mom
2009-07-01_to_2012-07-01,2009-07-01,2012-07-01,"hml,smb,mom",mkt,14,5,319,8,5,mom
2009-07-01_to_2012-07-01,2009-07-01,2012-07-01,"hml,smb,mom",mkt,14,5,319,8,6,hml
2009-07-01_to_2012-07-01,2009-07-01,2012-07-01,"hml,smb,mom",mkt,14,5,319,8,7,hml
2009-07-01_to_2012-07-01,2009-07-01,2012-07-01,"hml,smb,mom",mkt,14,5,319,8,8,smb
2009-07-01_to_2012-07-01,2009-07-01,2012-07-01,"hml,smb,mom",mkt,14,5,321,8,1,mom
2009-07-01_to_2012-07-01,2009-07-01,2012-07-01,"hml,smb,mom",mkt,14,5,321,8,2,mom
2009-07-01_to_2012-07-01,2009-07-01,2012-07-01,"hml,smb,mom",mkt,14,5,321,8,3,mom
2009-07-01_to_2012-07-01,2009-07-01,2012-07-01,"hml,smb,mom",mkt,14,5,321,8,4,mom
2009-07-01_to_2012-07-01,2009-07-01,2012-07-01,"hml,smb,mom",mkt,14,5,321,8,5,mom
2009-07-01_to_2012-07-01,2009-07-01,2012-07-01,"hml,smb,mom",mkt,14,5,321,8,6,hml
2009-07-01_to_2012-07-01,2009-07-01,2012-07-01,"hml,smb,mom",mkt,14,5,321,8,7,hml
2009-07-01_to_2012-07-01,2009-07-01,2012-07-01,"hml,smb,mom",mkt,14,5,321,8,8,smb
2009-07-01_to_2012-07-01,2009-07-01,2012-07-01,"hml,smb,mom",mkt,14,5,323,9,1,mom
2009-07-01_to_2012-07-01,2009-07-01,2012-07-01,"hml,smb,mom",mkt,14,5,323,9,2,mom
2009-07-01_to_2012-07-01,2009-07-01,2012-07-01,"hml,smb,mom",mkt,14,5,323,9,3,mom
2009-07-01_to_2012-07-01,2009-07-01,2012-07-01,"hml,smb,mom",mkt,14,5,323,9,4,mom
2009-07-01_to_2012-07-01,2009-07-01,2012-07-01,"hml,smb,mom",mkt,14,5,323,9,5,mom
2009-07-01_to_2012-07-01,2009-07-01,2012-07-01,"hml,smb,mom",mkt,14,5,323,9,6,hml
2009-07-01_to_2012-07-01,2009-07-01,2012-07-01,"hml,smb,mom",mkt,14,5,323,9,7,hml
2009-07-01_to_2012-07-01,2009-07-01,2012-07-01,"hml,smb,mom",mkt,14,5,323,9,8,smb
2009-07-01_to_2012-07-01,2009-07-01,2012-07-01,"hml,smb,mom",mkt,14,5,323,9,9,mom
2009-07-01_to_2012-07-01,2009-07-01,2012-07-01,"hml,smb,mom",mkt,14,5,324,9,1,mom
2009-07-01_to_2012-07-01,2009-07-01,2012-07-01,"hml,smb,mom",mkt,14,5,324,9,2,mom
2009-07-01_to_2012-07-01,2009-07-01,2012-07-01,"hml,smb,mom",mkt,14,5,324,9,3,mom
2009-07-01_to_2012-07-01,2009-07-01,2012-07-01,"hml,smb,mom",mkt,14,5,324,9,4,mom
2009-07-01_to_2012-07-01,2009-07-01,2012-07-01,"hml,smb,mom",mkt,14,5,324,9,5,mom
2009-07-01_to_2012-07-01,2009-07-01,2012-07-01,"hml,smb,mom",mkt,14,5,324,9,6,hml
2009-07-01_to_2012-07-01,2009-07-01,2012-07-01,"hml,smb,mom",mkt,14,5,324,9,7,hml
2009-07-01_to_2012-07-01,2009-07-01,2012-07-01,"hml,smb,mom",mkt,14,5,324,9,8,smb
2009-07-01_to_2012-07-01,2009-07-01,2012-07-01,"hml,smb,mom",mkt,14,5,324,9,9,mom
2009-07-01_to_2012-07-01,2009-07-01,2012-07-01,"hml,smb,mom",mkt,14,5,327,5,1,mom
2009-07-01_to_2012-07-01,2009-07-01,2012-07-01,"hml,smb,mom",mkt,14,5,327,5,2,mom
2009-07-01_to_2012-07-01,2009-07-01,2012-07-01,"hml,smb,mom",mkt,14,5,327,5,3,mom
2009-07-01_to_2012-07-01,2009-07-01,2012-07-01,"hml,smb,mom",mkt,14,5,327,5,4,mom
2009-07-01_to_2012-07-01,2009-07-01,2012-07-01,"hml,smb,mom",mkt,14,5,327,5,5,smb
2009-07-01_to_2012-07-01,2009-07-01,2012-07-01,"hml,smb,mom",mkt,14,5,328,5,1,mom
2009-07-01_to_2012-07-01,2009-07-01,2012-07-01,"hml,smb,mom",mkt,14,5,328,5,2,mom
2009-07-01_to_2012-07-01,2009-07-01,2012-07-01,"hml,smb,mom",mkt,14,5,328,5,3,mom
2009-07-01_to_2012-07-01,2009-07-01,2012-07-01,"hml,smb,mom",mkt,14,5,328,5,4,mom
2009-07-01_to_2012-07-01,2009-07-01,2012-07-01,"hml,smb,mom",mkt,14,5,328,5,5,smb
2009-07-01_to_2012-07-01,2009-07-01,2012-07-01,"hml,smb,mom",mkt,14,5,330,5,1,mom
2009-07-01_to_2012-07-01,2009-07-01,2012-07-01,"hml,smb,mom",mkt,14,5,330,5,2,mom
2009-07-01_to_2012-07-01,2009-07-01,2012-07-01,"hml,smb,mom",mkt,14,5,330,5,3,mom
2009-07-01_to_2012-07-01,2009-07-01,2012-07-01,"hml,smb,mom",mkt,14,5,330,5,4,mom
2009-07-01_to_2012-07-01,2009-07-01,2012-07-01,"hml,smb,mom",mkt,14,5,330,5,5,smb
2009-07-01_to_2012-07-01,2009-07-01,2012-07-01,"hml,smb,mom",mkt,14,5,331,5,1,mom
2009-07-01_to_2012-07-01,2009-07-01,2012-07-01,"hml,smb,mom",mkt,14,5,331,5,2,mom
2009-07-01_to_2012-07-01,2009-07-01,2012-07-01,"hml,smb,mom",mkt,14,5,331,5,3,mom
2009-07-01_to_2012-07-01,2009-07-01,2012-07-01,"hml,smb,mom",mkt,14,5,331,5,4,mom
2009-07-01_to_2012-07-01,2009-07-01,2012-07-01,"hml,smb,mom",mkt,14,5,331,5,5,smb
2009-07-01_to_2012-07-01,2009-07-01,2012-07-01,"hml,smb,mom",mkt,14,5,332,2,1,mom
2009-07-01_to_2012-07-01,2009-07-01,2012-07-01,"hml,smb,mom",mkt,14,5,332,2,2,mom
2010-01-01_to_2013-01-01,2010-01-01,2013-01-01,"hml,smb,mom",mkt,14,5,5,5,1,mom
2010-01-01_to_2013-01-01,2010-01-01,2013-01-01,"hml,smb,mom",mkt,14,5,5,5,2,mom
2010-01-01_to_2013-01-01,2010-01-01,2013-01-01,"hml,smb,mom",mkt,14,5,5,5,3,mom
2010-01-01_to_2013-01-01,2010-01-01,2013-01-01,"hml,smb,mom",mkt,14,5,5,5,4,mom
2010-01-01_to_2013-01-01,2010-01-01,2013-01-01,"hml,smb,mom",mkt,14,5,5,5,5,smb
2010-01-01_to_2013-01-01,2010-01-01,2013-01-01,"hml,smb,mom",mkt,14,5,6,5,1,mom
2010-01-01_to_2013-01-01,2010-01-01,2013-01-01,"hml,smb,mom",mkt,14,5,6,5,2,mom
2010-01-01_to_2013-01-01,2010-01-01,2013-01-01,"hml,smb,mom",mkt,14,5,6,5,3,mom
2010-01-01_to_2013-01-01,2010-01-01,2013-01-01,"hml,smb,mom",mkt,14,5,6,5,4,mom
2010-01-01_to_2013-01-01,2010-01-01,2013-01-01,"hml,smb,mom",mkt,14,5,6,5,5,smb
2010-01-01_to_2013-01-01,2010-01-01,2013-01-01,"hml,smb,mom",mkt,14,5,10,7,1,mom
2010-01-01_to_2013-01-01,2010-01-01,2013-01-01,"hml,smb,mom",mkt,14,5,10,7,2,mom
2010-01-01_to_2013-01-01,2010-01-01,2013-01-01,"hml,smb,mom",mkt,14,5,10,7,3,mom
2010-01-01_to_2013-01-01,2010-01-01,2013-01-01,"hml,smb,mom",mkt,14,5,10,7,4,mom
2010-01-01_to_2013-01-01,2010-01-01,2013-01-01,"hml,smb,mom",mkt,14,5,10,7,5,mom
2010-01-01_to_2013-01-01,2010-01-01,2013-01-01,"hml,smb,mom",mkt,14,5,10,7,6,mom
2010-01-01_to_2013-01-01,2010-01-01,2013-01-01,"hml,smb,mom",mkt,14,5,10,7,7,hml
2010-01-01_to_2013-01-01,2010-01-01,2013-01-01,"hml,smb,mom",mkt,14,5,11,7,1,mom
2010-01-01_to_2013-01-01,2010-01-01,2013-01-01,"hml,smb,mom",mkt,14,5,11,7,2,mom
2010-01-01_to_2013-01-01,2010-01-01,2013-01-01,"hml,smb,mom",mkt,14,5,11,7,3,mom
2010-01-01_to_2013-01-01,2010-01-01,2013-01-01,"hml,smb,mom",mkt,14,5,11,7,4,mom
2010-01-01_to_2013-01-01,2010-01-01,2013-01-01,"hml,smb,mom",mkt,14,5,11,7,5,mom
2010-01-01_to_2013-01-01,2010-01-01,2013-01-01,"hml,smb,mom",mkt,14,5,11,7,6,mom
2010-01-01_to_2013-01-01,2010-01-01,2013-01-01,"hml,smb,mom",mkt,14,5,11,7,7,hml
2010-01-01_to_2013-01-01,2010-01-01,2013-01-01,"hml,smb,mom",mkt,14,5,13,7,1,mom
2010-01-01_to_2013-01-01,2010-01-01,2013-01-01,"hml,smb,mom",mkt,14,5,13,7,2,mom
2010-01-01_to_2013-01-01,2010-01-01,2013-01-01,"hml,smb,mom",mkt,14,5,13,7,3,mom
2010-01-01_to_2013-01-01,2010-01-01,2013-01-01,"hml,smb,mom",mkt,14,5,13,7,4,mom
2010-01-01_to_2013-01-01,2010-01-01,2013-01-01,"hml,smb,mom",mkt,14,5,13,7,5,mom
2010-01-01_to_2013-01-01,2010-01-01,2013-01-01,"hml,smb,mom",mkt,14,5,13,7,6,mom
2010-01-01_to_2013-01-01,2010-01-01,2013-01-01,"hml,smb,mom",mkt,14,5,13,7,7,smb
2010-01-01_to_2013-01-01,2010-01-01,2013-01-01,"hml,smb,mom",mkt,14,5,14,7,1,mom
2010-01-01_to_2013-01-01,2010-01-01,2013-01-01,"hml,smb,mom",mkt,14,5,14,7,2,mom
2010-01-01_to_2013-01-01,2010-01-01,2013-01-01,"hml,smb,mom",mkt,14,5,14,7,3,mom
2010-01-01_to_2013-01-01,2010-01-01,2013-01-01,"hml,smb,mom",mkt,14,5,14,7,4,mom
2010-01-01_to_2013-01-01,2010-01-01,2013-01-01,"hml,smb,mom",mkt,14,5,14,7,5,mom
2010-01-01_to_2013-01-01,2010-01-01,2013-01-01,"hml,smb,mom",mkt,14,5,14,7,6,mom
2010-01-01_to_2013-01-01,2010-01-01,2013-01-01,"hml,smb,mom",mkt,14,5,14,7,7,smb
2010-01-01_to_2013-01-01,2010-01-01,2013-01-01,"hml,smb,mom",mkt,14,5,16,6,1,mom
2010-01-01_to_2013-01-01,2010-01-01,2013-01-01,"hml,smb,mom",mkt,14,5,16,6,2,mom
2010-01-01_to_2013-01-01,2010-01-01,2013-01-01,"hml,smb,mom",mkt,14,5,16,6,3,mom
2010-01-01_to_2013-01-01,2010-01-01,2013-01-01,"hml,smb,mom",mkt,14,5,16,6,4,mom
2010-01-01_to_2013-01-01,2010-01-01,2013-01-01,"hml,smb,mom",mkt,14,5,16,6,5,mom
2010-01-01_to_2013-01-01,2010-01-01,2013-01-01,"hml,smb,mom",mkt,14,5,16,6,6,hml
2010-01-01_to_2013-01-01,2010-01-01,2013-01-01,"hml,smb,mom",mkt,14,5,18,7,1,mom
2010-01-01_to_2013-01-01,2010-01-01,2013-01-01,"hml,smb,mom",mkt,14,5,18,7,2,mom
2010-01-01_to_2013-01-01,2010-01-01,2013-01-01,"hml,smb,mom",mkt,14,5,18,7,3,mom
2010-01-01_to_2013-01-01,2010-01-01,2013-01-01,"hml,smb,mom",mkt,14,5,18,7,4,mom
2010-01-01_to_2013-01-01,2010-01-01,2013-01-01,"hml,smb,mom",mkt,14,5,18,7,5,mom
2010-01-01_to_2013-01-01,2010-01-01,2013-01-01,"hml,smb,mom",mkt,14,5,18,7,6,hml
2010-01-01_to_2013-01-01,2010-01-01,2013-01-01,"hml,smb,mom",mkt,14,5,18,7,7,hml
2010-01-01_to_2013-01-01,2010-01-01,2013-01-01,"hml,smb,mom",mkt,14,5,19,7,1,mom
2010-01-01_to_2013-01-01,2010-01-01,2013-01-01,"hml,smb,mom",mkt,14,5,19,7,2,mom
2010-01-01_to_2013-01-01,2010-01-01,2013-01-01,"hml,smb,mom",mkt,14,5,19,7,3,mom
2010-01-01_to_2013-01-01,2010-01-01,2013-01-01,"hml,smb,mom",mkt,14,5,19,7,4,mom
2010-01-01_to_2013-01-01,2010-01-01,2013-01-01,"hml,smb,mom",mkt,14,5,19,7,5,mom
2010-01-01_to_2013-01-01,2010-01-01,2013-01-01,"hml,smb,mom",mkt,14,5,19,7,6,hml
2010-01-01_to_2013-01-01,2010-01-01,2013-01-01,"hml,smb,mom",mkt,14,5,19,7,7,hml
2010-01-01_to_2013-01-01,2010-01-01,2013-01-01,"hml,smb,mom",mkt,14,5,24,7,1,mom
2010-01-01_to_2013-01-01,2010-01-01,2013-01-01,"hml,smb,mom",mkt,14,5,24,7,2,mom
2010-01-01_to_2013-01-01,2010-01-01,2013-01-01,"hml,smb,mom",mkt,14,5,24,7,3,mom
2010-01-01_to_2013-01-01,2010-01-01,2013-01-01,"hml,smb,mom",mkt,14,5,24,7,4,mom
2010-01-01_to_2013-01-01,2010-01-01,2013-01-01,"hml,smb,mom",mkt,14,5,24,7,5,mom
2010-01-01_to_2013-01-01,2010-01-01,2013-01-01,"hml,smb,mom",mkt,14,5,24,7,6,hml
2010-01-01_to_2013-01-01,2010-01-01,2013-01-01,"hml,smb,mom",mkt,14,5,24,7,7,mom
2010-01-01_to_2013-01-01,2010-01-01,2013-01-01,"hml,smb,mom",mkt,14,5,27,9,1,mom
2010-01-01_to_2013-01-01,2010-01-01,2013-01-01,"hml,smb,mom",mkt,14,5,27,9,2,mom
2010-01-01_to_2013-01-01,2010-01-01,2013-01-01,"hml,smb,mom",mkt,14,5,27,9,3,mom
2010-01-01_to_2013-01-01,2010-01-01,2013-01-01,"hml,smb,mom",mkt,14,5,27,9,4,mom
2010-01-01_to_2013-01-01,2010-01-01,2013-01-01,"hml,smb,mom",mkt,14,5,27,9,5,mom
2010-01-01_to_2013-01-01,2010-01-01,2013-01-01,"hml,smb,mom",mkt,14,5,27,9,6,hml
2010-01-01_to_2013-01-01,2010-01-01,2013-01-01,"hml,smb,mom",mkt,14,5,27,9,7,mom
2010-01-01_to_2013-01-01,2010-01-01,2013-01-01,"hml,smb,mom",mkt,14,5,27,9,8,smb
2010-01-01_to_2013-01-01,2010-01-01,2013-01-01,"hml,smb,mom",mkt,14,5,27,9,9,hml
2010-01-01_to_2013-01-01,2010-01-01,2013-01-01,"hml,smb,mom",mkt,14,5,28,9,1,mom
2010-01-01_to_2013-01-01,2010-01-01,2013-01-01,"hml,smb,mom",mkt,14,5,28,9,2,mom
2010-01-01_to_2013-01-01,2010-01-01,2013-01-01,"hml,smb,mom",mkt,14,5,28,9,3,mom
2010-01-01_to_2013-01-01,2010-01-01,2013-01-01,"hml,smb,mom",mkt,14,5,28,9,4,mom
2010-01-01_to_2013-01-01,2010-01-01,2013-01-01,"hml,smb,mom",mkt,14,5,28,9,5,mom
2010-01-01_to_2013-01-01,2010-01-01,2013-01-01,"hml,smb,mom",mkt,14,5,28,9,6,hml
2010-01-01_to_2013-01-01,2010-01-01,2013-01-01,"hml,smb,mom",mkt,14,5,28,9,7,mom
2010-01-01_to_2013-01-01,2010-01-01,2013-01-01,"hml,smb,mom",mkt,14,5,28,9,8,smb
2010-01-01_to_2013-01-01,2010-01-01,2013-01-01,"hml,smb,mom",mkt,14,5,28,9,9,hml
2010-01-01_to_2013-01-01,2010-01-01,2013-01-01,"hml,smb,mom",mkt,14,5,29,8,1,mom
2010-01-01_to_2013-01-01,2010-01-01,2013-01-01,"hml,smb,mom",mkt,14,5,29,8,2,mom
2010-01-01_to_2013-01-01,2010-01-01,2013-01-01,"hml,smb,mom",mkt,14,5,29,8,3,mom
2010-01-01_to_2013-01-01,2010-01-01,2013-01-01,"hml,smb,mom",mkt,14,5,29,8,4,mom
2010-01-01_to_2013-01-01,2010-01-01,2013-01-01,"hml,smb,mom",mkt,14,5,29,8,5,mom
2010-01-01_to_2013-01-01,2010-01-01,2013-01-01,"hml,smb,mom",mkt,14,5,29,8,6,hml
2010-01-01_to_2013-01-01,2010-01-01,2013-01-01,"hml,smb,mom",mkt,14,5,29,8,7,mom
2010-01-01_to_2013-01-01,2010-01-01,2013-01-01,"hml,smb,mom",mkt,14,5,29,8,8,smb
2010-01-01_to_2013-01-01,2010-01-01,2013-01-01,"hml,smb,mom",mkt,14,5,30,6,1,mom
2010-01-01_to_2013-01-01,2010-01-01,2013-01-01,"hml,smb,mom",mkt,14,5,30,6,2,mom
2010-01-01_to_2013-01-01,2010-01-01,2013-01-01,"hml,smb,mom",mkt,14,5,30,6,3,mom
2010-01-01_to_2013-01-01,2010-01-01,2013-01-01,"hml,smb,mom",mkt,14,5,30,6,4,mom
2010-01-01_to_2013-01-01,2010-01-01,2013-01-01,"hml,smb,mom",mkt,14,5,30,6,5,mom
2010-01-01_to_2013-01-01,2010-01-01,2013-01-01,"hml,smb,mom",mkt,14,5,30,6,6,hml
2010-01-01_to_2013-01-01,2010-01-01,2013-01-01,"hml,smb,mom",mkt,14,5,34,8,1,mom
2010-01-01_to_2013-01-01,2010-01-01,2013-01-01,"hml,smb,mom",mkt,14,5,34,8,2,mom
2010-01-01_to_2013-01-01,2010-01-01,2013-01-01,"hml,smb,mom",mkt,14,5,34,8,3,mom
2010-01-01_to_2013-01-01,2010-01-01,2013-01-01,"hml,smb,mom",mkt,14,5,34,8,4,mom
2010-01-01_to_2013-01-01,2010-01-01,2013-01-01,"hml,smb,mom",mkt,14,5,34,8,5,mom
2010-01-01_to_2013-01-01,2010-01-01,2013-01-01,"hml,smb,mom",mkt,14,5,34,8,6,mom
2010-01-01_to_2013-01-01,2010-01-01,2013-01-01,"hml,smb,mom",mkt,14,5,34,8,7,hml
2010-01-01_to_2013-01-01,2010-01-01,2013-01-01,"hml,smb,mom",mkt,14,5,34,8,8,smb
2010-01-01_to_2013-01-01,2010-01-01,2013-01-01,"hml,smb,mom",mkt,14,5,35,8,1,mom
2010-01-01_to_2013-01-01,2010-01-01,2013-01-01,"hml,smb,mom",mkt,14,5,35,8,2,mom
2010-01-01_to_2013-01-01,2010-01-01,2013-01-01,"hml,smb,mom",mkt,14,5,35,8,3,mom
2010-01-01_to_2013-01-01,2010-01-01,2013-01-01,"hml,smb,mom",mkt,14,5,35,8,4,mom
2010-01-01_to_2013-01-01,2010-01-01,2013-01-01,"hml,smb,mom",mkt,14,5,35,8,5,mom
2010-01-01_to_2013-01-01,2010-01-01,2013-01-01,"hml,smb,mom",mkt,14,5,35,8,6,mom
2010-01-01_to_2013-01-01,2010-01-01,2013-01-01,"hml,smb,mom",mkt,14,5,35,8,7,hml
2010-01-01_to_2013-01-01,2010-01-01,2013-01-01,"hml,smb,mom",mkt,14,5,35,8,8,smb
2010-01-01_to_2013-01-01,2010-01-01,2013-01-01,"hml,smb,mom",mkt,14,5,37,8,1,mom
2010-01-01_to_2013-01-01,2010-01-01,2013-01-01,"hml,smb,mom",mkt,14,5,37,8,2,mom
2010-01-01_to_2013-01-01,2010-01-01,2013-01-01,"hml,smb,mom",mkt,14,5,37,8,3,mom
2010-01-01_to_2013-01-01,2010-01-01,2013-01-01,"hml,smb,mom",mkt,14,5,37,8,4,mom
2010-01-01_to_2013-01-01,2010-01-01,2013-01-01,"hml,smb,mom",mkt,14,5,37,8,5,mom
2010-01-01_to_2013-01-01,2010-01-01,2013-01-01,"hml,smb,mom",mkt,14,5,37,8,6,mom
2010-01-01_to_2013-01-01,2010-01-01,2013-01-01,"hml,smb,mom",mkt,14,5,37,8,7,hml
2010-01-01_to_2013-01-01,2010-01-01,2013-01-01,"hml,smb,mom",mkt,14,5,37,8,8,hml
2010-01-01_to_2013-01-01,2010-01-01,2013-01-01,"hml,smb,mom",mkt,14,5,39,9,1,mom
2010-01-01_to_2013-01-01,2010-01-01,2013-01-01,"hml,smb,mom",mkt,14,5,39,9,2,mom
2010-01-01_to_2013-01-01,2010-01-01,2013-01-01,"hml,smb,mom",mkt,14,5,39,9,3,mom
2010-01-01_to_2013-01-01,2010-01-01,2013-01-01,"hml,smb,mom",mkt,14,5,39,9,4,mom
2010-01-01_to_2013-01-01,2010-01-01,2013-01-01,"hml,smb,mom",mkt,14,5,39,9,5,mom
2010-01-01_to_2013-01-01,2010-01-01,2013-01-01,"hml,smb,mom",mkt,14,5,39,9,6,mom
2010-01-01_to_2013-01-01,2010-01-01,2013-01-01,"hml,smb,mom",mkt,14,5,39,9,7,hml
2010-01-01_to_2013-01-01,2010-01-01,2013-01-01,"hml,smb,mom",mkt,14,5,39,9,8,hml
2010-01-01_to_2013-01-01,2010-01-01,2013-01-01,"hml,smb,mom",mkt,14,5,39,9,9,hml
2010-01-01_to_2013-01-01,2010-01-01,2013-01-01,"hml,smb,mom",mkt,14,5,40,9,1,mom
2010-01-01_to_2013-01-01,2010-01-01,2013-01-01,"hml,smb,mom",mkt,14,5,40,9,2,mom
2010-01-01_to_2013-01-01,2010-01-01,2013-01-01,"hml,smb,mom",mkt,14,5,40,9,3,mom
2010-01-01_to_2013-01-01,2010-01-01,2013-01-01,"hml,smb,mom",mkt,14,5,40,9,4,mom
2010-01-01_to_2013-01-01,2010-01-01,2013-01-01,"hml,smb,mom",mkt,14,5,40,9,5,mom
2010-01-01_to_2013-01-01,2010-01-01,2013-01-01,"hml,smb,mom",mkt,14,5,40,9,6,mom
2010-01-01_to_2013-01-01,2010-01-01,2013-01-01,"hml,smb,mom",mkt,14,5,40,9,7,hml
2010-01-01_to_2013-01-01,2010-01-01,2013-01-01,"hml,smb,mom",mkt,14,5,40,9,8,hml
2010-01-01_to_2013-01-01,2010-01-01,2013-01-01,"hml,smb,mom",mkt,14,5,40,9,9,hml
2010-01-01_to_2013-01-01,2010-01-01,2013-01-01,"hml,smb,mom",mkt,14,5,42,7,1,mom
2010-01-01_to_2013-01-01,2010-01-01,2013-01-01,"hml,smb,mom",mkt,14,5,42,7,2,mom
2010-01-01_to_2013-01-01,2010-01-01,2013-01-01,"hml,smb,mom",mkt,14,5,42,7,3,mom
2010-01-01_to_2013-01-01,2010-01-01,2013-01-01,"hml,smb,mom",mkt,14,5,42,7,4,mom
2010-01-01_to_2013-01-01,2010-01-01,2013-01-01,"hml,smb,mom",mkt,14,5,42,7,5,mom
2010-01-01_to_2013-01-01,2010-01-01,2013-01-01,"hml,smb,mom",mkt,14,5,42,7,6,mom
2010-01-01_to_2013-01-01,2010-01-01,2013-01-01,"hml,smb,mom",mkt,14,5,42,7,7,hml
2010-01-01_to_2013-01-01,2010-01-01,2013-01-01,"hml,smb,mom",mkt,14,5,44,8,1,mom
2010-01-01_to_2013-01-01,2010-01-01,2013-01-01,"hml,smb,mom",mkt,14,5,44,8,2,mom
2010-01-01_to_2013-01-01,2010-01-01,2013-01-01,"hml,smb,mom",mkt,14,5,44,8,3,mom
2010-01-01_to_2013-01-01,2010-01-01,2013-01-01,"hml,smb,mom",mkt,14,5,44,8,4,mom
2010-01-01_to_2013-01-01,2010-01-01,2013-01-01,"hml,smb,mom",mkt,14,5,44,8,5,mom
2010-01-01_to_2013-01-01,2010-01-01,2013-01-01,"hml,smb,mom",mkt,14,5,44,8,6,mom
2010-01-01_to_2013-01-01,2010-01-01,2013-01-01,"hml,smb,mom",mkt,14,5,44,8,7,hml
2010-01-01_to_2013-01-01,2010-01-01,2013-01-01,"hml,smb,mom",mkt,14,5,44,8,8,smb
2010-01-01_to_2013-01-01,2010-01-01,2013-01-01,"hml,smb,mom",mkt,14,5,48,11,1,mom
2010-01-01_to_2013-01-01,2010-01-01,2013-01-01,"hml,smb,mom",mkt,14,5,48,11,2,mom
2010-01-01_to_2013-01-01,2010-01-01,2013-01-01,"hml,smb,mom",mkt,14,5,48,11,3,mom
2010-01-01_to_2013-01-01,2010-01-01,2013-01-01,"hml,smb,mom",mkt,14,5,48,11,4,mom
2010-01-01_to_2013-01-01,2010-01-01,2013-01-01,"hml,smb,mom",mkt,14,5,48,11,5,mom
2010-01-01_to_2013-01-01,2010-01-01,2013-01-01,"hml,smb,mom",mkt,14,5,48,11,6,mom
2010-01-01_to_2013-01-01,2010-01-01,2013-01-01,"hml,smb,mom",mkt,14,5,48,11,7,hml
2010-01-01_to_2013-01-01,2010-01-01,2013-01-01,"hml,smb,mom",mkt,14,5,48,11,8,smb
2010-01-01_to_2013-01-01,2010-01-01,2013-01-01,"hml,smb,mom",mkt,14,5,48,11,9,smb
2010-01-01_to_2013-01-01,2010-01-01,2013-01-01,"hml,smb,mom",mkt,14,5,48,11,10,hml
2010-01-01_to_2013-01-01,2010-01-01,2013-01-01,"hml,smb,mom",mkt,14,5,48,11,11,mom
2010-01-01_to_2013-01-01,2010-01-01,2013-01-01,"hml,smb,mom",mkt,14,5,49,11,1,mom
2010-01-01_to_2013-01-01,2010-01-01,2013-01-01,"hml,smb,mom",mkt,14,5,49,11,2,mom
2010-01-01_to_2013-01-01,2010-01-01,2013-01-01,"hml,smb,mom",mkt,14,5,49,11,3,mom
2010-01-01_to_2013-01-01,2010-01-01,2013-01-01,"hml,smb,mom",mkt,14,5,49,11,4,mom
2010-01-01_to_2013-01-01,2010-01-01,2013-01-01,"hml,smb,mom",mkt,14,5,49,11,5,mom
2010-01-01_to_2013-01-01,2010-01-01,2013-01-01,"hml,smb,mom",mkt,14,5,49,11,6,mom
2010-01-01_to_2013-01-01,2010-01-01,2013-01-01,"hml,smb,mom",mkt,14,5,49,11,7,hml
2010-01-01_to_2013-01-01,2010-01-01,2013-01-01,"hml,smb,mom",mkt,14,5,49,11,8,smb
2010-01-01_to_2013-01-01,2010-01-01,2013-01-01,"hml,smb,mom",mkt,14,5,49,11,9,smb
2010-01-01_to_2013-01-01,2010-01-01,2013-01-01,"hml,smb,mom",mkt,14,5,49,11,10,hml
2010-01-01_to_2013-01-01,2010-01-01,2013-01-01,"hml,smb,mom",mkt,14,5,49,11,11,mom
2010-01-01_to_2013-01-01,2010-01-01,2013-01-01,"hml,smb,mom",mkt,14,5,50,10,1,mom
2010-01-01_to_2013-01-01,2010-01-01,2013-01-01,"hml,smb,mom",mkt,14,5,50,10,2,mom
2010-01-01_to_2013-01-01,2010-01-01,2013-01-01,"hml,smb,mom",mkt,14,5,50,10,3,mom
2010-01-01_to_2013-01-01,2010-01-01,2013-01-01,"hml,smb,mom",mkt,14,5,50,10,4,mom
2010-01-01_to_2013-01-01,2010-01-01,2013-01-01,"hml,smb,mom",mkt,14,5,50,10,5,mom
2010-01-01_to_2013-01-01,2010-01-01,2013-01-01,"hml,smb,mom",mkt,14,5,50,10,6,mom
2010-01-01_to_2013-01-01,2010-01-01,2013-01-01,"hml,smb,mom",mkt,14,5,50,10,7,hml
2010-01-01_to_2013-01-01,2010-01-01,2013-01-01,"hml,smb,mom",mkt,14,5,50,10,8,smb
2010-01-01_to_2013-01-01,2010-01-01,2013-01-01,"hml,smb,mom",mkt,14,5,50,10,9,smb
2010-01-01_to_2013-01-01,2010-01-01,2013-01-01,"hml,smb,mom",mkt,14,5,50,10,10,hml
2010-01-01_to_2013-01-01,2010-01-01,2013-01-01,"hml,smb,mom",mkt,14,5,51,9,1,mom
2010-01-01_to_2013-01-01,2010-01-01,2013-01-01,"hml,smb,mom",mkt,14,5,51,9,2,mom
2010-01-01_to_2013-01-01,2010-01-01,2013-01-01,"hml,smb,mom",mkt,14,5,51,9,3,mom
2010-01-01_to_2013-01-01,2010-01-01,2013-01-01,"hml,smb,mom",mkt,14,5,51,9,4,mom
2010-01-01_to_2013-01-01,2010-01-01,2013-01-01,"hml,smb,mom",mkt,14,5,51,9,5,mom
2010-01-01_to_2013-01-01,2010-01-01,2013-01-01,"hml,smb,mom",mkt,14,5,51,9,6,mom
2010-01-01_to_2013-01-01,2010-01-01,2013-01-01,"hml,smb,mom",mkt,14,5,51,9,7,hml
2010-01-01_to_2013-01-01,2010-01-01,2013-01-01,"hml,smb,mom",mkt,14,5,51,9,8,smb
2010-01-01_to_2013-01-01,2010-01-01,2013-01-01,"hml,smb,mom",mkt,14,5,51,9,9,smb
2010-01-01_to_2013-01-01,2010-01-01,2013-01-01,"hml,smb,mom",mkt,14,5,57,9,1,mom
2010-01-01_to_2013-01-01,2010-01-01,2013-01-01,"hml,smb,mom",mkt,14,5,57,9,2,mom
2010-01-01_to_2013-01-01,2010-01-01,2013-01-01,"hml,smb,mom",mkt,14,5,57,9,3,mom
2010-01-01_to_2013-01-01,2010-01-01,2013-01-01,"hml,smb,mom",mkt,14,5,57,9,4,mom
2010-01-01_to_2013-01-01,2010-01-01,2013-01-01,"hml,smb,mom",mkt,14,5,57,9,5,mom
2010-01-01_to_2013-01-01,2010-01-01,2013-01-01,"hml,smb,mom",mkt,14,5,57,9,6,smb
2010-01-01_to_2013-01-01,2010-01-01,2013-01-01,"hml,smb,mom",mkt,14,5,57,9,7,smb
2010-01-01_to_2013-01-01,2010-01-01,2013-01-01,"hml,smb,mom",mkt,14,5,57,9,8,smb
2010-01-01_to_2013-01-01,2010-01-01,2013-01-01,"hml,smb,mom",mkt,14,5,57,9,9,mom
2010-01-01_to_2013-01-01,2010-01-01,2013-01-01,"hml,smb,mom",mkt,14,5,58,9,1,mom
2010-01-01_to_2013-01-01,2010-01-01,2013-01-01,"hml,smb,mom",mkt,14,5,58,9,2,mom
2010-01-01_to_2013-01-01,2010-01-01,2013-01-01,"hml,smb,mom",mkt,14,5,58,9,3,mom
2010-01-01_to_2013-01-01,2010-01-01,2013-01-01,"hml,smb,mom",mkt,14,5,58,9,4,mom
2010-01-01_to_2013-01-01,2010-01-01,2013-01-01,"hml,smb,mom",mkt,14,5,58,9,5,mom
2010-01-01_to_2013-01-01,2010-01-01,2013-01-01,"hml,smb,mom",mkt,14,5,58,9,6,smb
2010-01-01_to_2013-01-01,2010-01-01,2013-01-01,"hml,smb,mom",mkt,14,5,58,9,7,smb
2010-01-01_to_2013-01-01,2010-01-01,2013-01-01,"hml,smb,mom",mkt,14,5,58,9,8,smb
2010-01-01_to_2013-01-01,2010-01-01,2013-01-01,"hml,smb,mom",mkt,14,5,58,9,9,mom
2010-01-01_to_2013-01-01,2010-01-01,2013-01-01,"hml,smb,mom",mkt,14,5,60,9,1,mom
2010-01-01_to_2013-01-01,2010-01-01,2013-01-01,"hml,smb,mom",mkt,14,5,60,9,2,mom
2010-01-01_to_2013-01-01,2010-01-01,2013-01-01,"hml,smb,mom",mkt,14,5,60,9,3,mom
2010-01-01_to_2013-01-01,2010-01-01,2013-01-01,"hml,smb,mom",mkt,14,5,60,9,4,mom
2010-01-01_to_2013-01-01,2010-01-01,2013-01-01,"hml,smb,mom",mkt,14,5,60,9,5,mom
2010-01-01_to_2013-01-01,2010-01-01,2013-01-01,"hml,smb,mom",mkt,14,5,60,9,6,smb
2010-01-01_to_2013-01-01,2010-01-01,2013-01-01,"hml,smb,mom",mkt,14,5,60,9,7,smb
2010-01-01_to_2013-01-01,2010-01-01,2013-01-01,"hml,smb,mom",mkt,14,5,60,9,8,smb
2010-01-01_to_2013-01-01,2010-01-01,2013-01-01,"hml,smb,mom",mkt,14,5,60,9,9,mom
2010-01-01_to_2013-01-01,2010-01-01,2013-01-01,"hml,smb,mom",mkt,14,5,62,10,1,mom
2010-01-01_to_2013-01-01,2010-01-01,2013-01-01,"hml,smb,mom",mkt,14,5,62,10,2,mom
2010-01-01_to_2013-01-01,2010-01-01,2013-01-01,"hml,smb,mom",mkt,14,5,62,10,3,mom
2010-01-01_to_2013-01-01,2010-01-01,2013-01-01,"hml,smb,mom",mkt,14,5,62,10,4,mom
2010-01-01_to_2013-01-01,2010-01-01,2013-01-01,"hml,smb,mom",mkt,14,5,62,10,5,mom
2010-01-01_to_2013-01-01,2010-01-01,2013-01-01,"hml,smb,mom",mkt,14,5,62,10,6,smb
2010-01-01_to_2013-01-01,2010-01-01,2013-01-01,"hml,smb,mom",mkt,14,5,62,10,7,smb
2010-01-01_to_2013-01-01,2010-01-01,2013-01-01,"hml,smb,mom",mkt,14,5,62,10,8,smb
2010-01-01_to_2013-01-01,2010-01-01,2013-01-01,"hml,smb,mom",mkt,14,5,62,10,9,mom
2010-01-01_to_2013-01-01,2010-01-01,2013-01-01,"hml,smb,mom",mkt,14,5,62,10,10,hml
2010-01-01_to_2013-01-01,2010-01-01,2013-01-01,"hml,smb,mom",mkt,14,5,63,10,1,mom
2010-01-01_to_2013-01-01,2010-01-01,2013-01-01,"hml,smb,mom",mkt,14,5,63,10,2,mom
2010-01-01_to_2013-01-01,2010-01-01,2013-01-01,"hml,smb,mom",mkt,14,5,63,10,3,mom
2010-01-01_to_2013-01-01,2010-01-01,2013-01-01,"hml,smb,mom",mkt,14,5,63,10,4,mom
2010-01-01_to_2013-01-01,2010-01-01,2013-01-01,"hml,smb,mom",mkt,14,5,63,10,5,mom
2010-01-01_to_2013-01-01,2010-01-01,2013-01-01,"hml,smb,mom",mkt,14,5,63,10,6,smb
2010-01-01_to_2013-01-01,2010-01-01,2013-01-01,"hml,smb,mom",mkt,14,5,63,10,7,smb
2010-01-01_to_2013-01-01,2010-01-01,2013-01-01,"hml,smb,mom",mkt,14,5,63,10,8,smb
2010-01-01_to_2013-01-01,2010-01-01,2013-01-01,"hml,smb,mom",mkt,14,5,63,10,9,mom
2010-01-01_to_2013-01-01,2010-01-01,2013-01-01,"hml,smb,mom",mkt,14,5,63,10,10,hml
2010-01-01_to_2013-01-01,2010-01-01,2013-01-01,"hml,smb,mom",mkt,14,5,65,8,1,mom
2010-01-01_to_2013-01-01,2010-01-01,2013-01-01,"hml,smb,mom",mkt,14,5,65,8,2,mom
2010-01-01_to_2013-01-01,2010-01-01,2013-01-01,"hml,smb,mom",mkt,14,5,65,8,3,mom
2010-01-01_to_2013-01-01,2010-01-01,2013-01-01,"hml,smb,mom",mkt,14,5,65,8,4,mom
2010-01-01_to_2013-01-01,2010-01-01,2013-01-01,"hml,smb,mom",mkt,14,5,65,8,5,mom
2010-01-01_to_2013-01-01,2010-01-01,2013-01-01,"hml,smb,mom",mkt,14,5,65,8,6,smb
2010-01-01_to_2013-01-01,2010-01-01,2013-01-01,"hml,smb,mom",mkt,14,5,65,8,7,smb
2010-01-01_to_2013-01-01,2010-01-01,2013-01-01,"hml,smb,mom",mkt,14,5,65,8,8,smb
2010-01-01_to_2013-01-01,2010-01-01,2013-01-01,"hml,smb,mom",mkt,14,5,66,8,1,mom
2010-01-01_to_2013-01-01,2010-01-01,2013-01-01,"hml,smb,mom",mkt,14,5,66,8,2,mom
2010-01-01_to_2013-01-01,2010-01-01,2013-01-01,"hml,smb,mom",mkt,14,5,66,8,3,mom
2010-01-01_to_2013-01-01,2010-01-01,2013-01-01,"hml,smb,mom",mkt,14,5,66,8,4,mom
2010-01-01_to_2013-01-01,2010-01-01,2013-01-01,"hml,smb,mom",mkt,14,5,66,8,5,mom
2010-01-01_to_2013-01-01,2010-01-01,2013-01-01,"hml,smb,mom",mkt,14,5,66,8,6,smb
2010-01-01_to_2013-01-01,2010-01-01,2013-01-01,"hml,smb,mom",mkt,14,5,66,8,7,smb
2010-01-01_to_2013-01-01,2010-01-01,2013-01-01,"hml,smb,mom",mkt,14,5,66,8,8,smb
2010-01-01_to_2013-01-01,2010-01-01,2013-01-01,"hml,smb,mom",mkt,14,5,72,11,1,mom
2010-01-01_to_2013-01-01,2010-01-01,2013-01-01,"hml,smb,mom",mkt,14,5,72,11,2,mom
2010-01-01_to_2013-01-01,2010-01-01,2013-01-01,"hml,smb,mom",mkt,14,5,72,11,3,mom
2010-01-01_to_2013-01-01,2010-01-01,2013-01-01,"hml,smb,mom",mkt,14,5,72,11,4,mom
2010-01-01_to_2013-01-01,2010-01-01,2013-01-01,"hml,smb,mom",mkt,14,5,72,11,5,mom
2010-01-01_to_2013-01-01,2010-01-01,2013-01-01,"hml,smb,mom",mkt,14,5,72,11,6,smb
2010-01-01_to_2013-01-01,2010-01-01,2013-01-01,"hml,smb,mom",mkt,14,5,72,11,7,hml
2010-01-01_to_2013-01-01,2010-01-01,2013-01-01,"hml,smb,mom",mkt,14,5,72,11,8,hml
2010-01-01_to_2013-01-01,2010-01-01,2013-01-01,"hml,smb,mom",mkt,14,5,72,11,9,mom
2010-01-01_to_2013-01-01,2010-01-01,2013-01-01,"hml,smb,mom",mkt,14,5,72,11,10,smb
2010-01-01_to_2013-01-01,2010-01-01,2013-01-01,"hml,smb,mom",mkt,14,5,72,11,11,smb
2010-01-01_to_2013-01-01,2010-01-01,2013-01-01,"hml,smb,mom",mkt,14,5,73,11,1,mom
2010-01-01_to_2013-01-01,2010-01-01,2013-01-01,"hml,smb,mom",mkt,14,5,73,11,2,mom
2010-01-01_to_2013-01-01,2010-01-01,2013-01-01,"hml,smb,mom",mkt,14,5,73,11,3,mom
2010-01-01_to_2013-01-01,2010-01-01,2013-01-01,"hml,smb,mom",mkt,14,5,73,11,4,mom
2010-01-01_to_2013-01-01,2010-01-01,2013-01-01,"hml,smb,mom",mkt,14,5,73,11,5,mom
2010-01-01_to_2013-01-01,2010-01-01,2013-01-01,"hml,smb,mom",mkt,14,5,73,11,6,smb
2010-01-01_to_2013-01-01,2010-01-01,2013-01-01,"hml,smb,mom",mkt,14,5,73,11,7,hml
2010-01-01_to_2013-01-01,2010-01-01,2013-01-01,"hml,smb,mom",mkt,14,5,73,11,8,hml
2010-01-01_to_2013-01-01,2010-01-01,2013-01-01,"hml,smb,mom",mkt,14,5,73,11,9,mom
2010-01-01_to_2013-01-01,2010-01-01,2013-01-01,"hml,smb,mom",mkt,14,5,73,11,10,smb
2010-01-01_to_2013-01-01,2010-01-01,2013-01-01,"hml,smb,mom",mkt,14,5,73,11,11,smb
2010-01-01_to_2013-01-01,2010-01-01,2013-01-01,"hml,smb,mom",mkt,14,5,75,11,1,mom
2010-01-01_to_2013-01-01,2010-01-01,2013-01-01,"hml,smb,mom",mkt,14,5,75,11,2,mom
2010-01-01_to_2013-01-01,2010-01-01,2013-01-01,"hml,smb,mom",mkt,14,5,75,11,3,mom
2010-01-01_to_2013-01-01,2010-01-01,2013-01-01,"hml,smb,mom",mkt,14,5,75,11,4,mom
2010-01-01_to_2013-01-01,2010-01-01,2013-01-01,"hml,smb,mom",mkt,14,5,75,11,5,mom
2010-01-01_to_2013-01-01,2010-01-01,2013-01-01,"hml,smb,mom",mkt,14,5,75,11,6,smb
2010-01-01_to_2013-01-01,2010-01-01,2013-01-01,"hml,smb,mom",mkt,14,5,75,11,7,hml
2010-01-01_to_2013-01-01,2010-01-01,2013-01-01,"hml,smb,mom",mkt,14,5,75,11,8,hml
2010-01-01_to_2013-01-01,2010-01-01,2013-01-01,"hml,smb,mom",mkt,14,5,75,11,9,mom
2010-01-01_to_2013-01-01,2010-01-01,2013-01-01,"hml,smb,mom",mkt,14,5,75,11,10,smb
2010-01-01_to_2013-01-01,2010-01-01,2013-01-01,"hml,smb,mom",mkt,14,5,75,11,11,mom
2010-01-01_to_2013-01-01,2010-01-01,2013-01-01,"hml,smb,mom",mkt,14,5,76,11,1,mom
2010-01-01_to_2013-01-01,2010-01-01,2013-01-01,"hml,smb,mom",mkt,14,5,76,11,2,mom
2010-01-01_to_2013-01-01,2010-01-01,2013-01-01,"hml,smb,mom",mkt,14,5,76,11,3,mom
2010-01-01_to_2013-01-01,2010-01-01,2013-01-01,"hml,smb,mom",mkt,14,5,76,11,4,mom
2010-01-01_to_2013-01-01,2010-01-01,2013-01-01,"hml,smb,mom",mkt,14,5,76,11,5,mom
2010-01-01_to_2013-01-01,2010-01-01,2013-01-01,"hml,smb,mom",mkt,14,5,76,11,6,smb
2010-01-01_to_2013-01-01,2010-01-01,2013-01-01,"hml,smb,mom",mkt,14,5,76,11,7,hml
2010-01-01_to_2013-01-01,2010-01-01,2013-01-01,"hml,smb,mom",mkt,14,5,76,11,8,hml
2010-01-01_to_2013-01-01,2010-01-01,2013-01-01,"hml,smb,mom",mkt,14,5,76,11,9,mom
2010-01-01_to_2013-01-01,2010-01-01,2013-01-01,"hml,smb,mom",mkt,14,5,76,11,10,smb
2010-01-01_to_2013-01-01,2010-01-01,2013-01-01,"hml,smb,mom",mkt,14,5,76,11,11,mom
2010-01-01_to_2013-01-01,2010-01-01,2013-01-01,"hml,smb,mom",mkt,14,5,78,10,1,mom
2010-01-01_to_2013-01-01,2010-01-01,2013-01-01,"hml,smb,mom",mkt,14,5,78,10,2,mom
2010-01-01_to_2013-01-01,2010-01-01,2013-01-01,"hml,smb,mom",mkt,14,5,78,10,3,mom
2010-01-01_to_2013-01-01,2010-01-01,2013-01-01,"hml,smb,mom",mkt,14,5,78,10,4,mom
2010-01-01_to_2013-01-01,2010-01-01,2013-01-01,"hml,smb,mom",mkt,14,5,78,10,5,mom
2010-01-01_to_2013-01-01,2010-01-01,2013-01-01,"hml,smb,mom",mkt,14,5,78,10,6,smb
2010-01-01_to_2013-01-01,2010-01-01,2013-01-01,"hml,smb,mom",mkt,14,5,78,10,7,hml
2010-01-01_to_2013-01-01,2010-01-01,2013-01-01,"hml,smb,mom",mkt,14,5,78,10,8,hml
2010-01-01_to_2013-01-01,2010-01-01,2013-01-01,"hml,smb,mom",mkt,14,5,78,10,9,mom
2010-01-01_to_2013-01-01,2010-01-01,2013-01-01,"hml,smb,mom",mkt,14,5,78,10,10,hml
2010-01-01_to_2013-01-01,2010-01-01,2013-01-01,"hml,smb,mom",mkt,14,5,80,11,1,mom
2010-01-01_to_2013-01-01,2010-01-01,2013-01-01,"hml,smb,mom",mkt,14,5,80,11,2,mom
2010-01-01_to_2013-01-01,2010-01-01,2013-01-01,"hml,smb,mom",mkt,14,5,80,11,3,mom
2010-01-01_to_2013-01-01,2010-01-01,2013-01-01,"hml,smb,mom",mkt,14,5,80,11,4,mom
2010-01-01_to_2013-01-01,2010-01-01,2013-01-01,"hml,smb,mom",mkt,14,5,80,11,5,mom
2010-01-01_to_2013-01-01,2010-01-01,2013-01-01,"hml,smb,mom",mkt,14,5,80,11,6,smb
2010-01-01_to_2013-01-01,2010-01-01,2013-01-01,"hml,smb,mom",mkt,14,5,80,11,7,hml
2010-01-01_to_2013-01-01,2010-01-01,2013-01-01,"hml,smb,mom",mkt,14,5,80,11,8,hml
2010-01-01_to_2013-01-01,2010-01-01,2013-01-01,"hml,smb,mom",mkt,14,5,80,11,9,mom
2010-01-01_to_2013-01-01,2010-01-01,2013-01-01,"hml,smb,mom",mkt,14,5,80,11,10,hml
2010-01-01_to_2013-01-01,2010-01-01,2013-01-01,"hml,smb,mom",mkt,14,5,80,11,11,smb
2010-01-01_to_2013-01-01,2010-01-01,2013-01-01,"hml,smb,mom",mkt,14,5,81,11,1,mom
2010-01-01_to_2013-01-01,2010-01-01,2013-01-01,"hml,smb,mom",mkt,14,5,81,11,2,mom
2010-01-01_to_2013-01-01,2010-01-01,2013-01-01,"hml,smb,mom",mkt,14,5,81,11,3,mom
2010-01-01_to_2013-01-01,2010-01-01,2013-01-01,"hml,smb,mom",mkt,14,5,81,11,4,mom
2010-01-01_to_2013-01-01,2010-01-01,2013-01-01,"hml,smb,mom",mkt,14,5,81,11,5,mom
2010-01-01_to_2013-01-01,2010-01-01,2013-01-01,"hml,smb,mom",mkt,14,5,81,11,6,smb
2010-01-01_to_2013-01-01,2010-01-01,2013-01-01,"hml,smb,mom",mkt,14,5,81,11,7,hml
2010-01-01_to_2013-01-01,2010-01-01,2013-01-01,"hml,smb,mom",mkt,14,5,81,11,8,hml
2010-01-01_to_2013-01-01,2010-01-01,2013-01-01,"hml,smb,mom",mkt,14,5,81,11,9,mom
2010-01-01_to_2013-01-01,2010-01-01,2013-01-01,"hml,smb,mom",mkt,14,5,81,11,10,hml
2010-01-01_to_2013-01-01,2010-01-01,2013-01-01,"hml,smb,mom",mkt,14,5,81,11,11,smb
2010-01-01_to_2013-01-01,2010-01-01,2013-01-01,"hml,smb,mom",mkt,14,5,82,8,1,mom
2010-01-01_to_2013-01-01,2010-01-01,2013-01-01,"hml,smb,mom",mkt,14,5,82,8,2,mom
2010-01-01_to_2013-01-01,2010-01-01,2013-01-01,"hml,smb,mom",mkt,14,5,82,8,3,mom
2010-01-01_to_2013-01-01,2010-01-01,2013-01-01,"hml,smb,mom",mkt,14,5,82,8,4,mom
2010-01-01_to_2013-01-01,2010-01-01,2013-01-01,"hml,smb,mom",mkt,14,5,82,8,5,mom
2010-01-01_to_2013-01-01,2010-01-01,2013-01-01,"hml,smb,mom",mkt,14,5,82,8,6,smb
2010-01-01_to_2013-01-01,2010-01-01,2013-01-01,"hml,smb,mom",mkt,14,5,82,8,7,hml
2010-01-01_to_2013-01-01,2010-01-01,2013-01-01,"hml,smb,mom",mkt,14,5,82,8,8,hml
2010-01-01_to_2013-01-01,2010-01-01,2013-01-01,"hml,smb,mom",mkt,14,5,83,7,1,mom
2010-01-01_to_2013-01-01,2010-01-01,2013-01-01,"hml,smb,mom",mkt,14,5,83,7,2,mom
2010-01-01_to_2013-01-01,2010-01-01,2013-01-01,"hml,smb,mom",mkt,14,5,83,7,3,mom
2010-01-01_to_2013-01-01,2010-01-01,2013-01-01,"hml,smb,mom",mkt,14,5,83,7,4,mom
2010-01-01_to_2013-01-01,2010-01-01,2013-01-01,"hml,smb,mom",mkt,14,5,83,7,5,mom
2010-01-01_to_2013-01-01,2010-01-01,2013-01-01,"hml,smb,mom",mkt,14,5,83,7,6,smb
2010-01-01_to_2013-01-01,2010-01-01,2013-01-01,"hml,smb,mom",mkt,14,5,83,7,7,hml
2010-01-01_to_2013-01-01,2010-01-01,2013-01-01,"hml,smb,mom",mkt,14,5,85,6,1,mom
2010-01-01_to_2013-01-01,2010-01-01,2013-01-01,"hml,smb,mom",mkt,14,5,85,6,2,mom
2010-01-01_to_2013-01-01,2010-01-01,2013-01-01,"hml,smb,mom",mkt,14,5,85,6,3,mom
2010-01-01_to_2013-01-01,2010-01-01,2013-01-01,"hml,smb,mom",mkt,14,5,85,6,4,mom
2010-01-01_to_2013-01-01,2010-01-01,2013-01-01,"hml,smb,mom",mkt,14,5,85,6,5,mom
2010-01-01_to_2013-01-01,2010-01-01,2013-01-01,"hml,smb,mom",mkt,14,5,85,6,6,hml
2010-01-01_to_2013-01-01,2010-01-01,2013-01-01,"hml,smb,mom",mkt,14,5,88,8,1,mom
2010-01-01_to_2013-01-01,2010-01-01,2013-01-01,"hml,smb,mom",mkt,14,5,88,8,2,mom
2010-01-01_to_2013-01-01,2010-01-01,2013-01-01,"hml,smb,mom",mkt,14,5,88,8,3,mom
2010-01-01_to_2013-01-01,2010-01-01,2013-01-01,"hml,smb,mom",mkt,14,5,88,8,4,mom
2010-01-01_to_2013-01-01,2010-01-01,2013-01-01,"hml,smb,mom",mkt,14,5,88,8,5,mom
2010-01-01_to_2013-01-01,2010-01-01,2013-01-01,"hml,smb,mom",mkt,14,5,88,8,6,hml
2010-01-01_to_2013-01-01,2010-01-01,2013-01-01,"hml,smb,mom",mkt,14,5,88,8,7,smb
2010-01-01_to_2013-01-01,2010-01-01,2013-01-01,"hml,smb,mom",mkt,14,5,88,8,8,smb
2010-01-01_to_2013-01-01,2010-01-01,2013-01-01,"hml,smb,mom",mkt,14,5,89,8,1,mom
2010-01-01_to_2013-01-01,2010-01-01,2013-01-01,"hml,smb,mom",mkt,14,5,89,8,2,mom
2010-01-01_to_2013-01-01,2010-01-01,2013-01-01,"hml,smb,mom",mkt,14,5,89,8,3,mom
2010-01-01_to_2013-01-01,2010-01-01,2013-01-01,"hml,smb,mom",mkt,14,5,89,8,4,mom
2010-01-01_to_2013-01-01,2010-01-01,2013-01-01,"hml,smb,mom",mkt,14,5,89,8,5,mom
2010-01-01_to_2013-01-01,2010-01-01,2013-01-01,"hml,smb,mom",mkt,14,5,89,8,6,hml
2010-01-01_to_2013-01-01,2010-01-01,2013-01-01,"hml,smb,mom",mkt,14,5,89,8,7,smb
2010-01-01_to_2013-01-01,2010-01-01,2013-01-01,"hml,smb,mom",mkt,14,5,89,8,8,smb
2010-01-01_to_2013-01-01,2010-01-01,2013-01-01,"hml,smb,mom",mkt,14,5,93,10,1,mom
2010-01-01_to_2013-01-01,2010-01-01,2013-01-01,"hml,smb,mom",mkt,14,5,93,10,2,mom
2010-01-01_to_2013-01-01,2010-01-01,2013-01-01,"hml,smb,mom",mkt,14,5,93,10,3,mom
2010-01-01_to_2013-01-01,2010-01-01,2013-01-01,"hml,smb,mom",mkt,14,5,93,10,4,mom
2010-01-01_to_2013-01-01,2010-01-01,2013-01-01,"hml,smb,mom",mkt,14,5,93,10,5,mom
2010-01-01_to_2013-01-01,2010-01-01,2013-01-01,"hml,smb,mom",mkt,14,5,93,10,6,hml
2010-01-01_to_2013-01-01,2010-01-01,2013-01-01,"hml,smb,mom",mkt,14,5,93,10,7,smb
2010-01-01_to_2013-01-01,2010-01-01,2013-01-01,"hml,smb,mom",mkt,14,5,93,10,8,mom
2010-01-01_to_2013-01-01,2010-01-01,2013-01-01,"hml,smb,mom",mkt,14,5,93,10,9,smb
2010-01-01_to_2013-01-01,2010-01-01,2013-01-01,"hml,smb,mom",mkt,14,5,93,10,10,hml
2010-01-01_to_2013-01-01,2010-01-01,2013-01-01,"hml,smb,mom",mkt,14,5,94,10,1,mom
2010-01-01_to_2013-01-01,2010-01-01,2013-01-01,"hml,smb,mom",mkt,14,5,94,10,2,mom
2010-01-01_to_2013-01-01,2010-01-01,2013-01-01,"hml,smb,mom",mkt,14,5,94,10,3,mom
2010-01-01_to_2013-01-01,2010-01-01,2013-01-01,"hml,smb,mom",mkt,14,5,94,10,4,mom
2010-01-01_to_2013-01-01,2010-01-01,2013-01-01,"hml,smb,mom",mkt,14,5,94,10,5,mom
2010-01-01_to_2013-01-01,2010-01-01,2013-01-01,"hml,smb,mom",mkt,14,5,94,10,6,hml
2010-01-01_to_2013-01-01,2010-01-01,2013-01-01,"hml,smb,mom",mkt,14,5,94,10,7,smb
2010-01-01_to_2013-01-01,2010-01-01,2013-01-01,"hml,smb,mom",mkt,14,5,94,10,8,mom
2010-01-01_to_2013-01-01,2010-01-01,2013-01-01,"hml,smb,mom",mkt,14,5,94,10,9,smb
2010-01-01_to_2013-01-01,2010-01-01,2013-01-01,"hml,smb,mom",mkt,14,5,94,10,10,hml
2010-01-01_to_2013-01-01,2010-01-01,2013-01-01,"hml,smb,mom",mkt,14,5,95,9,1,mom
2010-01-01_to_2013-01-01,2010-01-01,2013-01-01,"hml,smb,mom",mkt,14,5,95,9,2,mom
2010-01-01_to_2013-01-01,2010-01-01,2013-01-01,"hml,smb,mom",mkt,14,5,95,9,3,mom
2010-01-01_to_2013-01-01,2010-01-01,2013-01-01,"hml,smb,mom",mkt,14,5,95,9,4,mom
2010-01-01_to_2013-01-01,2010-01-01,2013-01-01,"hml,smb,mom",mkt,14,5,95,9,5,mom
2010-01-01_to_2013-01-01,2010-01-01,2013-01-01,"hml,smb,mom",mkt,14,5,95,9,6,hml
2010-01-01_to_2013-01-01,2010-01-01,2013-01-01,"hml,smb,mom",mkt,14,5,95,9,7,smb
2010-01-01_to_2013-01-01,2010-01-01,2013-01-01,"hml,smb,mom",mkt,14,5,95,9,8,mom
2010-01-01_to_2013-01-01,2010-01-01,2013-01-01,"hml,smb,mom",mkt,14,5,95,9,9,smb
2010-01-01_to_2013-01-01,2010-01-01,2013-01-01,"hml,smb,mom",mkt,14,5,97,9,1,mom
2010-01-01_to_2013-01-01,2010-01-01,2013-01-01,"hml,smb,mom",mkt,14,5,97,9,2,mom
2010-01-01_to_2013-01-01,2010-01-01,2013-01-01,"hml,smb,mom",mkt,14,5,97,9,3,mom
2010-01-01_to_2013-01-01,2010-01-01,2013-01-01,"hml,smb,mom",mkt,14,5,97,9,4,mom
2010-01-01_to_2013-01-01,2010-01-01,2013-01-01,"hml,smb,mom",mkt,14,5,97,9,5,mom
2010-01-01_to_2013-01-01,2010-01-01,2013-01-01,"hml,smb,mom",mkt,14,5,97,9,6,hml
2010-01-01_to_2013-01-01,2010-01-01,2013-01-01,"hml,smb,mom",mkt,14,5,97,9,7,smb
2010-01-01_to_2013-01-01,2010-01-01,2013-01-01,"hml,smb,mom",mkt,14,5,97,9,8,mom
2010-01-01_to_2013-01-01,2010-01-01,2013-01-01,"hml,smb,mom",mkt,14,5,97,9,9,smb
2010-01-01_to_2013-01-01,2010-01-01,2013-01-01,"hml,smb,mom",mkt,14,5,98,9,1,mom
2010-01-01_to_2013-01-01,2010-01-01,2013-01-01,"hml,smb,mom",mkt,14,5,98,9,2,mom
2010-01-01_to_2013-01-01,2010-01-01,2013-01-01,"hml,smb,mom",mkt,14,5,98,9,3,mom
2010-01-01_to_2013-01-01,2010-01-01,2013-01-01,"hml,smb,mom",mkt,14,5,98,9,4,mom
2010-01-01_to_2013-01-01,2010-01-01,2013-01-01,"hml,smb,mom",mkt,14,5,98,9,5,mom
2010-01-01_to_2013-01-01,2010-01-01,2013-01-01,"hml,smb,mom",mkt,14,5,98,9,6,hml
2010-01-01_to_2013-01-01,2010-01-01,2013-01-01,"hml,smb,mom",mkt,14,5,98,9,7,smb
2010-01-01_to_2013-01-01,2010-01-01,2013-01-01,"hml,smb,mom",mkt,14,5,98,9,8,mom
2010-01-01_to_2013-01-01,2010-01-01,2013-01-01,"hml,smb,mom",mkt,14,5,98,9,9,smb
2010-01-01_to_2013-01-01,2010-01-01,2013-01-01,"hml,smb,mom",mkt,14,5,104,7,1,mom
2010-01-01_to_2013-01-01,2010-01-01,2013-01-01,"hml,smb,mom",mkt,14,5,104,7,2,mom
2010-01-01_to_2013-01-01,2010-01-01,2013-01-01,"hml,smb,mom",mkt,14,5,104,7,3,mom
2010-01-01_to_2013-01-01,2010-01-01,2013-01-01,"hml,smb,mom",mkt,14,5,104,7,4,mom
2010-01-01_to_2013-01-01,2010-01-01,2013-01-01,"hml,smb,mom",mkt,14,5,104,7,5,hml
2010-01-01_to_2013-01-01,2010-01-01,2013-01-01,"hml,smb,mom",mkt,14,5,104,7,6,mom
2010-01-01_to_2013-01-01,2010-01-01,2013-01-01,"hml,smb,mom",mkt,14,5,104,7,7,smb
2010-01-01_to_2013-01-01,2010-01-01,2013-01-01,"hml,smb,mom",mkt,14,5,107,9,1,mom
2010-01-01_to_2013-01-01,2010-01-01,2013-01-01,"hml,smb,mom",mkt,14,5,107,9,2,mom
2010-01-01_to_2013-01-01,2010-01-01,2013-01-01,"hml,smb,mom",mkt,14,5,107,9,3,mom
2010-01-01_to_2013-01-01,2010-01-01,2013-01-01,"hml,smb,mom",mkt,14,5,107,9,4,mom
2010-01-01_to_2013-01-01,2010-01-01,2013-01-01,"hml,smb,mom",mkt,14,5,107,9,5,hml
2010-01-01_to_2013-01-01,2010-01-01,2013-01-01,"hml,smb,mom",mkt,14,5,107,9,6,mom
2010-01-01_to_2013-01-01,2010-01-01,2013-01-01,"hml,smb,mom",mkt,14,5,107,9,7,smb
2010-01-01_to_2013-01-01,2010-01-01,2013-01-01,"hml,smb,mom",mkt,14,5,107,9,8,hml
2010-01-01_to_2013-01-01,2010-01-01,2013-01-01,"hml,smb,mom",mkt,14,5,107,9,9,smb
2010-01-01_to_2013-01-01,2010-01-01,2013-01-01,"hml,smb,mom",mkt,14,5,108,9,1,mom
2010-01-01_to_2013-01-01,2010-01-01,2013-01-01,"hml,smb,mom",mkt,14,5,108,9,2,mom
2010-01-01_to_2013-01-01,2010-01-01,2013-01-01,"hml,smb,mom",mkt,14,5,108,9,3,mom
2010-01-01_to_2013-01-01,2010-01-01,2013-01-01,"hml,smb,mom",mkt,14,5,108,9,4,mom
2010-01-01_to_2013-01-01,2010-01-01,2013-01-01,"hml,smb,mom",mkt,14,5,108,9,5,hml
2010-01-01_to_2013-01-01,2010-01-01,2013-01-01,"hml,smb,mom",mkt,14,5,108,9,6,mom
2010-01-01_to_2013-01-01,2010-01-01,2013-01-01,"hml,smb,mom",mkt,14,5,108,9,7,smb
2010-01-01_to_2013-01-01,2010-01-01,2013-01-01,"hml,smb,mom",mkt,14,5,108,9,8,hml
2010-01-01_to_2013-01-01,2010-01-01,2013-01-01,"hml,smb,mom",mkt,14,5,108,9,9,smb
2010-01-01_to_2013-01-01,2010-01-01,2013-01-01,"hml,smb,mom",mkt,14,5,110,9,1,mom
2010-01-01_to_2013-01-01,2010-01-01,2013-01-01,"hml,smb,mom",mkt,14,5,110,9,2,mom
2010-01-01_to_2013-01-01,2010-01-01,2013-01-01,"hml,smb,mom",mkt,14,5,110,9,3,mom
2010-01-01_to_2013-01-01,2010-01-01,2013-01-01,"hml,smb,mom",mkt,14,5,110,9,4,mom
2010-01-01_to_2013-01-01,2010-01-01,2013-01-01,"hml,smb,mom",mkt,14,5,110,9,5,hml
2010-01-01_to_2013-01-01,2010-01-01,2013-01-01,"hml,smb,mom",mkt,14,5,110,9,6,mom
2010-01-01_to_2013-01-01,2010-01-01,2013-01-01,"hml,smb,mom",mkt,14,5,110,9,7,smb
2010-01-01_to_2013-01-01,2010-01-01,2013-01-01,"hml,smb,mom",mkt,14,5,110,9,8,hml
2010-01-01_to_2013-01-01,2010-01-01,2013-01-01,"hml,smb,mom",mkt,14,5,110,9,9,smb
2010-01-01_to_2013-01-01,2010-01-01,2013-01-01,"hml,smb,mom",mkt,14,5,111,9,1,mom
2010-01-01_to_2013-01-01,2010-01-01,2013-01-01,"hml,smb,mom",mkt,14,5,111,9,2,mom
2010-01-01_to_2013-01-01,2010-01-01,2013-01-01,"hml,smb,mom",mkt,14,5,111,9,3,mom
2010-01-01_to_2013-01-01,2010-01-01,2013-01-01,"hml,smb,mom",mkt,14,5,111,9,4,mom
2010-01-01_to_2013-01-01,2010-01-01,2013-01-01,"hml,smb,mom",mkt,14,5,111,9,5,hml
2010-01-01_to_2013-01-01,2010-01-01,2013-01-01,"hml,smb,mom",mkt,14,5,111,9,6,mom
2010-01-01_to_2013-01-01,2010-01-01,2013-01-01,"hml,smb,mom",mkt,14,5,111,9,7,smb
2010-01-01_to_2013-01-01,2010-01-01,2013-01-01,"hml,smb,mom",mkt,14,5,111,9,8,hml
2010-01-01_to_2013-01-01,2010-01-01,2013-01-01,"hml,smb,mom",mkt,14,5,111,9,9,smb
2010-01-01_to_2013-01-01,2010-01-01,2013-01-01,"hml,smb,mom",mkt,14,5,113,7,1,mom
2010-01-01_to_2013-01-01,2010-01-01,2013-01-01,"hml,smb,mom",mkt,14,5,113,7,2,mom
2010-01-01_to_2013-01-01,2010-01-01,2013-01-01,"hml,smb,mom",mkt,14,5,113,7,3,mom
2010-01-01_to_2013-01-01,2010-01-01,2013-01-01,"hml,smb,mom",mkt,14,5,113,7,4,mom
2010-01-01_to_2013-01-01,2010-01-01,2013-01-01,"hml,smb,mom",mkt,14,5,113,7,5,hml
2010-01-01_to_2013-01-01,2010-01-01,2013-01-01,"hml,smb,mom",mkt,14,5,113,7,6,mom
2010-01-01_to_2013-01-01,2010-01-01,2013-01-01,"hml,smb,mom",mkt,14,5,113,7,7,hml
2010-01-01_to_2013-01-01,2010-01-01,2013-01-01,"hml,smb,mom",mkt,14,5,116,9,1,mom
2010-01-01_to_2013-01-01,2010-01-01,2013-01-01,"hml,smb,mom",mkt,14,5,116,9,2,mom
2010-01-01_to_2013-01-01,2010-01-01,2013-01-01,"hml,smb,mom",mkt,14,5,116,9,3,mom
2010-01-01_to_2013-01-01,2010-01-01,2013-01-01,"hml,smb,mom",mkt,14,5,116,9,4,mom
2010-01-01_to_2013-01-01,2010-01-01,2013-01-01,"hml,smb,mom",mkt,14,5,116,9,5,hml
2010-01-01_to_2013-01-01,2010-01-01,2013-01-01,"hml,smb,mom",mkt,14,5,116,9,6,mom
2010-01-01_to_2013-01-01,2010-01-01,2013-01-01,"hml,smb,mom",mkt,14,5,116,9,7,hml
2010-01-01_to_2013-01-01,2010-01-01,2013-01-01,"hml,smb,mom",mkt,14,5,116,9,8,hml
2010-01-01_to_2013-01-01,2010-01-01,2013-01-01,"hml,smb,mom",mkt,14,5,116,9,9,smb
2010-01-01_to_2013-01-01,2010-01-01,2013-01-01,"hml,smb,mom",mkt,14,5,117,9,1,mom
2010-01-01_to_2013-01-01,2010-01-01,2013-01-01,"hml,smb,mom",mkt,14,5,117,9,2,mom
2010-01-01_to_2013-01-01,2010-01-01,2013-01-01,"hml,smb,mom",mkt,14,5,117,9,3,mom
2010-01-01_to_2013-01-01,2010-01-01,2013-01-01,"hml,smb,mom",mkt,14,5,117,9,4,mom
2010-01-01_to_2013-01-01,2010-01-01,2013-01-01,"hml,smb,mom",mkt,14,5,117,9,5,hml
2010-01-01_to_2013-01-01,2010-01-01,2013-01-01,"hml,smb,mom",mkt,14,5,117,9,6,mom
2010-01-01_to_2013-01-01,2010-01-01,2013-01-01,"hml,smb,mom",mkt,14,5,117,9,7,hml
2010-01-01_to_2013-01-01,2010-01-01,2013-01-01,"hml,smb,mom",mkt,14,5,117,9,8,hml
2010-01-01_to_2013-01-01,2010-01-01,2013-01-01,"hml,smb,mom",mkt,14,5,117,9,9,smb
2010-01-01_to_2013-01-01,2010-01-01,2013-01-01,"hml,smb,mom",mkt,14,5,121,11,1,mom
2010-01-01_to_2013-01-01,2010-01-01,2013-01-01,"hml,smb,mom",mkt,14,5,121,11,2,mom
2010-01-01_to_2013-01-01,2010-01-01,2013-01-01,"hml,smb,mom",mkt,14,5,121,11,3,mom
2010-01-01_to_2013-01-01,2010-01-01,2013-01-01,"hml,smb,mom",mkt,14,5,121,11,4,mom
2010-01-01_to_2013-01-01,2010-01-01,2013-01-01,"hml,smb,mom",mkt,14,5,121,11,5,hml
2010-01-01_to_2013-01-01,2010-01-01,2013-01-01,"hml,smb,mom",mkt,14,5,121,11,6,mom
2010-01-01_to_2013-01-01,2010-01-01,2013-01-01,"hml,smb,mom",mkt,14,5,121,11,7,hml
2010-01-01_to_2013-01-01,2010-01-01,2013-01-01,"hml,smb,mom",mkt,14,5,121,11,8,hml
2010-01-01_to_2013-01-01,2010-01-01,2013-01-01,"hml,smb,mom",mkt,14,5,121,11,9,smb
2010-01-01_to_2013-01-01,2010-01-01,2013-01-01,"hml,smb,mom",mkt,14,5,121,11,10,smb
2010-01-01_to_2013-01-01,2010-01-01,2013-01-01,"hml,smb,mom",mkt,14,5,121,11,11,mom
2010-01-01_to_2013-01-01,2010-01-01,2013-01-01,"hml,smb,mom",mkt,14,5,122,11,1,mom
2010-01-01_to_2013-01-01,2010-01-01,2013-01-01,"hml,smb,mom",mkt,14,5,122,11,2,mom
2010-01-01_to_2013-01-01,2010-01-01,2013-01-01,"hml,smb,mom",mkt,14,5,122,11,3,mom
2010-01-01_to_2013-01-01,2010-01-01,2013-01-01,"hml,smb,mom",mkt,14,5,122,11,4,mom
2010-01-01_to_2013-01-01,2010-01-01,2013-01-01,"hml,smb,mom",mkt,14,5,122,11,5,hml
2010-01-01_to_2013-01-01,2010-01-01,2013-01-01,"hml,smb,mom",mkt,14,5,122,11,6,mom
2010-01-01_to_2013-01-01,2010-01-01,2013-01-01,"hml,smb,mom",mkt,14,5,122,11,7,hml
2010-01-01_to_2013-01-01,2010-01-01,2013-01-01,"hml,smb,mom",mkt,14,5,122,11,8,hml
2010-01-01_to_2013-01-01,2010-01-01,2013-01-01,"hml,smb,mom",mkt,14,5,122,11,9,smb
2010-01-01_to_2013-01-01,2010-01-01,2013-01-01,"hml,smb,mom",mkt,14,5,122,11,10,smb
2010-01-01_to_2013-01-01,2010-01-01,2013-01-01,"hml,smb,mom",mkt,14,5,122,11,11,mom
2010-01-01_to_2013-01-01,2010-01-01,2013-01-01,"hml,smb,mom",mkt,14,5,123,10,1,mom
2010-01-01_to_2013-01-01,2010-01-01,2013-01-01,"hml,smb,mom",mkt,14,5,123,10,2,mom
2010-01-01_to_2013-01-01,2010-01-01,2013-01-01,"hml,smb,mom",mkt,14,5,123,10,3,mom
2010-01-01_to_2013-01-01,2010-01-01,2013-01-01,"hml,smb,mom",mkt,14,5,123,10,4,mom
2010-01-01_to_2013-01-01,2010-01-01,2013-01-01,"hml,smb,mom",mkt,14,5,123,10,5,hml
2010-01-01_to_2013-01-01,2010-01-01,2013-01-01,"hml,smb,mom",mkt,14,5,123,10,6,mom
2010-01-01_to_2013-01-01,2010-01-01,2013-01-01,"hml,smb,mom",mkt,14,5,123,10,7,hml
2010-01-01_to_2013-01-01,2010-01-01,2013-01-01,"hml,smb,mom",mkt,14,5,123,10,8,hml
2010-01-01_to_2013-01-01,2010-01-01,2013-01-01,"hml,smb,mom",mkt,14,5,123,10,9,smb
2010-01-01_to_2013-01-01,2010-01-01,2013-01-01,"hml,smb,mom",mkt,14,5,123,10,10,smb
2010-01-01_to_2013-01-01,2010-01-01,2013-01-01,"hml,smb,mom",mkt,14,5,125,10,1,mom
2010-01-01_to_2013-01-01,2010-01-01,2013-01-01,"hml,smb,mom",mkt,14,5,125,10,2,mom
2010-01-01_to_2013-01-01,2010-01-01,2013-01-01,"hml,smb,mom",mkt,14,5,125,10,3,mom
2010-01-01_to_2013-01-01,2010-01-01,2013-01-01,"hml,smb,mom",mkt,14,5,125,10,4,mom
2010-01-01_to_2013-01-01,2010-01-01,2013-01-01,"hml,smb,mom",mkt,14,5,125,10,5,hml
2010-01-01_to_2013-01-01,2010-01-01,2013-01-01,"hml,smb,mom",mkt,14,5,125,10,6,mom
2010-01-01_to_2013-01-01,2010-01-01,2013-01-01,"hml,smb,mom",mkt,14,5,125,10,7,hml
2010-01-01_to_2013-01-01,2010-01-01,2013-01-01,"hml,smb,mom",mkt,14,5,125,10,8,hml
2010-01-01_to_2013-01-01,2010-01-01,2013-01-01,"hml,smb,mom",mkt,14,5,125,10,9,smb
2010-01-01_to_2013-01-01,2010-01-01,2013-01-01,"hml,smb,mom",mkt,14,5,125,10,10,smb
2010-01-01_to_2013-01-01,2010-01-01,2013-01-01,"hml,smb,mom",mkt,14,5,127,11,1,mom
2010-01-01_to_2013-01-01,2010-01-01,2013-01-01,"hml,smb,mom",mkt,14,5,127,11,2,mom
2010-01-01_to_2013-01-01,2010-01-01,2013-01-01,"hml,smb,mom",mkt,14,5,127,11,3,mom
2010-01-01_to_2013-01-01,2010-01-01,2013-01-01,"hml,smb,mom",mkt,14,5,127,11,4,mom
2010-01-01_to_2013-01-01,2010-01-01,2013-01-01,"hml,smb,mom",mkt,14,5,127,11,5,hml
2010-01-01_to_2013-01-01,2010-01-01,2013-01-01,"hml,smb,mom",mkt,14,5,127,11,6,mom
2010-01-01_to_2013-01-01,2010-01-01,2013-01-01,"hml,smb,mom",mkt,14,5,127,11,7,hml
2010-01-01_to_2013-01-01,2010-01-01,2013-01-01,"hml,smb,mom",mkt,14,5,127,11,8,hml
2010-01-01_to_2013-01-01,2010-01-01,2013-01-01,"hml,smb,mom",mkt,14,5,127,11,9,smb
2010-01-01_to_2013-01-01,2010-01-01,2013-01-01,"hml,smb,mom",mkt,14,5,127,11,10,smb
2010-01-01_to_2013-01-01,2010-01-01,2013-01-01,"hml,smb,mom",mkt,14,5,127,11,11,mom
2010-01-01_to_2013-01-01,2010-01-01,2013-01-01,"hml,smb,mom",mkt,14,5,128,11,1,mom
2010-01-01_to_2013-01-01,2010-01-01,2013-01-01,"hml,smb,mom",mkt,14,5,128,11,2,mom
2010-01-01_to_2013-01-01,2010-01-01,2013-01-01,"hml,smb,mom",mkt,14,5,128,11,3,mom
2010-01-01_to_2013-01-01,2010-01-01,2013-01-01,"hml,smb,mom",mkt,14,5,128,11,4,mom
2010-01-01_to_2013-01-01,2010-01-01,2013-01-01,"hml,smb,mom",mkt,14,5,128,11,5,hml
2010-01-01_to_2013-01-01,2010-01-01,2013-01-01,"hml,smb,mom",mkt,14,5,128,11,6,mom
2010-01-01_to_2013-01-01,2010-01-01,2013-01-01,"hml,smb,mom",mkt,14,5,128,11,7,hml
2010-01-01_to_2013-01-01,2010-01-01,2013-01-01,"hml,smb,mom",mkt,14,5,128,11,8,hml
2010-01-01_to_2013-01-01,2010-01-01,2013-01-01,"hml,smb,mom",mkt,14,5,128,11,9,smb
2010-01-01_to_2013-01-01,2010-01-01,2013-01-01,"hml,smb,mom",mkt,14,5,128,11,10,smb
2010-01-01_to_2013-01-01,2010-01-01,2013-01-01,"hml,smb,mom",mkt,14,5,128,11,11,mom
2010-01-01_to_2013-01-01,2010-01-01,2013-01-01,"hml,smb,mom",mkt,14,5,130,6,1,mom
2010-01-01_to_2013-01-01,2010-01-01,2013-01-01,"hml,smb,mom",mkt,14,5,130,6,2,mom
2010-01-01_to_2013-01-01,2010-01-01,2013-01-01,"hml,smb,mom",mkt,14,5,130,6,3,mom
2010-01-01_to_2013-01-01,2010-01-01,2013-01-01,"hml,smb,mom",mkt,14,5,130,6,4,mom
2010-01-01_to_2013-01-01,2010-01-01,2013-01-01,"hml,smb,mom",mkt,14,5,130,6,5,hml
2010-01-01_to_2013-01-01,2010-01-01,2013-01-01,"hml,smb,mom",mkt,14,5,130,6,6,smb
2010-01-01_to_2013-01-01,2010-01-01,2013-01-01,"hml,smb,mom",mkt,14,5,133,8,1,mom
2010-01-01_to_2013-01-01,2010-01-01,2013-01-01,"hml,smb,mom",mkt,14,5,133,8,2,mom
2010-01-01_to_2013-01-01,2010-01-01,2013-01-01,"hml,smb,mom",mkt,14,5,133,8,3,mom
2010-01-01_to_2013-01-01,2010-01-01,2013-01-01,"hml,smb,mom",mkt,14,5,133,8,4,mom
2010-01-01_to_2013-01-01,2010-01-01,2013-01-01,"hml,smb,mom",mkt,14,5,133,8,5,hml
2010-01-01_to_2013-01-01,2010-01-01,2013-01-01,"hml,smb,mom",mkt,14,5,133,8,6,smb
2010-01-01_to_2013-01-01,2010-01-01,2013-01-01,"hml,smb,mom",mkt,14,5,133,8,7,mom
2010-01-01_to_2013-01-01,2010-01-01,2013-01-01,"hml,smb,mom",mkt,14,5,133,8,8,hml
2010-01-01_to_2013-01-01,2010-01-01,2013-01-01,"hml,smb,mom",mkt,14,5,134,8,1,mom
2010-01-01_to_2013-01-01,2010-01-01,2013-01-01,"hml,smb,mom",mkt,14,5,134,8,2,mom
2010-01-01_to_2013-01-01,2010-01-01,2013-01-01,"hml,smb,mom",mkt,14,5,134,8,3,mom
2010-01-01_to_2013-01-01,2010-01-01,2013-01-01,"hml,smb,mom",mkt,14,5,134,8,4,mom
2010-01-01_to_2013-01-01,2010-01-01,2013-01-01,"hml,smb,mom",mkt,14,5,134,8,5,hml
2010-01-01_to_2013-01-01,2010-01-01,2013-01-01,"hml,smb,mom",mkt,14,5,134,8,6,smb
2010-01-01_to_2013-01-01,2010-01-01,2013-01-01,"hml,smb,mom",mkt,14,5,134,8,7,mom
2010-01-01_to_2013-01-01,2010-01-01,2013-01-01,"hml,smb,mom",mkt,14,5,134,8,8,hml
2010-01-01_to_2013-01-01,2010-01-01,2013-01-01,"hml,smb,mom",mkt,14,5,136,8,1,mom
2010-01-01_to_2013-01-01,2010-01-01,2013-01-01,"hml,smb,mom",mkt,14,5,136,8,2,mom
2010-01-01_to_2013-01-01,2010-01-01,2013-01-01,"hml,smb,mom",mkt,14,5,136,8,3,mom
2010-01-01_to_2013-01-01,2010-01-01,2013-01-01,"hml,smb,mom",mkt,14,5,136,8,4,mom
2010-01-01_to_2013-01-01,2010-01-01,2013-01-01,"hml,smb,mom",mkt,14,5,136,8,5,hml
2010-01-01_to_2013-01-01,2010-01-01,2013-01-01,"hml,smb,mom",mkt,14,5,136,8,6,smb
2010-01-01_to_2013-01-01,2010-01-01,2013-01-01,"hml,smb,mom",mkt,14,5,136,8,7,mom
2010-01-01_to_2013-01-01,2010-01-01,2013-01-01,"hml,smb,mom",mkt,14,5,136,8,8,hml
2010-01-01_to_2013-01-01,2010-01-01,2013-01-01,"hml,smb,mom",mkt,14,5,137,8,1,mom
2010-01-01_to_2013-01-01,2010-01-01,2013-01-01,"hml,smb,mom",mkt,14,5,137,8,2,mom
2010-01-01_to_2013-01-01,2010-01-01,2013-01-01,"hml,smb,mom",mkt,14,5,137,8,3,mom
2010-01-01_to_2013-01-01,2010-01-01,2013-01-01,"hml,smb,mom",mkt,14,5,137,8,4,mom
2010-01-01_to_2013-01-01,2010-01-01,2013-01-01,"hml,smb,mom",mkt,14,5,137,8,5,hml
2010-01-01_to_2013-01-01,2010-01-01,2013-01-01,"hml,smb,mom",mkt,14,5,137,8,6,smb
2010-01-01_to_2013-01-01,2010-01-01,2013-01-01,"hml,smb,mom",mkt,14,5,137,8,7,mom
2010-01-01_to_2013-01-01,2010-01-01,2013-01-01,"hml,smb,mom",mkt,14,5,137,8,8,hml
2010-01-01_to_2013-01-01,2010-01-01,2013-01-01,"hml,smb,mom",mkt,14,5,141,7,1,mom
2010-01-01_to_2013-01-01,2010-01-01,2013-01-01,"hml,smb,mom",mkt,14,5,141,7,2,mom
2010-01-01_to_2013-01-01,2010-01-01,2013-01-01,"hml,smb,mom",mkt,14,5,141,7,3,mom
2010-01-01_to_2013-01-01,2010-01-01,2013-01-01,"hml,smb,mom",mkt,14,5,141,7,4,mom
2010-01-01_to_2013-01-01,2010-01-01,2013-01-01,"hml,smb,mom",mkt,14,5,141,7,5,mom
2010-01-01_to_2013-01-01,2010-01-01,2013-01-01,"hml,smb,mom",mkt,14,5,141,7,6,mom
2010-01-01_to_2013-01-01,2010-01-01,2013-01-01,"hml,smb,mom",mkt,14,5,141,7,7,smb
2010-01-01_to_2013-01-01,2010-01-01,2013-01-01,"hml,smb,mom",mkt,14,5,142,7,1,mom
2010-01-01_to_2013-01-01,2010-01-01,2013-01-01,"hml,smb,mom",mkt,14,5,142,7,2,mom
2010-01-01_to_2013-01-01,2010-01-01,2013-01-01,"hml,smb,mom",mkt,14,5,142,7,3,mom
2010-01-01_to_2013-01-01,2010-01-01,2013-01-01,"hml,smb,mom",mkt,14,5,142,7,4,mom
2010-01-01_to_2013-01-01,2010-01-01,2013-01-01,"hml,smb,mom",mkt,14,5,142,7,5,mom
2010-01-01_to_2013-01-01,2010-01-01,2013-01-01,"hml,smb,mom",mkt,14,5,142,7,6,mom
2010-01-01_to_2013-01-01,2010-01-01,2013-01-01,"hml,smb,mom",mkt,14,5,142,7,7,smb
2010-01-01_to_2013-01-01,2010-01-01,2013-01-01,"hml,smb,mom",mkt,14,5,145,8,1,mom
2010-01-01_to_2013-01-01,2010-01-01,2013-01-01,"hml,smb,mom",mkt,14,5,145,8,2,mom
2010-01-01_to_2013-01-01,2010-01-01,2013-01-01,"hml,smb,mom",mkt,14,5,145,8,3,mom
2010-01-01_to_2013-01-01,2010-01-01,2013-01-01,"hml,smb,mom",mkt,14,5,145,8,4,mom
2010-01-01_to_2013-01-01,2010-01-01,2013-01-01,"hml,smb,mom",mkt,14,5,145,8,5,mom
2010-01-01_to_2013-01-01,2010-01-01,2013-01-01,"hml,smb,mom",mkt,14,5,145,8,6,mom
2010-01-01_to_2013-01-01,2010-01-01,2013-01-01,"hml,smb,mom",mkt,14,5,145,8,7,smb
2010-01-01_to_2013-01-01,2010-01-01,2013-01-01,"hml,smb,mom",mkt,14,5,145,8,8,hml
2010-01-01_to_2013-01-01,2010-01-01,2013-01-01,"hml,smb,mom",mkt,14,5,147,9,1,mom
2010-01-01_to_2013-01-01,2010-01-01,2013-01-01,"hml,smb,mom",mkt,14,5,147,9,2,mom
2010-01-01_to_2013-01-01,2010-01-01,2013-01-01,"hml,smb,mom",mkt,14,5,147,9,3,mom
2010-01-01_to_2013-01-01,2010-01-01,2013-01-01,"hml,smb,mom",mkt,14,5,147,9,4,mom
2010-01-01_to_2013-01-01,2010-01-01,2013-01-01,"hml,smb,mom",mkt,14,5,147,9,5,mom
2010-01-01_to_2013-01-01,2010-01-01,2013-01-01,"hml,smb,mom",mkt,14,5,147,9,6,mom
2010-01-01_to_2013-01-01,2010-01-01,2013-01-01,"hml,smb,mom",mkt,14,5,147,9,7,smb
2010-01-01_to_2013-01-01,2010-01-01,2013-01-01,"hml,smb,mom",mkt,14,5,147,9,8,hml
2010-01-01_to_2013-01-01,2010-01-01,2013-01-01,"hml,smb,mom",mkt,14,5,147,9,9,mom
2010-01-01_to_2013-01-01,2010-01-01,2013-01-01,"hml,smb,mom",mkt,14,5,148,9,1,mom
2010-01-01_to_2013-01-01,2010-01-01,2013-01-01,"hml,smb,mom",mkt,14,5,148,9,2,mom
2010-01-01_to_2013-01-01,2010-01-01,2013-01-01,"hml,smb,mom",mkt,14,5,148,9,3,mom
2010-01-01_to_2013-01-01,2010-01-01,2013-01-01,"hml,smb,mom",mkt,14,5,148,9,4,mom
2010-01-01_to_2013-01-01,2010-01-01,2013-01-01,"hml,smb,mom",mkt,14,5,148,9,5,mom
2010-01-01_to_2013-01-01,2010-01-01,2013-01-01,"hml,smb,mom",mkt,14,5,148,9,6,mom
2010-01-01_to_2013-01-01,2010-01-01,2013-01-01,"hml,smb,mom",mkt,14,5,148,9,7,smb
2010-01-01_to_2013-01-01,2010-01-01,2013-01-01,"hml,smb,mom",mkt,14,5,148,9,8,hml
2010-01-01_to_2013-01-01,2010-01-01,2013-01-01,"hml,smb,mom",mkt,14,5,148,9,9,mom
2010-01-01_to_2013-01-01,2010-01-01,2013-01-01,"hml,smb,mom",mkt,14,5,150,8,1,mom
2010-01-01_to_2013-01-01,2010-01-01,2013-01-01,"hml,smb,mom",mkt,14,5,150,8,2,mom
2010-01-01_to_2013-01-01,2010-01-01,2013-01-01,"hml,smb,mom",mkt,14,5,150,8,3,mom
2010-01-01_to_2013-01-01,2010-01-01,2013-01-01,"hml,smb,mom",mkt,14,5,150,8,4,mom
2010-01-01_to_2013-01-01,2010-01-01,2013-01-01,"hml,smb,mom",mkt,14,5,150,8,5,mom
2010-01-01_to_2013-01-01,2010-01-01,2013-01-01,"hml,smb,mom",mkt,14,5,150,8,6,mom
2010-01-01_to_2013-01-01,2010-01-01,2013-01-01,"hml,smb,mom",mkt,14,5,150,8,7,smb
2010-01-01_to_2013-01-01,2010-01-01,2013-01-01,"hml,smb,mom",mkt,14,5,150,8,8,smb
2010-01-01_to_2013-01-01,2010-01-01,2013-01-01,"hml,smb,mom",mkt,14,5,153,10,1,mom
2010-01-01_to_2013-01-01,2010-01-01,2013-01-01,"hml,smb,mom",mkt,14,5,153,10,2,mom
2010-01-01_to_2013-01-01,2010-01-01,2013-01-01,"hml,smb,mom",mkt,14,5,153,10,3,mom
2010-01-01_to_2013-01-01,2010-01-01,2013-01-01,"hml,smb,mom",mkt,14,5,153,10,4,mom
2010-01-01_to_2013-01-01,2010-01-01,2013-01-01,"hml,smb,mom",mkt,14,5,153,10,5,mom
2010-01-01_to_2013-01-01,2010-01-01,2013-01-01,"hml,smb,mom",mkt,14,5,153,10,6,mom
2010-01-01_to_2013-01-01,2010-01-01,2013-01-01,"hml,smb,mom",mkt,14,5,153,10,7,smb
2010-01-01_to_2013-01-01,2010-01-01,2013-01-01,"hml,smb,mom",mkt,14,5,153,10,8,smb
2010-01-01_to_2013-01-01,2010-01-01,2013-01-01,"hml,smb,mom",mkt,14,5,153,10,9,smb
2010-01-01_to_2013-01-01,2010-01-01,2013-01-01,"hml,smb,mom",mkt,14,5,153,10,10,hml
2010-01-01_to_2013-01-01,2010-01-01,2013-01-01,"hml,smb,mom",mkt,14,5,154,10,1,mom
2010-01-01_to_2013-01-01,2010-01-01,2013-01-01,"hml,smb,mom",mkt,14,5,154,10,2,mom
2010-01-01_to_2013-01-01,2010-01-01,2013-01-01,"hml,smb,mom",mkt,14,5,154,10,3,mom
2010-01-01_to_2013-01-01,2010-01-01,2013-01-01,"hml,smb,mom",mkt,14,5,154,10,4,mom
2010-01-01_to_2013-01-01,2010-01-01,2013-01-01,"hml,smb,mom",mkt,14,5,154,10,5,mom
2010-01-01_to_2013-01-01,2010-01-01,2013-01-01,"hml,smb,mom",mkt,14,5,154,10,6,mom
2010-01-01_to_2013-01-01,2010-01-01,2013-01-01,"hml,smb,mom",mkt,14,5,154,10,7,smb
2010-01-01_to_2013-01-01,2010-01-01,2013-01-01,"hml,smb,mom",mkt,14,5,154,10,8,smb
2010-01-01_to_2013-01-01,2010-01-01,2013-01-01,"hml,smb,mom",mkt,14,5,154,10,9,smb
2010-01-01_to_2013-01-01,2010-01-01,2013-01-01,"hml,smb,mom",mkt,14,5,154,10,10,hml
2010-01-01_to_2013-01-01,2010-01-01,2013-01-01,"hml,smb,mom",mkt,14,5,155,9,1,mom
2010-01-01_to_2013-01-01,2010-01-01,2013-01-01,"hml,smb,mom",mkt,14,5,155,9,2,mom
2010-01-01_to_2013-01-01,2010-01-01,2013-01-01,"hml,smb,mom",mkt,14,5,155,9,3,mom
2010-01-01_to_2013-01-01,2010-01-01,2013-01-01,"hml,smb,mom",mkt,14,5,155,9,4,mom
2010-01-01_to_2013-01-01,2010-01-01,2013-01-01,"hml,smb,mom",mkt,14,5,155,9,5,mom
2010-01-01_to_2013-01-01,2010-01-01,2013-01-01,"hml,smb,mom",mkt,14,5,155,9,6,mom
2010-01-01_to_2013-01-01,2010-01-01,2013-01-01,"hml,smb,mom",mkt,14,5,155,9,7,smb
2010-01-01_to_2013-01-01,2010-01-01,2013-01-01,"hml,smb,mom",mkt,14,5,155,9,8,smb
2010-01-01_to_2013-01-01,2010-01-01,2013-01-01,"hml,smb,mom",mkt,14,5,155,9,9,smb
2010-01-01_to_2013-01-01,2010-01-01,2013-01-01,"hml,smb,mom",mkt,14,5,161,10,1,mom
2010-01-01_to_2013-01-01,2010-01-01,2013-01-01,"hml,smb,mom",mkt,14,5,161,10,2,mom
2010-01-01_to_2013-01-01,2010-01-01,2013-01-01,"hml,smb,mom",mkt,14,5,161,10,3,mom
2010-01-01_to_2013-01-01,2010-01-01,2013-01-01,"hml,smb,mom",mkt,14,5,161,10,4,mom
2010-01-01_to_2013-01-01,2010-01-01,2013-01-01,"hml,smb,mom",mkt,14,5,161,10,5,mom
2010-01-01_to_2013-01-01,2010-01-01,2013-01-01,"hml,smb,mom",mkt,14,5,161,10,6,smb
2010-01-01_to_2013-01-01,2010-01-01,2013-01-01,"hml,smb,mom",mkt,14,5,161,10,7,hml
2010-01-01_to_2013-01-01,2010-01-01,2013-01-01,"hml,smb,mom",mkt,14,5,161,10,8,smb
2010-01-01_to_2013-01-01,2010-01-01,2013-01-01,"hml,smb,mom",mkt,14,5,161,10,9,smb
2010-01-01_to_2013-01-01,2010-01-01,2013-01-01,"hml,smb,mom",mkt,14,5,161,10,10,smb
2010-01-01_to_2013-01-01,2010-01-01,2013-01-01,"hml,smb,mom",mkt,14,5,162,10,1,mom
2010-01-01_to_2013-01-01,2010-01-01,2013-01-01,"hml,smb,mom",mkt,14,5,162,10,2,mom
2010-01-01_to_2013-01-01,2010-01-01,2013-01-01,"hml,smb,mom",mkt,14,5,162,10,3,mom
2010-01-01_to_2013-01-01,2010-01-01,2013-01-01,"hml,smb,mom",mkt,14,5,162,10,4,mom
2010-01-01_to_2013-01-01,2010-01-01,2013-01-01,"hml,smb,mom",mkt,14,5,162,10,5,mom
2010-01-01_to_2013-01-01,2010-01-01,2013-01-01,"hml,smb,mom",mkt,14,5,162,10,6,smb
2010-01-01_to_2013-01-01,2010-01-01,2013-01-01,"hml,smb,mom",mkt,14,5,162,10,7,hml
2010-01-01_to_2013-01-01,2010-01-01,2013-01-01,"hml,smb,mom",mkt,14,5,162,10,8,smb
2010-01-01_to_2013-01-01,2010-01-01,2013-01-01,"hml,smb,mom",mkt,14,5,162,10,9,smb
2010-01-01_to_2013-01-01,2010-01-01,2013-01-01,"hml,smb,mom",mkt,14,5,162,10,10,smb
2010-01-01_to_2013-01-01,2010-01-01,2013-01-01,"hml,smb,mom",mkt,14,5,163,9,1,mom
2010-01-01_to_2013-01-01,2010-01-01,2013-01-01,"hml,smb,mom",mkt,14,5,163,9,2,mom
2010-01-01_to_2013-01-01,2010-01-01,2013-01-01,"hml,smb,mom",mkt,14,5,163,9,3,mom
2010-01-01_to_2013-01-01,2010-01-01,2013-01-01,"hml,smb,mom",mkt,14,5,163,9,4,mom
2010-01-01_to_2013-01-01,2010-01-01,2013-01-01,"hml,smb,mom",mkt,14,5,163,9,5,mom
2010-01-01_to_2013-01-01,2010-01-01,2013-01-01,"hml,smb,mom",mkt,14,5,163,9,6,smb
2010-01-01_to_2013-01-01,2010-01-01,2013-01-01,"hml,smb,mom",mkt,14,5,163,9,7,hml
2010-01-01_to_2013-01-01,2010-01-01,2013-01-01,"hml,smb,mom",mkt,14,5,163,9,8,smb
2010-01-01_to_2013-01-01,2010-01-01,2013-01-01,"hml,smb,mom",mkt,14,5,163,9,9,smb
2010-01-01_to_2013-01-01,2010-01-01,2013-01-01,"hml,smb,mom",mkt,14,5,164,8,1,mom
2010-01-01_to_2013-01-01,2010-01-01,2013-01-01,"hml,smb,mom",mkt,14,5,164,8,2,mom
2010-01-01_to_2013-01-01,2010-01-01,2013-01-01,"hml,smb,mom",mkt,14,5,164,8,3,mom
2010-01-01_to_2013-01-01,2010-01-01,2013-01-01,"hml,smb,mom",mkt,14,5,164,8,4,mom
2010-01-01_to_2013-01-01,2010-01-01,2013-01-01,"hml,smb,mom",mkt,14,5,164,8,5,mom
2010-01-01_to_2013-01-01,2010-01-01,2013-01-01,"hml,smb,mom",mkt,14,5,164,8,6,smb
2010-01-01_to_2013-01-01,2010-01-01,2013-01-01,"hml,smb,mom",mkt,14,5,164,8,7,hml
2010-01-01_to_2013-01-01,2010-01-01,2013-01-01,"hml,smb,mom",mkt,14,5,164,8,8,smb
2010-01-01_to_2013-01-01,2010-01-01,2013-01-01,"hml,smb,mom",mkt,14,5,166,8,1,mom
2010-01-01_to_2013-01-01,2010-01-01,2013-01-01,"hml,smb,mom",mkt,14,5,166,8,2,mom
2010-01-01_to_2013-01-01,2010-01-01,2013-01-01,"hml,smb,mom",mkt,14,5,166,8,3,mom
2010-01-01_to_2013-01-01,2010-01-01,2013-01-01,"hml,smb,mom",mkt,14,5,166,8,4,mom
2010-01-01_to_2013-01-01,2010-01-01,2013-01-01,"hml,smb,mom",mkt,14,5,166,8,5,mom
2010-01-01_to_2013-01-01,2010-01-01,2013-01-01,"hml,smb,mom",mkt,14,5,166,8,6,smb
2010-01-01_to_2013-01-01,2010-01-01,2013-01-01,"hml,smb,mom",mkt,14,5,166,8,7,hml
2010-01-01_to_2013-01-01,2010-01-01,2013-01-01,"hml,smb,mom",mkt,14,5,166,8,8,smb
2010-01-01_to_2013-01-01,2010-01-01,2013-01-01,"hml,smb,mom",mkt,14,5,167,8,1,mom
2010-01-01_to_2013-01-01,2010-01-01,2013-01-01,"hml,smb,mom",mkt,14,5,167,8,2,mom
2010-01-01_to_2013-01-01,2010-01-01,2013-01-01,"hml,smb,mom",mkt,14,5,167,8,3,mom
2010-01-01_to_2013-01-01,2010-01-01,2013-01-01,"hml,smb,mom",mkt,14,5,167,8,4,mom
2010-01-01_to_2013-01-01,2010-01-01,2013-01-01,"hml,smb,mom",mkt,14,5,167,8,5,mom
2010-01-01_to_2013-01-01,2010-01-01,2013-01-01,"hml,smb,mom",mkt,14,5,167,8,6,smb
2010-01-01_to_2013-01-01,2010-01-01,2013-01-01,"hml,smb,mom",mkt,14,5,167,8,7,hml
2010-01-01_to_2013-01-01,2010-01-01,2013-01-01,"hml,smb,mom",mkt,14,5,167,8,8,smb
2010-01-01_to_2013-01-01,2010-01-01,2013-01-01,"hml,smb,mom",mkt,14,5,172,10,1,mom
2010-01-01_to_2013-01-01,2010-01-01,2013-01-01,"hml,smb,mom",mkt,14,5,172,10,2,mom
2010-01-01_to_2013-01-01,2010-01-01,2013-01-01,"hml,smb,mom",mkt,14,5,172,10,3,mom
2010-01-01_to_2013-01-01,2010-01-01,2013-01-01,"hml,smb,mom",mkt,14,5,172,10,4,mom
2010-01-01_to_2013-01-01,2010-01-01,2013-01-01,"hml,smb,mom",mkt,14,5,172,10,5,mom
2010-01-01_to_2013-01-01,2010-01-01,2013-01-01,"hml,smb,mom",mkt,14,5,172,10,6,smb
2010-01-01_to_2013-01-01,2010-01-01,2013-01-01,"hml,smb,mom",mkt,14,5,172,10,7,smb
2010-01-01_to_2013-01-01,2010-01-01,2013-01-01,"hml,smb,mom",mkt,14,5,172,10,8,hml
2010-01-01_to_2013-01-01,2010-01-01,2013-01-01,"hml,smb,mom",mkt,14,5,172,10,9,mom
2010-01-01_to_2013-01-01,2010-01-01,2013-01-01,"hml,smb,mom",mkt,14,5,172,10,10,hml
2010-01-01_to_2013-01-01,2010-01-01,2013-01-01,"hml,smb,mom",mkt,14,5,173,10,1,mom
2010-01-01_to_2013-01-01,2010-01-01,2013-01-01,"hml,smb,mom",mkt,14,5,173,10,2,mom
2010-01-01_to_2013-01-01,2010-01-01,2013-01-01,"hml,smb,mom",mkt,14,5,173,10,3,mom
2010-01-01_to_2013-01-01,2010-01-01,2013-01-01,"hml,smb,mom",mkt,14,5,173,10,4,mom
2010-01-01_to_2013-01-01,2010-01-01,2013-01-01,"hml,smb,mom",mkt,14,5,173,10,5,mom
2010-01-01_to_2013-01-01,2010-01-01,2013-01-01,"hml,smb,mom",mkt,14,5,173,10,6,smb
2010-01-01_to_2013-01-01,2010-01-01,2013-01-01,"hml,smb,mom",mkt,14,5,173,10,7,smb
2010-01-01_to_2013-01-01,2010-01-01,2013-01-01,"hml,smb,mom",mkt,14,5,173,10,8,hml
2010-01-01_to_2013-01-01,2010-01-01,2013-01-01,"hml,smb,mom",mkt,14,5,173,10,9,mom
2010-01-01_to_2013-01-01,2010-01-01,2013-01-01,"hml,smb,mom",mkt,14,5,173,10,10,hml
2010-01-01_to_2013-01-01,2010-01-01,2013-01-01,"hml,smb,mom",mkt,14,5,175,10,1,mom
2010-01-01_to_2013-01-01,2010-01-01,2013-01-01,"hml,smb,mom",mkt,14,5,175,10,2,mom
2010-01-01_to_2013-01-01,2010-01-01,2013-01-01,"hml,smb,mom",mkt,14,5,175,10,3,mom
2010-01-01_to_2013-01-01,2010-01-01,2013-01-01,"hml,smb,mom",mkt,14,5,175,10,4,mom
2010-01-01_to_2013-01-01,2010-01-01,2013-01-01,"hml,smb,mom",mkt,14,5,175,10,5,mom
2010-01-01_to_2013-01-01,2010-01-01,2013-01-01,"hml,smb,mom",mkt,14,5,175,10,6,smb
2010-01-01_to_2013-01-01,2010-01-01,2013-01-01,"hml,smb,mom",mkt,14,5,175,10,7,smb
2010-01-01_to_2013-01-01,2010-01-01,2013-01-01,"hml,smb,mom",mkt,14,5,175,10,8,hml
2010-01-01_to_2013-01-01,2010-01-01,2013-01-01,"hml,smb,mom",mkt,14,5,175,10,9,mom
2010-01-01_to_2013-01-01,2010-01-01,2013-01-01,"hml,smb,mom",mkt,14,5,175,10,10,smb
2010-01-01_to_2013-01-01,2010-01-01,2013-01-01,"hml,smb,mom",mkt,14,5,177,11,1,mom
2010-01-01_to_2013-01-01,2010-01-01,2013-01-01,"hml,smb,mom",mkt,14,5,177,11,2,mom
2010-01-01_to_2013-01-01,2010-01-01,2013-01-01,"hml,smb,mom",mkt,14,5,177,11,3,mom
2010-01-01_to_2013-01-01,2010-01-01,2013-01-01,"hml,smb,mom",mkt,14,5,177,11,4,mom
2010-01-01_to_2013-01-01,2010-01-01,2013-01-01,"hml,smb,mom",mkt,14,5,177,11,5,mom
2010-01-01_to_2013-01-01,2010-01-01,2013-01-01,"hml,smb,mom",mkt,14,5,177,11,6,smb
2010-01-01_to_2013-01-01,2010-01-01,2013-01-01,"hml,smb,mom",mkt,14,5,177,11,7,smb
2010-01-01_to_2013-01-01,2010-01-01,2013-01-01,"hml,smb,mom",mkt,14,5,177,11,8,hml
2010-01-01_to_2013-01-01,2010-01-01,2013-01-01,"hml,smb,mom",mkt,14,5,177,11,9,mom
2010-01-01_to_2013-01-01,2010-01-01,2013-01-01,"hml,smb,mom",mkt,14,5,177,11,10,smb
2010-01-01_to_2013-01-01,2010-01-01,2013-01-01,"hml,smb,mom",mkt,14,5,177,11,11,smb
2010-01-01_to_2013-01-01,2010-01-01,2013-01-01,"hml,smb,mom",mkt,14,5,178,11,1,mom
2010-01-01_to_2013-01-01,2010-01-01,2013-01-01,"hml,smb,mom",mkt,14,5,178,11,2,mom
2010-01-01_to_2013-01-01,2010-01-01,2013-01-01,"hml,smb,mom",mkt,14,5,178,11,3,mom
2010-01-01_to_2013-01-01,2010-01-01,2013-01-01,"hml,smb,mom",mkt,14,5,178,11,4,mom
2010-01-01_to_2013-01-01,2010-01-01,2013-01-01,"hml,smb,mom",mkt,14,5,178,11,5,mom
2010-01-01_to_2013-01-01,2010-01-01,2013-01-01,"hml,smb,mom",mkt,14,5,178,11,6,smb
2010-01-01_to_2013-01-01,2010-01-01,2013-01-01,"hml,smb,mom",mkt,14,5,178,11,7,smb
2010-01-01_to_2013-01-01,2010-01-01,2013-01-01,"hml,smb,mom",mkt,14,5,178,11,8,hml
2010-01-01_to_2013-01-01,2010-01-01,2013-01-01,"hml,smb,mom",mkt,14,5,178,11,9,mom
2010-01-01_to_2013-01-01,2010-01-01,2013-01-01,"hml,smb,mom",mkt,14,5,178,11,10,smb
2010-01-01_to_2013-01-01,2010-01-01,2013-01-01,"hml,smb,mom",mkt,14,5,178,11,11,smb
2010-01-01_to_2013-01-01,2010-01-01,2013-01-01,"hml,smb,mom",mkt,14,5,181,10,1,mom
2010-01-01_to_2013-01-01,2010-01-01,2013-01-01,"hml,smb,mom",mkt,14,5,181,10,2,mom
2010-01-01_to_2013-01-01,2010-01-01,2013-01-01,"hml,smb,mom",mkt,14,5,181,10,3,mom
2010-01-01_to_2013-01-01,2010-01-01,2013-01-01,"hml,smb,mom",mkt,14,5,181,10,4,mom
2010-01-01_to_2013-01-01,2010-01-01,2013-01-01,"hml,smb,mom",mkt,14,5,181,10,5,mom
2010-01-01_to_2013-01-01,2010-01-01,2013-01-01,"hml,smb,mom",mkt,14,5,181,10,6,smb
2010-01-01_to_2013-01-01,2010-01-01,2013-01-01,"hml,smb,mom",mkt,14,5,181,10,7,smb
2010-01-01_to_2013-01-01,2010-01-01,2013-01-01,"hml,smb,mom",mkt,14,5,181,10,8,hml
2010-01-01_to_2013-01-01,2010-01-01,2013-01-01,"hml,smb,mom",mkt,14,5,181,10,9,mom
2010-01-01_to_2013-01-01,2010-01-01,2013-01-01,"hml,smb,mom",mkt,14,5,181,10,10,mom
2010-01-01_to_2013-01-01,2010-01-01,2013-01-01,"hml,smb,mom",mkt,14,5,183,11,1,mom
2010-01-01_to_2013-01-01,2010-01-01,2013-01-01,"hml,smb,mom",mkt,14,5,183,11,2,mom
2010-01-01_to_2013-01-01,2010-01-01,2013-01-01,"hml,smb,mom",mkt,14,5,183,11,3,mom
2010-01-01_to_2013-01-01,2010-01-01,2013-01-01,"hml,smb,mom",mkt,14,5,183,11,4,mom
2010-01-01_to_2013-01-01,2010-01-01,2013-01-01,"hml,smb,mom",mkt,14,5,183,11,5,mom
2010-01-01_to_2013-01-01,2010-01-01,2013-01-01,"hml,smb,mom",mkt,14,5,183,11,6,smb
2010-01-01_to_2013-01-01,2010-01-01,2013-01-01,"hml,smb,mom",mkt,14,5,183,11,7,smb
2010-01-01_to_2013-01-01,2010-01-01,2013-01-01,"hml,smb,mom",mkt,14,5,183,11,8,hml
2010-01-01_to_2013-01-01,2010-01-01,2013-01-01,"hml,smb,mom",mkt,14,5,183,11,9,mom
2010-01-01_to_2013-01-01,2010-01-01,2013-01-01,"hml,smb,mom",mkt,14,5,183,11,10,mom
2010-01-01_to_2013-01-01,2010-01-01,2013-01-01,"hml,smb,mom",mkt,14,5,183,11,11,hml
2010-01-01_to_2013-01-01,2010-01-01,2013-01-01,"hml,smb,mom",mkt,14,5,184,11,1,mom
2010-01-01_to_2013-01-01,2010-01-01,2013-01-01,"hml,smb,mom",mkt,14,5,184,11,2,mom
2010-01-01_to_2013-01-01,2010-01-01,2013-01-01,"hml,smb,mom",mkt,14,5,184,11,3,mom
2010-01-01_to_2013-01-01,2010-01-01,2013-01-01,"hml,smb,mom",mkt,14,5,184,11,4,mom
2010-01-01_to_2013-01-01,2010-01-01,2013-01-01,"hml,smb,mom",mkt,14,5,184,11,5,mom
2010-01-01_to_2013-01-01,2010-01-01,2013-01-01,"hml,smb,mom",mkt,14,5,184,11,6,smb
2010-01-01_to_2013-01-01,2010-01-01,2013-01-01,"hml,smb,mom",mkt,14,5,184,11,7,smb
2010-01-01_to_2013-01-01,2010-01-01,2013-01-01,"hml,smb,mom",mkt,14,5,184,11,8,hml
2010-01-01_to_2013-01-01,2010-01-01,2013-01-01,"hml,smb,mom",mkt,14,5,184,11,9,mom
2010-01-01_to_2013-01-01,2010-01-01,2013-01-01,"hml,smb,mom",mkt,14,5,184,11,10,mom
2010-01-01_to_2013-01-01,2010-01-01,2013-01-01,"hml,smb,mom",mkt,14,5,184,11,11,hml
2010-01-01_to_2013-01-01,2010-01-01,2013-01-01,"hml,smb,mom",mkt,14,5,185,9,1,mom
2010-01-01_to_2013-01-01,2010-01-01,2013-01-01,"hml,smb,mom",mkt,14,5,185,9,2,mom
2010-01-01_to_2013-01-01,2010-01-01,2013-01-01,"hml,smb,mom",mkt,14,5,185,9,3,mom
2010-01-01_to_2013-01-01,2010-01-01,2013-01-01,"hml,smb,mom",mkt,14,5,185,9,4,mom
2010-01-01_to_2013-01-01,2010-01-01,2013-01-01,"hml,smb,mom",mkt,14,5,185,9,5,mom
2010-01-01_to_2013-01-01,2010-01-01,2013-01-01,"hml,smb,mom",mkt,14,5,185,9,6,smb
2010-01-01_to_2013-01-01,2010-01-01,2013-01-01,"hml,smb,mom",mkt,14,5,185,9,7,smb
2010-01-01_to_2013-01-01,2010-01-01,2013-01-01,"hml,smb,mom",mkt,14,5,185,9,8,hml
2010-01-01_to_2013-01-01,2010-01-01,2013-01-01,"hml,smb,mom",mkt,14,5,185,9,9,mom
2010-01-01_to_2013-01-01,2010-01-01,2013-01-01,"hml,smb,mom",mkt,14,5,187,8,1,mom
2010-01-01_to_2013-01-01,2010-01-01,2013-01-01,"hml,smb,mom",mkt,14,5,187,8,2,mom
2010-01-01_to_2013-01-01,2010-01-01,2013-01-01,"hml,smb,mom",mkt,14,5,187,8,3,mom
2010-01-01_to_2013-01-01,2010-01-01,2013-01-01,"hml,smb,mom",mkt,14,5,187,8,4,mom
2010-01-01_to_2013-01-01,2010-01-01,2013-01-01,"hml,smb,mom",mkt,14,5,187,8,5,mom
2010-01-01_to_2013-01-01,2010-01-01,2013-01-01,"hml,smb,mom",mkt,14,5,187,8,6,smb
2010-01-01_to_2013-01-01,2010-01-01,2013-01-01,"hml,smb,mom",mkt,14,5,187,8,7,smb
2010-01-01_to_2013-01-01,2010-01-01,2013-01-01,"hml,smb,mom",mkt,14,5,187,8,8,hml
2010-01-01_to_2013-01-01,2010-01-01,2013-01-01,"hml,smb,mom",mkt,14,5,188,8,1,mom
2010-01-01_to_2013-01-01,2010-01-01,2013-01-01,"hml,smb,mom",mkt,14,5,188,8,2,mom
2010-01-01_to_2013-01-01,2010-01-01,2013-01-01,"hml,smb,mom",mkt,14,5,188,8,3,mom
2010-01-01_to_2013-01-01,2010-01-01,2013-01-01,"hml,smb,mom",mkt,14,5,188,8,4,mom
2010-01-01_to_2013-01-01,2010-01-01,2013-01-01,"hml,smb,mom",mkt,14,5,188,8,5,mom
2010-01-01_to_2013-01-01,2010-01-01,2013-01-01,"hml,smb,mom",mkt,14,5,188,8,6,smb
2010-01-01_to_2013-01-01,2010-01-01,2013-01-01,"hml,smb,mom",mkt,14,5,188,8,7,smb
2010-01-01_to_2013-01-01,2010-01-01,2013-01-01,"hml,smb,mom",mkt,14,5,188,8,8,hml
2010-01-01_to_2013-01-01,2010-01-01,2013-01-01,"hml,smb,mom",mkt,14,5,191,5,1,mom
2010-01-01_to_2013-01-01,2010-01-01,2013-01-01,"hml,smb,mom",mkt,14,5,191,5,2,mom
2010-01-01_to_2013-01-01,2010-01-01,2013-01-01,"hml,smb,mom",mkt,14,5,191,5,3,mom
2010-01-01_to_2013-01-01,2010-01-01,2013-01-01,"hml,smb,mom",mkt,14,5,191,5,4,mom
2010-01-01_to_2013-01-01,2010-01-01,2013-01-01,"hml,smb,mom",mkt,14,5,191,5,5,smb
2010-01-01_to_2013-01-01,2010-01-01,2013-01-01,"hml,smb,mom",mkt,14,5,196,9,1,mom
2010-01-01_to_2013-01-01,2010-01-01,2013-01-01,"hml,smb,mom",mkt,14,5,196,9,2,mom
2010-01-01_to_2013-01-01,2010-01-01,2013-01-01,"hml,smb,mom",mkt,14,5,196,9,3,mom
2010-01-01_to_2013-01-01,2010-01-01,2013-01-01,"hml,smb,mom",mkt,14,5,196,9,4,mom
2010-01-01_to_2013-01-01,2010-01-01,2013-01-01,"hml,smb,mom",mkt,14,5,196,9,5,smb
2010-01-01_to_2013-01-01,2010-01-01,2013-01-01,"hml,smb,mom",mkt,14,5,196,9,6,mom
2010-01-01_to_2013-01-01,2010-01-01,2013-01-01,"hml,smb,mom",mkt,14,5,196,9,7,hml
2010-01-01_to_2013-01-01,2010-01-01,2013-01-01,"hml,smb,mom",mkt,14,5,196,9,8,mom
2010-01-01_to_2013-01-01,2010-01-01,2013-01-01,"hml,smb,mom",mkt,14,5,196,9,9,smb
2010-01-01_to_2013-01-01,2010-01-01,2013-01-01,"hml,smb,mom",mkt,14,5,197,9,1,mom
2010-01-01_to_2013-01-01,2010-01-01,2013-01-01,"hml,smb,mom",mkt,14,5,197,9,2,mom
2010-01-01_to_2013-01-01,2010-01-01,2013-01-01,"hml,smb,mom",mkt,14,5,197,9,3,mom
2010-01-01_to_2013-01-01,2010-01-01,2013-01-01,"hml,smb,mom",mkt,14,5,197,9,4,mom
2010-01-01_to_2013-01-01,2010-01-01,2013-01-01,"hml,smb,mom",mkt,14,5,197,9,5,smb
2010-01-01_to_2013-01-01,2010-01-01,2013-01-01,"hml,smb,mom",mkt,14,5,197,9,6,mom
2010-01-01_to_2013-01-01,2010-01-01,2013-01-01,"hml,smb,mom",mkt,14,5,197,9,7,hml
2010-01-01_to_2013-01-01,2010-01-01,2013-01-01,"hml,smb,mom",mkt,14,5,197,9,8,mom
2010-01-01_to_2013-01-01,2010-01-01,2013-01-01,"hml,smb,mom",mkt,14,5,197,9,9,smb
2010-01-01_to_2013-01-01,2010-01-01,2013-01-01,"hml,smb,mom",mkt,14,5,198,8,1,mom
2010-01-01_to_2013-01-01,2010-01-01,2013-01-01,"hml,smb,mom",mkt,14,5,198,8,2,mom
2010-01-01_to_2013-01-01,2010-01-01,2013-01-01,"hml,smb,mom",mkt,14,5,198,8,3,mom
2010-01-01_to_2013-01-01,2010-01-01,2013-01-01,"hml,smb,mom",mkt,14,5,198,8,4,mom
2010-01-01_to_2013-01-01,2010-01-01,2013-01-01,"hml,smb,mom",mkt,14,5,198,8,5,smb
2010-01-01_to_2013-01-01,2010-01-01,2013-01-01,"hml,smb,mom",mkt,14,5,198,8,6,mom
2010-01-01_to_2013-01-01,2010-01-01,2013-01-01,"hml,smb,mom",mkt,14,5,198,8,7,hml
2010-01-01_to_2013-01-01,2010-01-01,2013-01-01,"hml,smb,mom",mkt,14,5,198,8,8,mom
2010-01-01_to_2013-01-01,2010-01-01,2013-01-01,"hml,smb,mom",mkt,14,5,199,7,1,mom
2010-01-01_to_2013-01-01,2010-01-01,2013-01-01,"hml,smb,mom",mkt,14,5,199,7,2,mom
2010-01-01_to_2013-01-01,2010-01-01,2013-01-01,"hml,smb,mom",mkt,14,5,199,7,3,mom
2010-01-01_to_2013-01-01,2010-01-01,2013-01-01,"hml,smb,mom",mkt,14,5,199,7,4,mom
2010-01-01_to_2013-01-01,2010-01-01,2013-01-01,"hml,smb,mom",mkt,14,5,199,7,5,smb
2010-01-01_to_2013-01-01,2010-01-01,2013-01-01,"hml,smb,mom",mkt,14,5,199,7,6,mom
2010-01-01_to_2013-01-01,2010-01-01,2013-01-01,"hml,smb,mom",mkt,14,5,199,7,7,hml
2010-01-01_to_2013-01-01,2010-01-01,2013-01-01,"hml,smb,mom",mkt,14,5,201,7,1,mom
2010-01-01_to_2013-01-01,2010-01-01,2013-01-01,"hml,smb,mom",mkt,14,5,201,7,2,mom
2010-01-01_to_2013-01-01,2010-01-01,2013-01-01,"hml,smb,mom",mkt,14,5,201,7,3,mom
2010-01-01_to_2013-01-01,2010-01-01,2013-01-01,"hml,smb,mom",mkt,14,5,201,7,4,mom
2010-01-01_to_2013-01-01,2010-01-01,2013-01-01,"hml,smb,mom",mkt,14,5,201,7,5,smb
2010-01-01_to_2013-01-01,2010-01-01,2013-01-01,"hml,smb,mom",mkt,14,5,201,7,6,mom
2010-01-01_to_2013-01-01,2010-01-01,2013-01-01,"hml,smb,mom",mkt,14,5,201,7,7,hml
2010-01-01_to_2013-01-01,2010-01-01,2013-01-01,"hml,smb,mom",mkt,14,5,205,10,1,mom
2010-01-01_to_2013-01-01,2010-01-01,2013-01-01,"hml,smb,mom",mkt,14,5,205,10,2,mom
2010-01-01_to_2013-01-01,2010-01-01,2013-01-01,"hml,smb,mom",mkt,14,5,205,10,3,mom
2010-01-01_to_2013-01-01,2010-01-01,2013-01-01,"hml,smb,mom",mkt,14,5,205,10,4,mom
2010-01-01_to_2013-01-01,2010-01-01,2013-01-01,"hml,smb,mom",mkt,14,5,205,10,5,smb
2010-01-01_to_2013-01-01,2010-01-01,2013-01-01,"hml,smb,mom",mkt,14,5,205,10,6,mom
2010-01-01_to_2013-01-01,2010-01-01,2013-01-01,"hml,smb,mom",mkt,14,5,205,10,7,hml
2010-01-01_to_2013-01-01,2010-01-01,2013-01-01,"hml,smb,mom",mkt,14,5,205,10,8,hml
2010-01-01_to_2013-01-01,2010-01-01,2013-01-01,"hml,smb,mom",mkt,14,5,205,10,9,smb
2010-01-01_to_2013-01-01,2010-01-01,2013-01-01,"hml,smb,mom",mkt,14,5,205,10,10,mom
2010-01-01_to_2013-01-01,2010-01-01,2013-01-01,"hml,smb,mom",mkt,14,5,206,10,1,mom
2010-01-01_to_2013-01-01,2010-01-01,2013-01-01,"hml,smb,mom",mkt,14,5,206,10,2,mom
2010-01-01_to_2013-01-01,2010-01-01,2013-01-01,"hml,smb,mom",mkt,14,5,206,10,3,mom
2010-01-01_to_2013-01-01,2010-01-01,2013-01-01,"hml,smb,mom",mkt,14,5,206,10,4,mom
2010-01-01_to_2013-01-01,2010-01-01,2013-01-01,"hml,smb,mom",mkt,14,5,206,10,5,smb
2010-01-01_to_2013-01-01,2010-01-01,2013-01-01,"hml,smb,mom",mkt,14,5,206,10,6,mom
2010-01-01_to_2013-01-01,2010-01-01,2013-01-01,"hml,smb,mom",mkt,14,5,206,10,7,hml
2010-01-01_to_2013-01-01,2010-01-01,2013-01-01,"hml,smb,mom",mkt,14,5,206,10,8,hml
2010-01-01_to_2013-01-01,2010-01-01,2013-01-01,"hml,smb,mom",mkt,14,5,206,10,9,smb
2010-01-01_to_2013-01-01,2010-01-01,2013-01-01,"hml,smb,mom",mkt,14,5,206,10,10,mom
2010-01-01_to_2013-01-01,2010-01-01,2013-01-01,"hml,smb,mom",mkt,14,5,208,10,1,mom
2010-01-01_to_2013-01-01,2010-01-01,2013-01-01,"hml,smb,mom",mkt,14,5,208,10,2,mom
2010-01-01_to_2013-01-01,2010-01-01,2013-01-01,"hml,smb,mom",mkt,14,5,208,10,3,mom
2010-01-01_to_2013-01-01,2010-01-01,2013-01-01,"hml,smb,mom",mkt,14,5,208,10,4,mom
2010-01-01_to_2013-01-01,2010-01-01,2013-01-01,"hml,smb,mom",mkt,14,5,208,10,5,smb
2010-01-01_to_2013-01-01,2010-01-01,2013-01-01,"hml,smb,mom",mkt,14,5,208,10,6,mom
2010-01-01_to_2013-01-01,2010-01-01,2013-01-01,"hml,smb,mom",mkt,14,5,208,10,7,hml
2010-01-01_to_2013-01-01,2010-01-01,2013-01-01,"hml,smb,mom",mkt,14,5,208,10,8,hml
2010-01-01_to_2013-01-01,2010-01-01,2013-01-01,"hml,smb,mom",mkt,14,5,208,10,9,smb
2010-01-01_to_2013-01-01,2010-01-01,2013-01-01,"hml,smb,mom",mkt,14,5,208,10,10,smb
2010-01-01_to_2013-01-01,2010-01-01,2013-01-01,"hml,smb,mom",mkt,14,5,209,10,1,mom
2010-01-01_to_2013-01-01,2010-01-01,2013-01-01,"hml,smb,mom",mkt,14,5,209,10,2,mom
2010-01-01_to_2013-01-01,2010-01-01,2013-01-01,"hml,smb,mom",mkt,14,5,209,10,3,mom
2010-01-01_to_2013-01-01,2010-01-01,2013-01-01,"hml,smb,mom",mkt,14,5,209,10,4,mom
2010-01-01_to_2013-01-01,2010-01-01,2013-01-01,"hml,smb,mom",mkt,14,5,209,10,5,smb
2010-01-01_to_2013-01-01,2010-01-01,2013-01-01,"hml,smb,mom",mkt,14,5,209,10,6,mom
2010-01-01_to_2013-01-01,2010-01-01,2013-01-01,"hml,smb,mom",mkt,14,5,209,10,7,hml
2010-01-01_to_2013-01-01,2010-01-01,2013-01-01,"hml,smb,mom",mkt,14,5,209,10,8,hml
2010-01-01_to_2013-01-01,2010-01-01,2013-01-01,"hml,smb,mom",mkt,14,5,209,10,9,smb
2010-01-01_to_2013-01-01,2010-01-01,2013-01-01,"hml,smb,mom",mkt,14,5,209,10,10,smb
2010-01-01_to_2013-01-01,2010-01-01,2013-01-01,"hml,smb,mom",mkt,14,5,211,9,1,mom
2010-01-01_to_2013-01-01,2010-01-01,2013-01-01,"hml,smb,mom",mkt,14,5,211,9,2,mom
2010-01-01_to_2013-01-01,2010-01-01,2013-01-01,"hml,smb,mom",mkt,14,5,211,9,3,mom
2010-01-01_to_2013-01-01,2010-01-01,2013-01-01,"hml,smb,mom",mkt,14,5,211,9,4,mom
2010-01-01_to_2013-01-01,2010-01-01,2013-01-01,"hml,smb,mom",mkt,14,5,211,9,5,smb
2010-01-01_to_2013-01-01,2010-01-01,2013-01-01,"hml,smb,mom",mkt,14,5,211,9,6,mom
2010-01-01_to_2013-01-01,2010-01-01,2013-01-01,"hml,smb,mom",mkt,14,5,211,9,7,hml
2010-01-01_to_2013-01-01,2010-01-01,2013-01-01,"hml,smb,mom",mkt,14,5,211,9,8,hml
2010-01-01_to_2013-01-01,2010-01-01,2013-01-01,"hml,smb,mom",mkt,14,5,211,9,9,hml
2010-01-01_to_2013-01-01,2010-01-01,2013-01-01,"hml,smb,mom",mkt,14,5,212,9,1,mom
2010-01-01_to_2013-01-01,2010-01-01,2013-01-01,"hml,smb,mom",mkt,14,5,212,9,2,mom
2010-01-01_to_2013-01-01,2010-01-01,2013-01-01,"hml,smb,mom",mkt,14,5,212,9,3,mom
2010-01-01_to_2013-01-01,2010-01-01,2013-01-01,"hml,smb,mom",mkt,14,5,212,9,4,mom
2010-01-01_to_2013-01-01,2010-01-01,2013-01-01,"hml,smb,mom",mkt,14,5,212,9,5,smb
2010-01-01_to_2013-01-01,2010-01-01,2013-01-01,"hml,smb,mom",mkt,14,5,212,9,6,mom
2010-01-01_to_2013-01-01,2010-01-01,2013-01-01,"hml,smb,mom",mkt,14,5,212,9,7,hml
2010-01-01_to_2013-01-01,2010-01-01,2013-01-01,"hml,smb,mom",mkt,14,5,212,9,8,hml
2010-01-01_to_2013-01-01,2010-01-01,2013-01-01,"hml,smb,mom",mkt,14,5,212,9,9,hml
2010-01-01_to_2013-01-01,2010-01-01,2013-01-01,"hml,smb,mom",mkt,14,5,216,7,1,mom
2010-01-01_to_2013-01-01,2010-01-01,2013-01-01,"hml,smb,mom",mkt,14,5,216,7,2,mom
2010-01-01_to_2013-01-01,2010-01-01,2013-01-01,"hml,smb,mom",mkt,14,5,216,7,3,mom
2010-01-01_to_2013-01-01,2010-01-01,2013-01-01,"hml,smb,mom",mkt,14,5,216,7,4,mom
2010-01-01_to_2013-01-01,2010-01-01,2013-01-01,"hml,smb,mom",mkt,14,5,216,7,5,mom
2010-01-01_to_2013-01-01,2010-01-01,2013-01-01,"hml,smb,mom",mkt,14,5,216,7,6,mom
2010-01-01_to_2013-01-01,2010-01-01,2013-01-01,"hml,smb,mom",mkt,14,5,216,7,7,smb
2010-01-01_to_2013-01-01,2010-01-01,2013-01-01,"hml,smb,mom",mkt,14,5,218,8,1,mom
2010-01-01_to_2013-01-01,2010-01-01,2013-01-01,"hml,smb,mom",mkt,14,5,218,8,2,mom
2010-01-01_to_2013-01-01,2010-01-01,2013-01-01,"hml,smb,mom",mkt,14,5,218,8,3,mom
2010-01-01_to_2013-01-01,2010-01-01,2013-01-01,"hml,smb,mom",mkt,14,5,218,8,4,mom
2010-01-01_to_2013-01-01,2010-01-01,2013-01-01,"hml,smb,mom",mkt,14,5,218,8,5,mom
2010-01-01_to_2013-01-01,2010-01-01,2013-01-01,"hml,smb,mom",mkt,14,5,218,8,6,mom
2010-01-01_to_2013-01-01,2010-01-01,2013-01-01,"hml,smb,mom",mkt,14,5,218,8,7,smb
2010-01-01_to_2013-01-01,2010-01-01,2013-01-01,"hml,smb,mom",mkt,14,5,218,8,8,smb
2010-01-01_to_2013-01-01,2010-01-01,2013-01-01,"hml,smb,mom",mkt,14,5,219,8,1,mom
2010-01-01_to_2013-01-01,2010-01-01,2013-01-01,"hml,smb,mom",mkt,14,5,219,8,2,mom
2010-01-01_to_2013-01-01,2010-01-01,2013-01-01,"hml,smb,mom",mkt,14,5,219,8,3,mom
2010-01-01_to_2013-01-01,2010-01-01,2013-01-01,"hml,smb,mom",mkt,14,5,219,8,4,mom
2010-01-01_to_2013-01-01,2010-01-01,2013-01-01,"hml,smb,mom",mkt,14,5,219,8,5,mom
2010-01-01_to_2013-01-01,2010-01-01,2013-01-01,"hml,smb,mom",mkt,14,5,219,8,6,mom
2010-01-01_to_2013-01-01,2010-01-01,2013-01-01,"hml,smb,mom",mkt,14,5,219,8,7,smb
2010-01-01_to_2013-01-01,2010-01-01,2013-01-01,"hml,smb,mom",mkt,14,5,219,8,8,smb
2010-01-01_to_2013-01-01,2010-01-01,2013-01-01,"hml,smb,mom",mkt,14,5,221,7,1,mom
2010-01-01_to_2013-01-01,2010-01-01,2013-01-01,"hml,smb,mom",mkt,14,5,221,7,2,mom
2010-01-01_to_2013-01-01,2010-01-01,2013-01-01,"hml,smb,mom",mkt,14,5,221,7,3,mom
2010-01-01_to_2013-01-01,2010-01-01,2013-01-01,"hml,smb,mom",mkt,14,5,221,7,4,mom
2010-01-01_to_2013-01-01,2010-01-01,2013-01-01,"hml,smb,mom",mkt,14,5,221,7,5,mom
2010-01-01_to_2013-01-01,2010-01-01,2013-01-01,"hml,smb,mom",mkt,14,5,221,7,6,mom
2010-01-01_to_2013-01-01,2010-01-01,2013-01-01,"hml,smb,mom",mkt,14,5,221,7,7,smb
2010-01-01_to_2013-01-01,2010-01-01,2013-01-01,"hml,smb,mom",mkt,14,5,222,7,1,mom
2010-01-01_to_2013-01-01,2010-01-01,2013-01-01,"hml,smb,mom",mkt,14,5,222,7,2,mom
2010-01-01_to_2013-01-01,2010-01-01,2013-01-01,"hml,smb,mom",mkt,14,5,222,7,3,mom
2010-01-01_to_2013-01-01,2010-01-01,2013-01-01,"hml,smb,mom",mkt,14,5,222,7,4,mom
2010-01-01_to_2013-01-01,2010-01-01,2013-01-01,"hml,smb,mom",mkt,14,5,222,7,5,mom
2010-01-01_to_2013-01-01,2010-01-01,2013-01-01,"hml,smb,mom",mkt,14,5,222,7,6,mom
2010-01-01_to_2013-01-01,2010-01-01,2013-01-01,"hml,smb,mom",mkt,14,5,222,7,7,smb
2010-01-01_to_2013-01-01,2010-01-01,2013-01-01,"hml,smb,mom",mkt,14,5,226,8,1,mom
2010-01-01_to_2013-01-01,2010-01-01,2013-01-01,"hml,smb,mom",mkt,14,5,226,8,2,mom
2010-01-01_to_2013-01-01,2010-01-01,2013-01-01,"hml,smb,mom",mkt,14,5,226,8,3,mom
2010-01-01_to_2013-01-01,2010-01-01,2013-01-01,"hml,smb,mom",mkt,14,5,226,8,4,mom
2010-01-01_to_2013-01-01,2010-01-01,2013-01-01,"hml,smb,mom",mkt,14,5,226,8,5,mom
2010-01-01_to_2013-01-01,2010-01-01,2013-01-01,"hml,smb,mom",mkt,14,5,226,8,6,hml
2010-01-01_to_2013-01-01,2010-01-01,2013-01-01,"hml,smb,mom",mkt,14,5,226,8,7,smb
2010-01-01_to_2013-01-01,2010-01-01,2013-01-01,"hml,smb,mom",mkt,14,5,226,8,8,smb
2010-01-01_to_2013-01-01,2010-01-01,2013-01-01,"hml,smb,mom",mkt,14,5,227,8,1,mom
2010-01-01_to_2013-01-01,2010-01-01,2013-01-01,"hml,smb,mom",mkt,14,5,227,8,2,mom
2010-01-01_to_2013-01-01,2010-01-01,2013-01-01,"hml,smb,mom",mkt,14,5,227,8,3,mom
2010-01-01_to_2013-01-01,2010-01-01,2013-01-01,"hml,smb,mom",mkt,14,5,227,8,4,mom
2010-01-01_to_2013-01-01,2010-01-01,2013-01-01,"hml,smb,mom",mkt,14,5,227,8,5,mom
2010-01-01_to_2013-01-01,2010-01-01,2013-01-01,"hml,smb,mom",mkt,14,5,227,8,6,hml
2010-01-01_to_2013-01-01,2010-01-01,2013-01-01,"hml,smb,mom",mkt,14,5,227,8,7,smb
2010-01-01_to_2013-01-01,2010-01-01,2013-01-01,"hml,smb,mom",mkt,14,5,227,8,8,smb
2010-01-01_to_2013-01-01,2010-01-01,2013-01-01,"hml,smb,mom",mkt,14,5,228,7,1,mom
2010-01-01_to_2013-01-01,2010-01-01,2013-01-01,"hml,smb,mom",mkt,14,5,228,7,2,mom
2010-01-01_to_2013-01-01,2010-01-01,2013-01-01,"hml,smb,mom",mkt,14,5,228,7,3,mom
2010-01-01_to_2013-01-01,2010-01-01,2013-01-01,"hml,smb,mom",mkt,14,5,228,7,4,mom
2010-01-01_to_2013-01-01,2010-01-01,2013-01-01,"hml,smb,mom",mkt,14,5,228,7,5,mom
2010-01-01_to_2013-01-01,2010-01-01,2013-01-01,"hml,smb,mom",mkt,14,5,228,7,6,hml
2010-01-01_to_2013-01-01,2010-01-01,2013-01-01,"hml,smb,mom",mkt,14,5,228,7,7,smb
2010-01-01_to_2013-01-01,2010-01-01,2013-01-01,"hml,smb,mom",mkt,14,5,230,7,1,mom
2010-01-01_to_2013-01-01,2010-01-01,2013-01-01,"hml,smb,mom",mkt,14,5,230,7,2,mom
2010-01-01_to_2013-01-01,2010-01-01,2013-01-01,"hml,smb,mom",mkt,14,5,230,7,3,mom
2010-01-01_to_2013-01-01,2010-01-01,2013-01-01,"hml,smb,mom",mkt,14,5,230,7,4,mom
2010-01-01_to_2013-01-01,2010-01-01,2013-01-01,"hml,smb,mom",mkt,14,5,230,7,5,mom
2010-01-01_to_2013-01-01,2010-01-01,2013-01-01,"hml,smb,mom",mkt,14,5,230,7,6,hml
2010-01-01_to_2013-01-01,2010-01-01,2013-01-01,"hml,smb,mom",mkt,14,5,230,7,7,smb
2010-01-01_to_2013-01-01,2010-01-01,2013-01-01,"hml,smb,mom",mkt,14,5,234,10,1,mom
2010-01-01_to_2013-01-01,2010-01-01,2013-01-01,"hml,smb,mom",mkt,14,5,234,10,2,mom
2010-01-01_to_2013-01-01,2010-01-01,2013-01-01,"hml,smb,mom",mkt,14,5,234,10,3,mom
2010-01-01_to_2013-01-01,2010-01-01,2013-01-01,"hml,smb,mom",mkt,14,5,234,10,4,mom
2010-01-01_to_2013-01-01,2010-01-01,2013-01-01,"hml,smb,mom",mkt,14,5,234,10,5,mom
2010-01-01_to_2013-01-01,2010-01-01,2013-01-01,"hml,smb,mom",mkt,14,5,234,10,6,hml
2010-01-01_to_2013-01-01,2010-01-01,2013-01-01,"hml,smb,mom",mkt,14,5,234,10,7,smb
2010-01-01_to_2013-01-01,2010-01-01,2013-01-01,"hml,smb,mom",mkt,14,5,234,10,8,hml
2010-01-01_to_2013-01-01,2010-01-01,2013-01-01,"hml,smb,mom",mkt,14,5,234,10,9,mom
2010-01-01_to_2013-01-01,2010-01-01,2013-01-01,"hml,smb,mom",mkt,14,5,234,10,10,hml
2010-01-01_to_2013-01-01,2010-01-01,2013-01-01,"hml,smb,mom",mkt,14,5,235,10,1,mom
2010-01-01_to_2013-01-01,2010-01-01,2013-01-01,"hml,smb,mom",mkt,14,5,235,10,2,mom
2010-01-01_to_2013-01-01,2010-01-01,2013-01-01,"hml,smb,mom",mkt,14,5,235,10,3,mom
2010-01-01_to_2013-01-01,2010-01-01,2013-01-01,"hml,smb,mom",mkt,14,5,235,10,4,mom
2010-01-01_to_2013-01-01,2010-01-01,2013-01-01,"hml,smb,mom",mkt,14,5,235,10,5,mom
2010-01-01_to_2013-01-01,2010-01-01,2013-01-01,"hml,smb,mom",mkt,14,5,235,10,6,hml
2010-01-01_to_2013-01-01,2010-01-01,2013-01-01,"hml,smb,mom",mkt,14,5,235,10,7,smb
2010-01-01_to_2013-01-01,2010-01-01,2013-01-01,"hml,smb,mom",mkt,14,5,235,10,8,hml
2010-01-01_to_2013-01-01,2010-01-01,2013-01-01,"hml,smb,mom",mkt,14,5,235,10,9,mom
2010-01-01_to_2013-01-01,2010-01-01,2013-01-01,"hml,smb,mom",mkt,14,5,235,10,10,hml
2010-01-01_to_2013-01-01,2010-01-01,2013-01-01,"hml,smb,mom",mkt,14,5,237,10,1,mom
2010-01-01_to_2013-01-01,2010-01-01,2013-01-01,"hml,smb,mom",mkt,14,5,237,10,2,mom
2010-01-01_to_2013-01-01,2010-01-01,2013-01-01,"hml,smb,mom",mkt,14,5,237,10,3,mom
2010-01-01_to_2013-01-01,2010-01-01,2013-01-01,"hml,smb,mom",mkt,14,5,237,10,4,mom
2010-01-01_to_2013-01-01,2010-01-01,2013-01-01,"hml,smb,mom",mkt,14,5,237,10,5,mom
2010-01-01_to_2013-01-01,2010-01-01,2013-01-01,"hml,smb,mom",mkt,14,5,237,10,6,hml
2010-01-01_to_2013-01-01,2010-01-01,2013-01-01,"hml,smb,mom",mkt,14,5,237,10,7,smb
2010-01-01_to_2013-01-01,2010-01-01,2013-01-01,"hml,smb,mom",mkt,14,5,237,10,8,hml
2010-01-01_to_2013-01-01,2010-01-01,2013-01-01,"hml,smb,mom",mkt,14,5,237,10,9,mom
2010-01-01_to_2013-01-01,2010-01-01,2013-01-01,"hml,smb,mom",mkt,14,5,237,10,10,hml
2010-01-01_to_2013-01-01,2010-01-01,2013-01-01,"hml,smb,mom",mkt,14,5,238,10,1,mom
2010-01-01_to_2013-01-01,2010-01-01,2013-01-01,"hml,smb,mom",mkt,14,5,238,10,2,mom
2010-01-01_to_2013-01-01,2010-01-01,2013-01-01,"hml,smb,mom",mkt,14,5,238,10,3,mom
2010-01-01_to_2013-01-01,2010-01-01,2013-01-01,"hml,smb,mom",mkt,14,5,238,10,4,mom
2010-01-01_to_2013-01-01,2010-01-01,2013-01-01,"hml,smb,mom",mkt,14,5,238,10,5,mom
2010-01-01_to_2013-01-01,2010-01-01,2013-01-01,"hml,smb,mom",mkt,14,5,238,10,6,hml
2010-01-01_to_2013-01-01,2010-01-01,2013-01-01,"hml,smb,mom",mkt,14,5,238,10,7,smb
2010-01-01_to_2013-01-01,2010-01-01,2013-01-01,"hml,smb,mom",mkt,14,5,238,10,8,hml
2010-01-01_to_2013-01-01,2010-01-01,2013-01-01,"hml,smb,mom",mkt,14,5,238,10,9,mom
2010-01-01_to_2013-01-01,2010-01-01,2013-01-01,"hml,smb,mom",mkt,14,5,238,10,10,hml
2010-01-01_to_2013-01-01,2010-01-01,2013-01-01,"hml,smb,mom",mkt,14,5,239,8,1,mom
2010-01-01_to_2013-01-01,2010-01-01,2013-01-01,"hml,smb,mom",mkt,14,5,239,8,2,mom
2010-01-01_to_2013-01-01,2010-01-01,2013-01-01,"hml,smb,mom",mkt,14,5,239,8,3,mom
2010-01-01_to_2013-01-01,2010-01-01,2013-01-01,"hml,smb,mom",mkt,14,5,239,8,4,mom
2010-01-01_to_2013-01-01,2010-01-01,2013-01-01,"hml,smb,mom",mkt,14,5,239,8,5,mom
2010-01-01_to_2013-01-01,2010-01-01,2013-01-01,"hml,smb,mom",mkt,14,5,239,8,6,hml
2010-01-01_to_2013-01-01,2010-01-01,2013-01-01,"hml,smb,mom",mkt,14,5,239,8,7,smb
2010-01-01_to_2013-01-01,2010-01-01,2013-01-01,"hml,smb,mom",mkt,14,5,239,8,8,hml
2010-01-01_to_2013-01-01,2010-01-01,2013-01-01,"hml,smb,mom",mkt,14,5,247,8,1,mom
2010-01-01_to_2013-01-01,2010-01-01,2013-01-01,"hml,smb,mom",mkt,14,5,247,8,2,mom
2010-01-01_to_2013-01-01,2010-01-01,2013-01-01,"hml,smb,mom",mkt,14,5,247,8,3,mom
2010-01-01_to_2013-01-01,2010-01-01,2013-01-01,"hml,smb,mom",mkt,14,5,247,8,4,mom
2010-01-01_to_2013-01-01,2010-01-01,2013-01-01,"hml,smb,mom",mkt,14,5,247,8,5,mom
2010-01-01_to_2013-01-01,2010-01-01,2013-01-01,"hml,smb,mom",mkt,14,5,247,8,6,smb
2010-01-01_to_2013-01-01,2010-01-01,2013-01-01,"hml,smb,mom",mkt,14,5,247,8,7,hml
2010-01-01_to_2013-01-01,2010-01-01,2013-01-01,"hml,smb,mom",mkt,14,5,247,8,8,hml
2010-01-01_to_2013-01-01,2010-01-01,2013-01-01,"hml,smb,mom",mkt,14,5,248,8,1,mom
2010-01-01_to_2013-01-01,2010-01-01,2013-01-01,"hml,smb,mom",mkt,14,5,248,8,2,mom
2010-01-01_to_2013-01-01,2010-01-01,2013-01-01,"hml,smb,mom",mkt,14,5,248,8,3,mom
2010-01-01_to_2013-01-01,2010-01-01,2013-01-01,"hml,smb,mom",mkt,14,5,248,8,4,mom
2010-01-01_to_2013-01-01,2010-01-01,2013-01-01,"hml,smb,mom",mkt,14,5,248,8,5,mom
2010-01-01_to_2013-01-01,2010-01-01,2013-01-01,"hml,smb,mom",mkt,14,5,248,8,6,smb
2010-01-01_to_2013-01-01,2010-01-01,2013-01-01,"hml,smb,mom",mkt,14,5,248,8,7,hml
2010-01-01_to_2013-01-01,2010-01-01,2013-01-01,"hml,smb,mom",mkt,14,5,248,8,8,hml
2010-01-01_to_2013-01-01,2010-01-01,2013-01-01,"hml,smb,mom",mkt,14,5,250,8,1,mom
2010-01-01_to_2013-01-01,2010-01-01,2013-01-01,"hml,smb,mom",mkt,14,5,250,8,2,mom
2010-01-01_to_2013-01-01,2010-01-01,2013-01-01,"hml,smb,mom",mkt,14,5,250,8,3,mom
2010-01-01_to_2013-01-01,2010-01-01,2013-01-01,"hml,smb,mom",mkt,14,5,250,8,4,mom
2010-01-01_to_2013-01-01,2010-01-01,2013-01-01,"hml,smb,mom",mkt,14,5,250,8,5,mom
2010-01-01_to_2013-01-01,2010-01-01,2013-01-01,"hml,smb,mom",mkt,14,5,250,8,6,smb
2010-01-01_to_2013-01-01,2010-01-01,2013-01-01,"hml,smb,mom",mkt,14,5,250,8,7,hml
2010-01-01_to_2013-01-01,2010-01-01,2013-01-01,"hml,smb,mom",mkt,14,5,250,8,8,hml
2010-01-01_to_2013-01-01,2010-01-01,2013-01-01,"hml,smb,mom",mkt,14,5,251,8,1,mom
2010-01-01_to_2013-01-01,2010-01-01,2013-01-01,"hml,smb,mom",mkt,14,5,251,8,2,mom
2010-01-01_to_2013-01-01,2010-01-01,2013-01-01,"hml,smb,mom",mkt,14,5,251,8,3,mom
2010-01-01_to_2013-01-01,2010-01-01,2013-01-01,"hml,smb,mom",mkt,14,5,251,8,4,mom
2010-01-01_to_2013-01-01,2010-01-01,2013-01-01,"hml,smb,mom",mkt,14,5,251,8,5,mom
2010-01-01_to_2013-01-01,2010-01-01,2013-01-01,"hml,smb,mom",mkt,14,5,251,8,6,smb
2010-01-01_to_2013-01-01,2010-01-01,2013-01-01,"hml,smb,mom",mkt,14,5,251,8,7,hml
2010-01-01_to_2013-01-01,2010-01-01,2013-01-01,"hml,smb,mom",mkt,14,5,251,8,8,hml
2010-01-01_to_2013-01-01,2010-01-01,2013-01-01,"hml,smb,mom",mkt,14,5,253,7,1,mom
2010-01-01_to_2013-01-01,2010-01-01,2013-01-01,"hml,smb,mom",mkt,14,5,253,7,2,mom
2010-01-01_to_2013-01-01,2010-01-01,2013-01-01,"hml,smb,mom",mkt,14,5,253,7,3,mom
2010-01-01_to_2013-01-01,2010-01-01,2013-01-01,"hml,smb,mom",mkt,14,5,253,7,4,mom
2010-01-01_to_2013-01-01,2010-01-01,2013-01-01,"hml,smb,mom",mkt,14,5,253,7,5,mom
2010-01-01_to_2013-01-01,2010-01-01,2013-01-01,"hml,smb,mom",mkt,14,5,253,7,6,smb
2010-01-01_to_2013-01-01,2010-01-01,2013-01-01,"hml,smb,mom",mkt,14,5,253,7,7,hml
2010-01-01_to_2013-01-01,2010-01-01,2013-01-01,"hml,smb,mom",mkt,14,5,255,8,1,mom
2010-01-01_to_2013-01-01,2010-01-01,2013-01-01,"hml,smb,mom",mkt,14,5,255,8,2,mom
2010-01-01_to_2013-01-01,2010-01-01,2013-01-01,"hml,smb,mom",mkt,14,5,255,8,3,mom
2010-01-01_to_2013-01-01,2010-01-01,2013-01-01,"hml,smb,mom",mkt,14,5,255,8,4,mom
2010-01-01_to_2013-01-01,2010-01-01,2013-01-01,"hml,smb,mom",mkt,14,5,255,8,5,mom
2010-01-01_to_2013-01-01,2010-01-01,2013-01-01,"hml,smb,mom",mkt,14,5,255,8,6,smb
2010-01-01_to_2013-01-01,2010-01-01,2013-01-01,"hml,smb,mom",mkt,14,5,255,8,7,hml
2010-01-01_to_2013-01-01,2010-01-01,2013-01-01,"hml,smb,mom",mkt,14,5,255,8,8,hml
2010-01-01_to_2013-01-01,2010-01-01,2013-01-01,"hml,smb,mom",mkt,14,5,257,9,1,mom
2010-01-01_to_2013-01-01,2010-01-01,2013-01-01,"hml,smb,mom",mkt,14,5,257,9,2,mom
2010-01-01_to_2013-01-01,2010-01-01,2013-01-01,"hml,smb,mom",mkt,14,5,257,9,3,mom
2010-01-01_to_2013-01-01,2010-01-01,2013-01-01,"hml,smb,mom",mkt,14,5,257,9,4,mom
2010-01-01_to_2013-01-01,2010-01-01,2013-01-01,"hml,smb,mom",mkt,14,5,257,9,5,mom
2010-01-01_to_2013-01-01,2010-01-01,2013-01-01,"hml,smb,mom",mkt,14,5,257,9,6,smb
2010-01-01_to_2013-01-01,2010-01-01,2013-01-01,"hml,smb,mom",mkt,14,5,257,9,7,hml
2010-01-01_to_2013-01-01,2010-01-01,2013-01-01,"hml,smb,mom",mkt,14,5,257,9,8,hml
2010-01-01_to_2013-01-01,2010-01-01,2013-01-01,"hml,smb,mom",mkt,14,5,257,9,9,hml
2010-01-01_to_2013-01-01,2010-01-01,2013-01-01,"hml,smb,mom",mkt,14,5,259,10,1,mom
2010-01-01_to_2013-01-01,2010-01-01,2013-01-01,"hml,smb,mom",mkt,14,5,259,10,2,mom
2010-01-01_to_2013-01-01,2010-01-01,2013-01-01,"hml,smb,mom",mkt,14,5,259,10,3,mom
2010-01-01_to_2013-01-01,2010-01-01,2013-01-01,"hml,smb,mom",mkt,14,5,259,10,4,mom
2010-01-01_to_2013-01-01,2010-01-01,2013-01-01,"hml,smb,mom",mkt,14,5,259,10,5,mom
2010-01-01_to_2013-01-01,2010-01-01,2013-01-01,"hml,smb,mom",mkt,14,5,259,10,6,smb
2010-01-01_to_2013-01-01,2010-01-01,2013-01-01,"hml,smb,mom",mkt,14,5,259,10,7,hml
2010-01-01_to_2013-01-01,2010-01-01,2013-01-01,"hml,smb,mom",mkt,14,5,259,10,8,hml
2010-01-01_to_2013-01-01,2010-01-01,2013-01-01,"hml,smb,mom",mkt,14,5,259,10,9,hml
2010-01-01_to_2013-01-01,2010-01-01,2013-01-01,"hml,smb,mom",mkt,14,5,259,10,10,hml
2010-01-01_to_2013-01-01,2010-01-01,2013-01-01,"hml,smb,mom",mkt,14,5,261,11,1,mom
2010-01-01_to_2013-01-01,2010-01-01,2013-01-01,"hml,smb,mom",mkt,14,5,261,11,2,mom
2010-01-01_to_2013-01-01,2010-01-01,2013-01-01,"hml,smb,mom",mkt,14,5,261,11,3,mom
2010-01-01_to_2013-01-01,2010-01-01,2013-01-01,"hml,smb,mom",mkt,14,5,261,11,4,mom
2010-01-01_to_2013-01-01,2010-01-01,2013-01-01,"hml,smb,mom",mkt,14,5,261,11,5,mom
2010-01-01_to_2013-01-01,2010-01-01,2013-01-01,"hml,smb,mom",mkt,14,5,261,11,6,smb
2010-01-01_to_2013-01-01,2010-01-01,2013-01-01,"hml,smb,mom",mkt,14,5,261,11,7,hml
2010-01-01_to_2013-01-01,2010-01-01,2013-01-01,"hml,smb,mom",mkt,14,5,261,11,8,hml
2010-01-01_to_2013-01-01,2010-01-01,2013-01-01,"hml,smb,mom",mkt,14,5,261,11,9,hml
2010-01-01_to_2013-01-01,2010-01-01,2013-01-01,"hml,smb,mom",mkt,14,5,261,11,10,hml
2010-01-01_to_2013-01-01,2010-01-01,2013-01-01,"hml,smb,mom",mkt,14,5,261,11,11,smb
2010-01-01_to_2013-01-01,2010-01-01,2013-01-01,"hml,smb,mom",mkt,14,5,262,11,1,mom
2010-01-01_to_2013-01-01,2010-01-01,2013-01-01,"hml,smb,mom",mkt,14,5,262,11,2,mom
2010-01-01_to_2013-01-01,2010-01-01,2013-01-01,"hml,smb,mom",mkt,14,5,262,11,3,mom
2010-01-01_to_2013-01-01,2010-01-01,2013-01-01,"hml,smb,mom",mkt,14,5,262,11,4,mom
2010-01-01_to_2013-01-01,2010-01-01,2013-01-01,"hml,smb,mom",mkt,14,5,262,11,5,mom
2010-01-01_to_2013-01-01,2010-01-01,2013-01-01,"hml,smb,mom",mkt,14,5,262,11,6,smb
2010-01-01_to_2013-01-01,2010-01-01,2013-01-01,"hml,smb,mom",mkt,14,5,262,11,7,hml
2010-01-01_to_2013-01-01,2010-01-01,2013-01-01,"hml,smb,mom",mkt,14,5,262,11,8,hml
2010-01-01_to_2013-01-01,2010-01-01,2013-01-01,"hml,smb,mom",mkt,14,5,262,11,9,hml
2010-01-01_to_2013-01-01,2010-01-01,2013-01-01,"hml,smb,mom",mkt,14,5,262,11,10,hml
2010-01-01_to_2013-01-01,2010-01-01,2013-01-01,"hml,smb,mom",mkt,14,5,262,11,11,smb
2010-01-01_to_2013-01-01,2010-01-01,2013-01-01,"hml,smb,mom",mkt,14,5,264,6,1,mom
2010-01-01_to_2013-01-01,2010-01-01,2013-01-01,"hml,smb,mom",mkt,14,5,264,6,2,mom
2010-01-01_to_2013-01-01,2010-01-01,2013-01-01,"hml,smb,mom",mkt,14,5,264,6,3,mom
2010-01-01_to_2013-01-01,2010-01-01,2013-01-01,"hml,smb,mom",mkt,14,5,264,6,4,mom
2010-01-01_to_2013-01-01,2010-01-01,2013-01-01,"hml,smb,mom",mkt,14,5,264,6,5,mom
2010-01-01_to_2013-01-01,2010-01-01,2013-01-01,"hml,smb,mom",mkt,14,5,264,6,6,hml
2010-01-01_to_2013-01-01,2010-01-01,2013-01-01,"hml,smb,mom",mkt,14,5,266,7,1,mom
2010-01-01_to_2013-01-01,2010-01-01,2013-01-01,"hml,smb,mom",mkt,14,5,266,7,2,mom
2010-01-01_to_2013-01-01,2010-01-01,2013-01-01,"hml,smb,mom",mkt,14,5,266,7,3,mom
2010-01-01_to_2013-01-01,2010-01-01,2013-01-01,"hml,smb,mom",mkt,14,5,266,7,4,mom
2010-01-01_to_2013-01-01,2010-01-01,2013-01-01,"hml,smb,mom",mkt,14,5,266,7,5,mom
2010-01-01_to_2013-01-01,2010-01-01,2013-01-01,"hml,smb,mom",mkt,14,5,266,7,6,hml
2010-01-01_to_2013-01-01,2010-01-01,2013-01-01,"hml,smb,mom",mkt,14,5,266,7,7,hml
2010-01-01_to_2013-01-01,2010-01-01,2013-01-01,"hml,smb,mom",mkt,14,5,271,11,1,mom
2010-01-01_to_2013-01-01,2010-01-01,2013-01-01,"hml,smb,mom",mkt,14,5,271,11,2,mom
2010-01-01_to_2013-01-01,2010-01-01,2013-01-01,"hml,smb,mom",mkt,14,5,271,11,3,mom
2010-01-01_to_2013-01-01,2010-01-01,2013-01-01,"hml,smb,mom",mkt,14,5,271,11,4,mom
2010-01-01_to_2013-01-01,2010-01-01,2013-01-01,"hml,smb,mom",mkt,14,5,271,11,5,mom
2010-01-01_to_2013-01-01,2010-01-01,2013-01-01,"hml,smb,mom",mkt,14,5,271,11,6,hml
2010-01-01_to_2013-01-01,2010-01-01,2013-01-01,"hml,smb,mom",mkt,14,5,271,11,7,hml
2010-01-01_to_2013-01-01,2010-01-01,2013-01-01,"hml,smb,mom",mkt,14,5,271,11,8,hml
2010-01-01_to_2013-01-01,2010-01-01,2013-01-01,"hml,smb,mom",mkt,14,5,271,11,9,hml
2010-01-01_to_2013-01-01,2010-01-01,2013-01-01,"hml,smb,mom",mkt,14,5,271,11,10,hml
2010-01-01_to_2013-01-01,2010-01-01,2013-01-01,"hml,smb,mom",mkt,14,5,271,11,11,hml
2010-01-01_to_2013-01-01,2010-01-01,2013-01-01,"hml,smb,mom",mkt,14,5,272,11,1,mom
2010-01-01_to_2013-01-01,2010-01-01,2013-01-01,"hml,smb,mom",mkt,14,5,272,11,2,mom
2010-01-01_to_2013-01-01,2010-01-01,2013-01-01,"hml,smb,mom",mkt,14,5,272,11,3,mom
2010-01-01_to_2013-01-01,2010-01-01,2013-01-01,"hml,smb,mom",mkt,14,5,272,11,4,mom
2010-01-01_to_2013-01-01,2010-01-01,2013-01-01,"hml,smb,mom",mkt,14,5,272,11,5,mom
2010-01-01_to_2013-01-01,2010-01-01,2013-01-01,"hml,smb,mom",mkt,14,5,272,11,6,hml
2010-01-01_to_2013-01-01,2010-01-01,2013-01-01,"hml,smb,mom",mkt,14,5,272,11,7,hml
2010-01-01_to_2013-01-01,2010-01-01,2013-01-01,"hml,smb,mom",mkt,14,5,272,11,8,hml
2010-01-01_to_2013-01-01,2010-01-01,2013-01-01,"hml,smb,mom",mkt,14,5,272,11,9,hml
2010-01-01_to_2013-01-01,2010-01-01,2013-01-01,"hml,smb,mom",mkt,14,5,272,11,10,hml
2010-01-01_to_2013-01-01,2010-01-01,2013-01-01,"hml,smb,mom",mkt,14,5,272,11,11,hml
2010-01-01_to_2013-01-01,2010-01-01,2013-01-01,"hml,smb,mom",mkt,14,5,273,10,1,mom
2010-01-01_to_2013-01-01,2010-01-01,2013-01-01,"hml,smb,mom",mkt,14,5,273,10,2,mom
2010-01-01_to_2013-01-01,2010-01-01,2013-01-01,"hml,smb,mom",mkt,14,5,273,10,3,mom
2010-01-01_to_2013-01-01,2010-01-01,2013-01-01,"hml,smb,mom",mkt,14,5,273,10,4,mom
2010-01-01_to_2013-01-01,2010-01-01,2013-01-01,"hml,smb,mom",mkt,14,5,273,10,5,mom
2010-01-01_to_2013-01-01,2010-01-01,2013-01-01,"hml,smb,mom",mkt,14,5,273,10,6,hml
2010-01-01_to_2013-01-01,2010-01-01,2013-01-01,"hml,smb,mom",mkt,14,5,273,10,7,hml
2010-01-01_to_2013-01-01,2010-01-01,2013-01-01,"hml,smb,mom",mkt,14,5,273,10,8,hml
2010-01-01_to_2013-01-01,2010-01-01,2013-01-01,"hml,smb,mom",mkt,14,5,273,10,9,hml
2010-01-01_to_2013-01-01,2010-01-01,2013-01-01,"hml,smb,mom",mkt,14,5,273,10,10,hml
2010-01-01_to_2013-01-01,2010-01-01,2013-01-01,"hml,smb,mom",mkt,14,5,275,10,1,mom
2010-01-01_to_2013-01-01,2010-01-01,2013-01-01,"hml,smb,mom",mkt,14,5,275,10,2,mom
2010-01-01_to_2013-01-01,2010-01-01,2013-01-01,"hml,smb,mom",mkt,14,5,275,10,3,mom
2010-01-01_to_2013-01-01,2010-01-01,2013-01-01,"hml,smb,mom",mkt,14,5,275,10,4,mom
2010-01-01_to_2013-01-01,2010-01-01,2013-01-01,"hml,smb,mom",mkt,14,5,275,10,5,mom
2010-01-01_to_2013-01-01,2010-01-01,2013-01-01,"hml,smb,mom",mkt,14,5,275,10,6,hml
2010-01-01_to_2013-01-01,2010-01-01,2013-01-01,"hml,smb,mom",mkt,14,5,275,10,7,hml
2010-01-01_to_2013-01-01,2010-01-01,2013-01-01,"hml,smb,mom",mkt,14,5,275,10,8,hml
2010-01-01_to_2013-01-01,2010-01-01,2013-01-01,"hml,smb,mom",mkt,14,5,275,10,9,hml
2010-01-01_to_2013-01-01,2010-01-01,2013-01-01,"hml,smb,mom",mkt,14,5,275,10,10,smb
2010-01-01_to_2013-01-01,2010-01-01,2013-01-01,"hml,smb,mom",mkt,14,5,276,10,1,mom
2010-01-01_to_2013-01-01,2010-01-01,2013-01-01,"hml,smb,mom",mkt,14,5,276,10,2,mom
2010-01-01_to_2013-01-01,2010-01-01,2013-01-01,"hml,smb,mom",mkt,14,5,276,10,3,mom
2010-01-01_to_2013-01-01,2010-01-01,2013-01-01,"hml,smb,mom",mkt,14,5,276,10,4,mom
2010-01-01_to_2013-01-01,2010-01-01,2013-01-01,"hml,smb,mom",mkt,14,5,276,10,5,mom
2010-01-01_to_2013-01-01,2010-01-01,2013-01-01,"hml,smb,mom",mkt,14,5,276,10,6,hml
2010-01-01_to_2013-01-01,2010-01-01,2013-01-01,"hml,smb,mom",mkt,14,5,276,10,7,hml
2010-01-01_to_2013-01-01,2010-01-01,2013-01-01,"hml,smb,mom",mkt,14,5,276,10,8,hml
2010-01-01_to_2013-01-01,2010-01-01,2013-01-01,"hml,smb,mom",mkt,14,5,276,10,9,hml
2010-01-01_to_2013-01-01,2010-01-01,2013-01-01,"hml,smb,mom",mkt,14,5,276,10,10,smb
2010-01-01_to_2013-01-01,2010-01-01,2013-01-01,"hml,smb,mom",mkt,14,5,277,8,1,mom
2010-01-01_to_2013-01-01,2010-01-01,2013-01-01,"hml,smb,mom",mkt,14,5,277,8,2,mom
2010-01-01_to_2013-01-01,2010-01-01,2013-01-01,"hml,smb,mom",mkt,14,5,277,8,3,mom
2010-01-01_to_2013-01-01,2010-01-01,2013-01-01,"hml,smb,mom",mkt,14,5,277,8,4,mom
2010-01-01_to_2013-01-01,2010-01-01,2013-01-01,"hml,smb,mom",mkt,14,5,277,8,5,mom
2010-01-01_to_2013-01-01,2010-01-01,2013-01-01,"hml,smb,mom",mkt,14,5,277,8,6,hml
2010-01-01_to_2013-01-01,2010-01-01,2013-01-01,"hml,smb,mom",mkt,14,5,277,8,7,hml
2010-01-01_to_2013-01-01,2010-01-01,2013-01-01,"hml,smb,mom",mkt,14,5,277,8,8,hml
2010-01-01_to_2013-01-01,2010-01-01,2013-01-01,"hml,smb,mom",mkt,14,5,280,6,1,mom
2010-01-01_to_2013-01-01,2010-01-01,2013-01-01,"hml,smb,mom",mkt,14,5,280,6,2,mom
2010-01-01_to_2013-01-01,2010-01-01,2013-01-01,"hml,smb,mom",mkt,14,5,280,6,3,mom
2010-01-01_to_2013-01-01,2010-01-01,2013-01-01,"hml,smb,mom",mkt,14,5,280,6,4,mom
2010-01-01_to_2013-01-01,2010-01-01,2013-01-01,"hml,smb,mom",mkt,14,5,280,6,5,mom
2010-01-01_to_2013-01-01,2010-01-01,2013-01-01,"hml,smb,mom",mkt,14,5,280,6,6,hml
2010-01-01_to_2013-01-01,2010-01-01,2013-01-01,"hml,smb,mom",mkt,14,5,282,7,1,mom
2010-01-01_to_2013-01-01,2010-01-01,2013-01-01,"hml,smb,mom",mkt,14,5,282,7,2,mom
2010-01-01_to_2013-01-01,2010-01-01,2013-01-01,"hml,smb,mom",mkt,14,5,282,7,3,mom
2010-01-01_to_2013-01-01,2010-01-01,2013-01-01,"hml,smb,mom",mkt,14,5,282,7,4,mom
2010-01-01_to_2013-01-01,2010-01-01,2013-01-01,"hml,smb,mom",mkt,14,5,282,7,5,mom
2010-01-01_to_2013-01-01,2010-01-01,2013-01-01,"hml,smb,mom",mkt,14,5,282,7,6,hml
2010-01-01_to_2013-01-01,2010-01-01,2013-01-01,"hml,smb,mom",mkt,14,5,282,7,7,smb
2010-01-01_to_2013-01-01,2010-01-01,2013-01-01,"hml,smb,mom",mkt,14,5,284,8,1,mom
2010-01-01_to_2013-01-01,2010-01-01,2013-01-01,"hml,smb,mom",mkt,14,5,284,8,2,mom
2010-01-01_to_2013-01-01,2010-01-01,2013-01-01,"hml,smb,mom",mkt,14,5,284,8,3,mom
2010-01-01_to_2013-01-01,2010-01-01,2013-01-01,"hml,smb,mom",mkt,14,5,284,8,4,mom
2010-01-01_to_2013-01-01,2010-01-01,2013-01-01,"hml,smb,mom",mkt,14,5,284,8,5,mom
2010-01-01_to_2013-01-01,2010-01-01,2013-01-01,"hml,smb,mom",mkt,14,5,284,8,6,hml
2010-01-01_to_2013-01-01,2010-01-01,2013-01-01,"hml,smb,mom",mkt,14,5,284,8,7,smb
2010-01-01_to_2013-01-01,2010-01-01,2013-01-01,"hml,smb,mom",mkt,14,5,284,8,8,smb
2010-01-01_to_2013-01-01,2010-01-01,2013-01-01,"hml,smb,mom",mkt,14,5,287,10,1,mom
2010-01-01_to_2013-01-01,2010-01-01,2013-01-01,"hml,smb,mom",mkt,14,5,287,10,2,mom
2010-01-01_to_2013-01-01,2010-01-01,2013-01-01,"hml,smb,mom",mkt,14,5,287,10,3,mom
2010-01-01_to_2013-01-01,2010-01-01,2013-01-01,"hml,smb,mom",mkt,14,5,287,10,4,mom
2010-01-01_to_2013-01-01,2010-01-01,2013-01-01,"hml,smb,mom",mkt,14,5,287,10,5,mom
2010-01-01_to_2013-01-01,2010-01-01,2013-01-01,"hml,smb,mom",mkt,14,5,287,10,6,hml
2010-01-01_to_2013-01-01,2010-01-01,2013-01-01,"hml,smb,mom",mkt,14,5,287,10,7,smb
2010-01-01_to_2013-01-01,2010-01-01,2013-01-01,"hml,smb,mom",mkt,14,5,287,10,8,smb
2010-01-01_to_2013-01-01,2010-01-01,2013-01-01,"hml,smb,mom",mkt,14,5,287,10,9,mom
2010-01-01_to_2013-01-01,2010-01-01,2013-01-01,"hml,smb,mom",mkt,14,5,287,10,10,hml
2010-01-01_to_2013-01-01,2010-01-01,2013-01-01,"hml,smb,mom",mkt,14,5,289,11,1,mom
2010-01-01_to_2013-01-01,2010-01-01,2013-01-01,"hml,smb,mom",mkt,14,5,289,11,2,mom
2010-01-01_to_2013-01-01,2010-01-01,2013-01-01,"hml,smb,mom",mkt,14,5,289,11,3,mom
2010-01-01_to_2013-01-01,2010-01-01,2013-01-01,"hml,smb,mom",mkt,14,5,289,11,4,mom
2010-01-01_to_2013-01-01,2010-01-01,2013-01-01,"hml,smb,mom",mkt,14,5,289,11,5,mom
2010-01-01_to_2013-01-01,2010-01-01,2013-01-01,"hml,smb,mom",mkt,14,5,289,11,6,hml
2010-01-01_to_2013-01-01,2010-01-01,2013-01-01,"hml,smb,mom",mkt,14,5,289,11,7,smb
2010-01-01_to_2013-01-01,2010-01-01,2013-01-01,"hml,smb,mom",mkt,14,5,289,11,8,smb
2010-01-01_to_2013-01-01,2010-01-01,2013-01-01,"hml,smb,mom",mkt,14,5,289,11,9,mom
2010-01-01_to_2013-01-01,2010-01-01,2013-01-01,"hml,smb,mom",mkt,14,5,289,11,10,hml
2010-01-01_to_2013-01-01,2010-01-01,2013-01-01,"hml,smb,mom",mkt,14,5,289,11,11,smb
2010-01-01_to_2013-01-01,2010-01-01,2013-01-01,"hml,smb,mom",mkt,14,5,290,11,1,mom
2010-01-01_to_2013-01-01,2010-01-01,2013-01-01,"hml,smb,mom",mkt,14,5,290,11,2,mom
2010-01-01_to_2013-01-01,2010-01-01,2013-01-01,"hml,smb,mom",mkt,14,5,290,11,3,mom
2010-01-01_to_2013-01-01,2010-01-01,2013-01-01,"hml,smb,mom",mkt,14,5,290,11,4,mom
2010-01-01_to_2013-01-01,2010-01-01,2013-01-01,"hml,smb,mom",mkt,14,5,290,11,5,mom
2010-01-01_to_2013-01-01,2010-01-01,2013-01-01,"hml,smb,mom",mkt,14,5,290,11,6,hml
2010-01-01_to_2013-01-01,2010-01-01,2013-01-01,"hml,smb,mom",mkt,14,5,290,11,7,smb
2010-01-01_to_2013-01-01,2010-01-01,2013-01-01,"hml,smb,mom",mkt,14,5,290,11,8,smb
2010-01-01_to_2013-01-01,2010-01-01,2013-01-01,"hml,smb,mom",mkt,14,5,290,11,9,mom
2010-01-01_to_2013-01-01,2010-01-01,2013-01-01,"hml,smb,mom",mkt,14,5,290,11,10,hml
2010-01-01_to_2013-01-01,2010-01-01,2013-01-01,"hml,smb,mom",mkt,14,5,290,11,11,smb
2010-01-01_to_2013-01-01,2010-01-01,2013-01-01,"hml,smb,mom",mkt,14,5,291,9,1,mom
2010-01-01_to_2013-01-01,2010-01-01,2013-01-01,"hml,smb,mom",mkt,14,5,291,9,2,mom
2010-01-01_to_2013-01-01,2010-01-01,2013-01-01,"hml,smb,mom",mkt,14,5,291,9,3,mom
2010-01-01_to_2013-01-01,2010-01-01,2013-01-01,"hml,smb,mom",mkt,14,5,291,9,4,mom
2010-01-01_to_2013-01-01,2010-01-01,2013-01-01,"hml,smb,mom",mkt,14,5,291,9,5,mom
2010-01-01_to_2013-01-01,2010-01-01,2013-01-01,"hml,smb,mom",mkt,14,5,291,9,6,hml
2010-01-01_to_2013-01-01,2010-01-01,2013-01-01,"hml,smb,mom",mkt,14,5,291,9,7,smb
2010-01-01_to_2013-01-01,2010-01-01,2013-01-01,"hml,smb,mom",mkt,14,5,291,9,8,smb
2010-01-01_to_2013-01-01,2010-01-01,2013-01-01,"hml,smb,mom",mkt,14,5,291,9,9,mom
2010-01-01_to_2013-01-01,2010-01-01,2013-01-01,"hml,smb,mom",mkt,14,5,295,8,1,mom
2010-01-01_to_2013-01-01,2010-01-01,2013-01-01,"hml,smb,mom",mkt,14,5,295,8,2,mom
2010-01-01_to_2013-01-01,2010-01-01,2013-01-01,"hml,smb,mom",mkt,14,5,295,8,3,mom
2010-01-01_to_2013-01-01,2010-01-01,2013-01-01,"hml,smb,mom",mkt,14,5,295,8,4,mom
2010-01-01_to_2013-01-01,2010-01-01,2013-01-01,"hml,smb,mom",mkt,14,5,295,8,5,mom
2010-01-01_to_2013-01-01,2010-01-01,2013-01-01,"hml,smb,mom",mkt,14,5,295,8,6,hml
2010-01-01_to_2013-01-01,2010-01-01,2013-01-01,"hml,smb,mom",mkt,14,5,295,8,7,smb
2010-01-01_to_2013-01-01,2010-01-01,2013-01-01,"hml,smb,mom",mkt,14,5,295,8,8,smb
2010-01-01_to_2013-01-01,2010-01-01,2013-01-01,"hml,smb,mom",mkt,14,5,296,8,1,mom
2010-01-01_to_2013-01-01,2010-01-01,2013-01-01,"hml,smb,mom",mkt,14,5,296,8,2,mom
2010-01-01_to_2013-01-01,2010-01-01,2013-01-01,"hml,smb,mom",mkt,14,5,296,8,3,mom
2010-01-01_to_2013-01-01,2010-01-01,2013-01-01,"hml,smb,mom",mkt,14,5,296,8,4,mom
2010-01-01_to_2013-01-01,2010-01-01,2013-01-01,"hml,smb,mom",mkt,14,5,296,8,5,mom
2010-01-01_to_2013-01-01,2010-01-01,2013-01-01,"hml,smb,mom",mkt,14,5,296,8,6,hml
2010-01-01_to_2013-01-01,2010-01-01,2013-01-01,"hml,smb,mom",mkt,14,5,296,8,7,smb
2010-01-01_to_2013-01-01,2010-01-01,2013-01-01,"hml,smb,mom",mkt,14,5,296,8,8,smb
2010-01-01_to_2013-01-01,2010-01-01,2013-01-01,"hml,smb,mom",mkt,14,5,297,7,1,mom
2010-01-01_to_2013-01-01,2010-01-01,2013-01-01,"hml,smb,mom",mkt,14,5,297,7,2,mom
2010-01-01_to_2013-01-01,2010-01-01,2013-01-01,"hml,smb,mom",mkt,14,5,297,7,3,mom
2010-01-01_to_2013-01-01,2010-01-01,2013-01-01,"hml,smb,mom",mkt,14,5,297,7,4,mom
2010-01-01_to_2013-01-01,2010-01-01,2013-01-01,"hml,smb,mom",mkt,14,5,297,7,5,mom
2010-01-01_to_2013-01-01,2010-01-01,2013-01-01,"hml,smb,mom",mkt,14,5,297,7,6,hml
2010-01-01_to_2013-01-01,2010-01-01,2013-01-01,"hml,smb,mom",mkt,14,5,297,7,7,smb
2010-01-01_to_2013-01-01,2010-01-01,2013-01-01,"hml,smb,mom",mkt,14,5,298,6,1,mom
2010-01-01_to_2013-01-01,2010-01-01,2013-01-01,"hml,smb,mom",mkt,14,5,298,6,2,mom
2010-01-01_to_2013-01-01,2010-01-01,2013-01-01,"hml,smb,mom",mkt,14,5,298,6,3,mom
2010-01-01_to_2013-01-01,2010-01-01,2013-01-01,"hml,smb,mom",mkt,14,5,298,6,4,mom
2010-01-01_to_2013-01-01,2010-01-01,2013-01-01,"hml,smb,mom",mkt,14,5,298,6,5,mom
2010-01-01_to_2013-01-01,2010-01-01,2013-01-01,"hml,smb,mom",mkt,14,5,298,6,6,hml
2010-01-01_to_2013-01-01,2010-01-01,2013-01-01,"hml,smb,mom",mkt,14,5,302,6,1,mom
2010-01-01_to_2013-01-01,2010-01-01,2013-01-01,"hml,smb,mom",mkt,14,5,302,6,2,mom
2010-01-01_to_2013-01-01,2010-01-01,2013-01-01,"hml,smb,mom",mkt,14,5,302,6,3,mom
2010-01-01_to_2013-01-01,2010-01-01,2013-01-01,"hml,smb,mom",mkt,14,5,302,6,4,mom
2010-01-01_to_2013-01-01,2010-01-01,2013-01-01,"hml,smb,mom",mkt,14,5,302,6,5,mom
2010-01-01_to_2013-01-01,2010-01-01,2013-01-01,"hml,smb,mom",mkt,14,5,302,6,6,hml
2010-01-01_to_2013-01-01,2010-01-01,2013-01-01,"hml,smb,mom",mkt,14,5,305,8,1,mom
2010-01-01_to_2013-01-01,2010-01-01,2013-01-01,"hml,smb,mom",mkt,14,5,305,8,2,mom
2010-01-01_to_2013-01-01,2010-01-01,2013-01-01,"hml,smb,mom",mkt,14,5,305,8,3,mom
2010-01-01_to_2013-01-01,2010-01-01,2013-01-01,"hml,smb,mom",mkt,14,5,305,8,4,mom
2010-01-01_to_2013-01-01,2010-01-01,2013-01-01,"hml,smb,mom",mkt,14,5,305,8,5,mom
2010-01-01_to_2013-01-01,2010-01-01,2013-01-01,"hml,smb,mom",mkt,14,5,305,8,6,hml
2010-01-01_to_2013-01-01,2010-01-01,2013-01-01,"hml,smb,mom",mkt,14,5,305,8,7,mom
2010-01-01_to_2013-01-01,2010-01-01,2013-01-01,"hml,smb,mom",mkt,14,5,305,8,8,hml
2010-01-01_to_2013-01-01,2010-01-01,2013-01-01,"hml,smb,mom",mkt,14,5,306,8,1,mom
2010-01-01_to_2013-01-01,2010-01-01,2013-01-01,"hml,smb,mom",mkt,14,5,306,8,2,mom
2010-01-01_to_2013-01-01,2010-01-01,2013-01-01,"hml,smb,mom",mkt,14,5,306,8,3,mom
2010-01-01_to_2013-01-01,2010-01-01,2013-01-01,"hml,smb,mom",mkt,14,5,306,8,4,mom
2010-01-01_to_2013-01-01,2010-01-01,2013-01-01,"hml,smb,mom",mkt,14,5,306,8,5,mom
2010-01-01_to_2013-01-01,2010-01-01,2013-01-01,"hml,smb,mom",mkt,14,5,306,8,6,hml
2010-01-01_to_2013-01-01,2010-01-01,2013-01-01,"hml,smb,mom",mkt,14,5,306,8,7,mom
2010-01-01_to_2013-01-01,2010-01-01,2013-01-01,"hml,smb,mom",mkt,14,5,306,8,8,hml
2010-01-01_to_2013-01-01,2010-01-01,2013-01-01,"hml,smb,mom",mkt,14,5,309,9,1,mom
2010-01-01_to_2013-01-01,2010-01-01,2013-01-01,"hml,smb,mom",mkt,14,5,309,9,2,mom
2010-01-01_to_2013-01-01,2010-01-01,2013-01-01,"hml,smb,mom",mkt,14,5,309,9,3,mom
2010-01-01_to_2013-01-01,2010-01-01,2013-01-01,"hml,smb,mom",mkt,14,5,309,9,4,mom
2010-01-01_to_2013-01-01,2010-01-01,2013-01-01,"hml,smb,mom",mkt,14,5,309,9,5,mom
2010-01-01_to_2013-01-01,2010-01-01,2013-01-01,"hml,smb,mom",mkt,14,5,309,9,6,hml
2010-01-01_to_2013-01-01,2010-01-01,2013-01-01,"hml,smb,mom",mkt,14,5,309,9,7,mom
2010-01-01_to_2013-01-01,2010-01-01,2013-01-01,"hml,smb,mom",mkt,14,5,309,9,8,smb
2010-01-01_to_2013-01-01,2010-01-01,2013-01-01,"hml,smb,mom",mkt,14,5,309,9,9,smb
2010-01-01_to_2013-01-01,2010-01-01,2013-01-01,"hml,smb,mom",mkt,14,5,310,9,1,mom
2010-01-01_to_2013-01-01,2010-01-01,2013-01-01,"hml,smb,mom",mkt,14,5,310,9,2,mom
2010-01-01_to_2013-01-01,2010-01-01,2013-01-01,"hml,smb,mom",mkt,14,5,310,9,3,mom
2010-01-01_to_2013-01-01,2010-01-01,2013-01-01,"hml,smb,mom",mkt,14,5,310,9,4,mom
2010-01-01_to_2013-01-01,2010-01-01,2013-01-01,"hml,smb,mom",mkt,14,5,310,9,5,mom
2010-01-01_to_2013-01-01,2010-01-01,2013-01-01,"hml,smb,mom",mkt,14,5,310,9,6,hml
2010-01-01_to_2013-01-01,2010-01-01,2013-01-01,"hml,smb,mom",mkt,14,5,310,9,7,mom
2010-01-01_to_2013-01-01,2010-01-01,2013-01-01,"hml,smb,mom",mkt,14,5,310,9,8,smb
2010-01-01_to_2013-01-01,2010-01-01,2013-01-01,"hml,smb,mom",mkt,14,5,310,9,9,smb
2010-01-01_to_2013-01-01,2010-01-01,2013-01-01,"hml,smb,mom",mkt,14,5,311,8,1,mom
2010-01-01_to_2013-01-01,2010-01-01,2013-01-01,"hml,smb,mom",mkt,14,5,311,8,2,mom
2010-01-01_to_2013-01-01,2010-01-01,2013-01-01,"hml,smb,mom",mkt,14,5,311,8,3,mom
2010-01-01_to_2013-01-01,2010-01-01,2013-01-01,"hml,smb,mom",mkt,14,5,311,8,4,mom
2010-01-01_to_2013-01-01,2010-01-01,2013-01-01,"hml,smb,mom",mkt,14,5,311,8,5,mom
2010-01-01_to_2013-01-01,2010-01-01,2013-01-01,"hml,smb,mom",mkt,14,5,311,8,6,hml
2010-01-01_to_2013-01-01,2010-01-01,2013-01-01,"hml,smb,mom",mkt,14,5,311,8,7,mom
2010-01-01_to_2013-01-01,2010-01-01,2013-01-01,"hml,smb,mom",mkt,14,5,311,8,8,smb
2010-01-01_to_2013-01-01,2010-01-01,2013-01-01,"hml,smb,mom",mkt,14,5,313,6,1,mom
2010-01-01_to_2013-01-01,2010-01-01,2013-01-01,"hml,smb,mom",mkt,14,5,313,6,2,mom
2010-01-01_to_2013-01-01,2010-01-01,2013-01-01,"hml,smb,mom",mkt,14,5,313,6,3,mom
2010-01-01_to_2013-01-01,2010-01-01,2013-01-01,"hml,smb,mom",mkt,14,5,313,6,4,mom
2010-01-01_to_2013-01-01,2010-01-01,2013-01-01,"hml,smb,mom",mkt,14,5,313,6,5,mom
2010-01-01_to_2013-01-01,2010-01-01,2013-01-01,"hml,smb,mom",mkt,14,5,313,6,6,hml
2010-01-01_to_2013-01-01,2010-01-01,2013-01-01,"hml,smb,mom",mkt,14,5,315,7,1,mom
2010-01-01_to_2013-01-01,2010-01-01,2013-01-01,"hml,smb,mom",mkt,14,5,315,7,2,mom
2010-01-01_to_2013-01-01,2010-01-01,2013-01-01,"hml,smb,mom",mkt,14,5,315,7,3,mom
2010-01-01_to_2013-01-01,2010-01-01,2013-01-01,"hml,smb,mom",mkt,14,5,315,7,4,mom
2010-01-01_to_2013-01-01,2010-01-01,2013-01-01,"hml,smb,mom",mkt,14,5,315,7,5,mom
2010-01-01_to_2013-01-01,2010-01-01,2013-01-01,"hml,smb,mom",mkt,14,5,315,7,6,hml
2010-01-01_to_2013-01-01,2010-01-01,2013-01-01,"hml,smb,mom",mkt,14,5,315,7,7,hml
2010-01-01_to_2013-01-01,2010-01-01,2013-01-01,"hml,smb,mom",mkt,14,5,317,8,1,mom
2010-01-01_to_2013-01-01,2010-01-01,2013-01-01,"hml,smb,mom",mkt,14,5,317,8,2,mom
2010-01-01_to_2013-01-01,2010-01-01,2013-01-01,"hml,smb,mom",mkt,14,5,317,8,3,mom
2010-01-01_to_2013-01-01,2010-01-01,2013-01-01,"hml,smb,mom",mkt,14,5,317,8,4,mom
2010-01-01_to_2013-01-01,2010-01-01,2013-01-01,"hml,smb,mom",mkt,14,5,317,8,5,mom
2010-01-01_to_2013-01-01,2010-01-01,2013-01-01,"hml,smb,mom",mkt,14,5,317,8,6,hml
2010-01-01_to_2013-01-01,2010-01-01,2013-01-01,"hml,smb,mom",mkt,14,5,317,8,7,hml
2010-01-01_to_2013-01-01,2010-01-01,2013-01-01,"hml,smb,mom",mkt,14,5,317,8,8,smb
2010-01-01_to_2013-01-01,2010-01-01,2013-01-01,"hml,smb,mom",mkt,14,5,319,9,1,mom
2010-01-01_to_2013-01-01,2010-01-01,2013-01-01,"hml,smb,mom",mkt,14,5,319,9,2,mom
2010-01-01_to_2013-01-01,2010-01-01,2013-01-01,"hml,smb,mom",mkt,14,5,319,9,3,mom
2010-01-01_to_2013-01-01,2010-01-01,2013-01-01,"hml,smb,mom",mkt,14,5,319,9,4,mom
2010-01-01_to_2013-01-01,2010-01-01,2013-01-01,"hml,smb,mom",mkt,14,5,319,9,5,mom
2010-01-01_to_2013-01-01,2010-01-01,2013-01-01,"hml,smb,mom",mkt,14,5,319,9,6,hml
2010-01-01_to_2013-01-01,2010-01-01,2013-01-01,"hml,smb,mom",mkt,14,5,319,9,7,hml
2010-01-01_to_2013-01-01,2010-01-01,2013-01-01,"hml,smb,mom",mkt,14,5,319,9,8,smb
2010-01-01_to_2013-01-01,2010-01-01,2013-01-01,"hml,smb,mom",mkt,14,5,319,9,9,mom
2010-01-01_to_2013-01-01,2010-01-01,2013-01-01,"hml,smb,mom",mkt,14,5,320,9,1,mom
2010-01-01_to_2013-01-01,2010-01-01,2013-01-01,"hml,smb,mom",mkt,14,5,320,9,2,mom
2010-01-01_to_2013-01-01,2010-01-01,2013-01-01,"hml,smb,mom",mkt,14,5,320,9,3,mom
2010-01-01_to_2013-01-01,2010-01-01,2013-01-01,"hml,smb,mom",mkt,14,5,320,9,4,mom
2010-01-01_to_2013-01-01,2010-01-01,2013-01-01,"hml,smb,mom",mkt,14,5,320,9,5,mom
2010-01-01_to_2013-01-01,2010-01-01,2013-01-01,"hml,smb,mom",mkt,14,5,320,9,6,hml
2010-01-01_to_2013-01-01,2010-01-01,2013-01-01,"hml,smb,mom",mkt,14,5,320,9,7,hml
2010-01-01_to_2013-01-01,2010-01-01,2013-01-01,"hml,smb,mom",mkt,14,5,320,9,8,smb
2010-01-01_to_2013-01-01,2010-01-01,2013-01-01,"hml,smb,mom",mkt,14,5,320,9,9,mom
2010-01-01_to_2013-01-01,2010-01-01,2013-01-01,"hml,smb,mom",mkt,14,5,323,6,1,mom
2010-01-01_to_2013-01-01,2010-01-01,2013-01-01,"hml,smb,mom",mkt,14,5,323,6,2,mom
2010-01-01_to_2013-01-01,2010-01-01,2013-01-01,"hml,smb,mom",mkt,14,5,323,6,3,mom
2010-01-01_to_2013-01-01,2010-01-01,2013-01-01,"hml,smb,mom",mkt,14,5,323,6,4,mom
2010-01-01_to_2013-01-01,2010-01-01,2013-01-01,"hml,smb,mom",mkt,14,5,323,6,5,mom
2010-01-01_to_2013-01-01,2010-01-01,2013-01-01,"hml,smb,mom",mkt,14,5,323,6,6,hml
2010-01-01_to_2013-01-01,2010-01-01,2013-01-01,"hml,smb,mom",mkt,14,5,324,6,1,mom
2010-01-01_to_2013-01-01,2010-01-01,2013-01-01,"hml,smb,mom",mkt,14,5,324,6,2,mom
2010-01-01_to_2013-01-01,2010-01-01,2013-01-01,"hml,smb,mom",mkt,14,5,324,6,3,mom
2010-01-01_to_2013-01-01,2010-01-01,2013-01-01,"hml,smb,mom",mkt,14,5,324,6,4,mom
2010-01-01_to_2013-01-01,2010-01-01,2013-01-01,"hml,smb,mom",mkt,14,5,324,6,5,mom
2010-01-01_to_2013-01-01,2010-01-01,2013-01-01,"hml,smb,mom",mkt,14,5,324,6,6,hml
2010-01-01_to_2013-01-01,2010-01-01,2013-01-01,"hml,smb,mom",mkt,14,5,325,5,1,mom
2010-01-01_to_2013-01-01,2010-01-01,2013-01-01,"hml,smb,mom",mkt,14,5,325,5,2,mom
2010-01-01_to_2013-01-01,2010-01-01,2013-01-01,"hml,smb,mom",mkt,14,5,325,5,3,mom
2010-01-01_to_2013-01-01,2010-01-01,2013-01-01,"hml,smb,mom",mkt,14,5,325,5,4,mom
2010-01-01_to_2013-01-01,2010-01-01,2013-01-01,"hml,smb,mom",mkt,14,5,325,5,5,mom
2010-01-01_to_2013-01-01,2010-01-01,2013-01-01,"hml,smb,mom",mkt,14,5,327,3,1,mom
2010-01-01_to_2013-01-01,2010-01-01,2013-01-01,"hml,smb,mom",mkt,14,5,327,3,2,mom
2010-01-01_to_2013-01-01,2010-01-01,2013-01-01,"hml,smb,mom",mkt,14,5,327,3,3,hml
2010-01-01_to_2013-01-01,2010-01-01,2013-01-01,"hml,smb,mom",mkt,14,5,328,3,1,mom
2010-01-01_to_2013-01-01,2010-01-01,2013-01-01,"hml,smb,mom",mkt,14,5,328,3,2,mom
2010-01-01_to_2013-01-01,2010-01-01,2013-01-01,"hml,smb,mom",mkt,14,5,328,3,3,hml
2010-07-01_to_2013-07-01,2010-07-01,2013-07-01,"hml,smb,mom",mkt,14,5,5,5,1,mom
2010-07-01_to_2013-07-01,2010-07-01,2013-07-01,"hml,smb,mom",mkt,14,5,5,5,2,mom
2010-07-01_to_2013-07-01,2010-07-01,2013-07-01,"hml,smb,mom",mkt,14,5,5,5,3,mom
2010-07-01_to_2013-07-01,2010-07-01,2013-07-01,"hml,smb,mom",mkt,14,5,5,5,4,mom
2010-07-01_to_2013-07-01,2010-07-01,2013-07-01,"hml,smb,mom",mkt,14,5,5,5,5,smb
2010-07-01_to_2013-07-01,2010-07-01,2013-07-01,"hml,smb,mom",mkt,14,5,6,5,1,mom
2010-07-01_to_2013-07-01,2010-07-01,2013-07-01,"hml,smb,mom",mkt,14,5,6,5,2,mom
2010-07-01_to_2013-07-01,2010-07-01,2013-07-01,"hml,smb,mom",mkt,14,5,6,5,3,mom
2010-07-01_to_2013-07-01,2010-07-01,2013-07-01,"hml,smb,mom",mkt,14,5,6,5,4,mom
2010-07-01_to_2013-07-01,2010-07-01,2013-07-01,"hml,smb,mom",mkt,14,5,6,5,5,smb
2010-07-01_to_2013-07-01,2010-07-01,2013-07-01,"hml,smb,mom",mkt,14,5,8,5,1,mom
2010-07-01_to_2013-07-01,2010-07-01,2013-07-01,"hml,smb,mom",mkt,14,5,8,5,2,mom
2010-07-01_to_2013-07-01,2010-07-01,2013-07-01,"hml,smb,mom",mkt,14,5,8,5,3,mom
2010-07-01_to_2013-07-01,2010-07-01,2013-07-01,"hml,smb,mom",mkt,14,5,8,5,4,mom
2010-07-01_to_2013-07-01,2010-07-01,2013-07-01,"hml,smb,mom",mkt,14,5,8,5,5,mom
2010-07-01_to_2013-07-01,2010-07-01,2013-07-01,"hml,smb,mom",mkt,14,5,10,6,1,mom
2010-07-01_to_2013-07-01,2010-07-01,2013-07-01,"hml,smb,mom",mkt,14,5,10,6,2,mom
2010-07-01_to_2013-07-01,2010-07-01,2013-07-01,"hml,smb,mom",mkt,14,5,10,6,3,mom
2010-07-01_to_2013-07-01,2010-07-01,2013-07-01,"hml,smb,mom",mkt,14,5,10,6,4,mom
2010-07-01_to_2013-07-01,2010-07-01,2013-07-01,"hml,smb,mom",mkt,14,5,10,6,5,mom
2010-07-01_to_2013-07-01,2010-07-01,2013-07-01,"hml,smb,mom",mkt,14,5,10,6,6,hml
2010-07-01_to_2013-07-01,2010-07-01,2013-07-01,"hml,smb,mom",mkt,14,5,13,8,1,mom
2010-07-01_to_2013-07-01,2010-07-01,2013-07-01,"hml,smb,mom",mkt,14,5,13,8,2,mom
2010-07-01_to_2013-07-01,2010-07-01,2013-07-01,"hml,smb,mom",mkt,14,5,13,8,3,mom
2010-07-01_to_2013-07-01,2010-07-01,2013-07-01,"hml,smb,mom",mkt,14,5,13,8,4,mom
2010-07-01_to_2013-07-01,2010-07-01,2013-07-01,"hml,smb,mom",mkt,14,5,13,8,5,mom
2010-07-01_to_2013-07-01,2010-07-01,2013-07-01,"hml,smb,mom",mkt,14,5,13,8,6,hml
2010-07-01_to_2013-07-01,2010-07-01,2013-07-01,"hml,smb,mom",mkt,14,5,13,8,7,smb
2010-07-01_to_2013-07-01,2010-07-01,2013-07-01,"hml,smb,mom",mkt,14,5,13,8,8,mom
2010-07-01_to_2013-07-01,2010-07-01,2013-07-01,"hml,smb,mom",mkt,14,5,14,8,1,mom
2010-07-01_to_2013-07-01,2010-07-01,2013-07-01,"hml,smb,mom",mkt,14,5,14,8,2,mom
2010-07-01_to_2013-07-01,2010-07-01,2013-07-01,"hml,smb,mom",mkt,14,5,14,8,3,mom
2010-07-01_to_2013-07-01,2010-07-01,2013-07-01,"hml,smb,mom",mkt,14,5,14,8,4,mom
2010-07-01_to_2013-07-01,2010-07-01,2013-07-01,"hml,smb,mom",mkt,14,5,14,8,5,mom
2010-07-01_to_2013-07-01,2010-07-01,2013-07-01,"hml,smb,mom",mkt,14,5,14,8,6,hml
2010-07-01_to_2013-07-01,2010-07-01,2013-07-01,"hml,smb,mom",mkt,14,5,14,8,7,smb
2010-07-01_to_2013-07-01,2010-07-01,2013-07-01,"hml,smb,mom",mkt,14,5,14,8,8,mom
2010-07-01_to_2013-07-01,2010-07-01,2013-07-01,"hml,smb,mom",mkt,14,5,16,8,1,mom
2010-07-01_to_2013-07-01,2010-07-01,2013-07-01,"hml,smb,mom",mkt,14,5,16,8,2,mom
2010-07-01_to_2013-07-01,2010-07-01,2013-07-01,"hml,smb,mom",mkt,14,5,16,8,3,mom
2010-07-01_to_2013-07-01,2010-07-01,2013-07-01,"hml,smb,mom",mkt,14,5,16,8,4,mom
2010-07-01_to_2013-07-01,2010-07-01,2013-07-01,"hml,smb,mom",mkt,14,5,16,8,5,mom
2010-07-01_to_2013-07-01,2010-07-01,2013-07-01,"hml,smb,mom",mkt,14,5,16,8,6,hml
2010-07-01_to_2013-07-01,2010-07-01,2013-07-01,"hml,smb,mom",mkt,14,5,16,8,7,smb
2010-07-01_to_2013-07-01,2010-07-01,2013-07-01,"hml,smb,mom",mkt,14,5,16,8,8,hml
2010-07-01_to_2013-07-01,2010-07-01,2013-07-01,"hml,smb,mom",mkt,14,5,18,9,1,mom
2010-07-01_to_2013-07-01,2010-07-01,2013-07-01,"hml,smb,mom",mkt,14,5,18,9,2,mom
2010-07-01_to_2013-07-01,2010-07-01,2013-07-01,"hml,smb,mom",mkt,14,5,18,9,3,mom
2010-07-01_to_2013-07-01,2010-07-01,2013-07-01,"hml,smb,mom",mkt,14,5,18,9,4,mom
2010-07-01_to_2013-07-01,2010-07-01,2013-07-01,"hml,smb,mom",mkt,14,5,18,9,5,mom
2010-07-01_to_2013-07-01,2010-07-01,2013-07-01,"hml,smb,mom",mkt,14,5,18,9,6,hml
2010-07-01_to_2013-07-01,2010-07-01,2013-07-01,"hml,smb,mom",mkt,14,5,18,9,7,smb
2010-07-01_to_2013-07-01,2010-07-01,2013-07-01,"hml,smb,mom",mkt,14,5,18,9,8,hml
2010-07-01_to_2013-07-01,2010-07-01,2013-07-01,"hml,smb,mom",mkt,14,5,18,9,9,hml
2010-07-01_to_2013-07-01,2010-07-01,2013-07-01,"hml,smb,mom",mkt,14,5,19,9,1,mom
2010-07-01_to_2013-07-01,2010-07-01,2013-07-01,"hml,smb,mom",mkt,14,5,19,9,2,mom
2010-07-01_to_2013-07-01,2010-07-01,2013-07-01,"hml,smb,mom",mkt,14,5,19,9,3,mom
2010-07-01_to_2013-07-01,2010-07-01,2013-07-01,"hml,smb,mom",mkt,14,5,19,9,4,mom
2010-07-01_to_2013-07-01,2010-07-01,2013-07-01,"hml,smb,mom",mkt,14,5,19,9,5,mom
2010-07-01_to_2013-07-01,2010-07-01,2013-07-01,"hml,smb,mom",mkt,14,5,19,9,6,hml
2010-07-01_to_2013-07-01,2010-07-01,2013-07-01,"hml,smb,mom",mkt,14,5,19,9,7,smb
2010-07-01_to_2013-07-01,2010-07-01,2013-07-01,"hml,smb,mom",mkt,14,5,19,9,8,hml
2010-07-01_to_2013-07-01,2010-07-01,2013-07-01,"hml,smb,mom",mkt,14,5,19,9,9,hml
2010-07-01_to_2013-07-01,2010-07-01,2013-07-01,"hml,smb,mom",mkt,14,5,23,6,1,mom
2010-07-01_to_2013-07-01,2010-07-01,2013-07-01,"hml,smb,mom",mkt,14,5,23,6,2,mom
2010-07-01_to_2013-07-01,2010-07-01,2013-07-01,"hml,smb,mom",mkt,14,5,23,6,3,mom
2010-07-01_to_2013-07-01,2010-07-01,2013-07-01,"hml,smb,mom",mkt,14,5,23,6,4,mom
2010-07-01_to_2013-07-01,2010-07-01,2013-07-01,"hml,smb,mom",mkt,14,5,23,6,5,mom
2010-07-01_to_2013-07-01,2010-07-01,2013-07-01,"hml,smb,mom",mkt,14,5,23,6,6,hml
2010-07-01_to_2013-07-01,2010-07-01,2013-07-01,"hml,smb,mom",mkt,14,5,24,6,1,mom
2010-07-01_to_2013-07-01,2010-07-01,2013-07-01,"hml,smb,mom",mkt,14,5,24,6,2,mom
2010-07-01_to_2013-07-01,2010-07-01,2013-07-01,"hml,smb,mom",mkt,14,5,24,6,3,mom
2010-07-01_to_2013-07-01,2010-07-01,2013-07-01,"hml,smb,mom",mkt,14,5,24,6,4,mom
2010-07-01_to_2013-07-01,2010-07-01,2013-07-01,"hml,smb,mom",mkt,14,5,24,6,5,mom
2010-07-01_to_2013-07-01,2010-07-01,2013-07-01,"hml,smb,mom",mkt,14,5,24,6,6,hml
2010-07-01_to_2013-07-01,2010-07-01,2013-07-01,"hml,smb,mom",mkt,14,5,27,7,1,mom
2010-07-01_to_2013-07-01,2010-07-01,2013-07-01,"hml,smb,mom",mkt,14,5,27,7,2,mom
2010-07-01_to_2013-07-01,2010-07-01,2013-07-01,"hml,smb,mom",mkt,14,5,27,7,3,mom
2010-07-01_to_2013-07-01,2010-07-01,2013-07-01,"hml,smb,mom",mkt,14,5,27,7,4,mom
2010-07-01_to_2013-07-01,2010-07-01,2013-07-01,"hml,smb,mom",mkt,14,5,27,7,5,mom
2010-07-01_to_2013-07-01,2010-07-01,2013-07-01,"hml,smb,mom",mkt,14,5,27,7,6,smb
2010-07-01_to_2013-07-01,2010-07-01,2013-07-01,"hml,smb,mom",mkt,14,5,27,7,7,smb
2010-07-01_to_2013-07-01,2010-07-01,2013-07-01,"hml,smb,mom",mkt,14,5,30,9,1,mom
2010-07-01_to_2013-07-01,2010-07-01,2013-07-01,"hml,smb,mom",mkt,14,5,30,9,2,mom
2010-07-01_to_2013-07-01,2010-07-01,2013-07-01,"hml,smb,mom",mkt,14,5,30,9,3,mom
2010-07-01_to_2013-07-01,2010-07-01,2013-07-01,"hml,smb,mom",mkt,14,5,30,9,4,mom
2010-07-01_to_2013-07-01,2010-07-01,2013-07-01,"hml,smb,mom",mkt,14,5,30,9,5,mom
2010-07-01_to_2013-07-01,2010-07-01,2013-07-01,"hml,smb,mom",mkt,14,5,30,9,6,smb
2010-07-01_to_2013-07-01,2010-07-01,2013-07-01,"hml,smb,mom",mkt,14,5,30,9,7,smb
2010-07-01_to_2013-07-01,2010-07-01,2013-07-01,"hml,smb,mom",mkt,14,5,30,9,8,mom
2010-07-01_to_2013-07-01,2010-07-01,2013-07-01,"hml,smb,mom",mkt,14,5,30,9,9,smb
2010-07-01_to_2013-07-01,2010-07-01,2013-07-01,"hml,smb,mom",mkt,14,5,31,9,1,mom
2010-07-01_to_2013-07-01,2010-07-01,2013-07-01,"hml,smb,mom",mkt,14,5,31,9,2,mom
2010-07-01_to_2013-07-01,2010-07-01,2013-07-01,"hml,smb,mom",mkt,14,5,31,9,3,mom
2010-07-01_to_2013-07-01,2010-07-01,2013-07-01,"hml,smb,mom",mkt,14,5,31,9,4,mom
2010-07-01_to_2013-07-01,2010-07-01,2013-07-01,"hml,smb,mom",mkt,14,5,31,9,5,mom
2010-07-01_to_2013-07-01,2010-07-01,2013-07-01,"hml,smb,mom",mkt,14,5,31,9,6,smb
2010-07-01_to_2013-07-01,2010-07-01,2013-07-01,"hml,smb,mom",mkt,14,5,31,9,7,smb
2010-07-01_to_2013-07-01,2010-07-01,2013-07-01,"hml,smb,mom",mkt,14,5,31,9,8,mom
2010-07-01_to_2013-07-01,2010-07-01,2013-07-01,"hml,smb,mom",mkt,14,5,31,9,9,smb
2010-07-01_to_2013-07-01,2010-07-01,2013-07-01,"hml,smb,mom",mkt,14,5,33,9,1,mom
2010-07-01_to_2013-07-01,2010-07-01,2013-07-01,"hml,smb,mom",mkt,14,5,33,9,2,mom
2010-07-01_to_2013-07-01,2010-07-01,2013-07-01,"hml,smb,mom",mkt,14,5,33,9,3,mom
2010-07-01_to_2013-07-01,2010-07-01,2013-07-01,"hml,smb,mom",mkt,14,5,33,9,4,mom
2010-07-01_to_2013-07-01,2010-07-01,2013-07-01,"hml,smb,mom",mkt,14,5,33,9,5,mom
2010-07-01_to_2013-07-01,2010-07-01,2013-07-01,"hml,smb,mom",mkt,14,5,33,9,6,smb
2010-07-01_to_2013-07-01,2010-07-01,2013-07-01,"hml,smb,mom",mkt,14,5,33,9,7,smb
2010-07-01_to_2013-07-01,2010-07-01,2013-07-01,"hml,smb,mom",mkt,14,5,33,9,8,mom
2010-07-01_to_2013-07-01,2010-07-01,2013-07-01,"hml,smb,mom",mkt,14,5,33,9,9,smb
2010-07-01_to_2013-07-01,2010-07-01,2013-07-01,"hml,smb,mom",mkt,14,5,34,9,1,mom
2010-07-01_to_2013-07-01,2010-07-01,2013-07-01,"hml,smb,mom",mkt,14,5,34,9,2,mom
2010-07-01_to_2013-07-01,2010-07-01,2013-07-01,"hml,smb,mom",mkt,14,5,34,9,3,mom
2010-07-01_to_2013-07-01,2010-07-01,2013-07-01,"hml,smb,mom",mkt,14,5,34,9,4,mom
2010-07-01_to_2013-07-01,2010-07-01,2013-07-01,"hml,smb,mom",mkt,14,5,34,9,5,mom
2010-07-01_to_2013-07-01,2010-07-01,2013-07-01,"hml,smb,mom",mkt,14,5,34,9,6,smb
2010-07-01_to_2013-07-01,2010-07-01,2013-07-01,"hml,smb,mom",mkt,14,5,34,9,7,smb
2010-07-01_to_2013-07-01,2010-07-01,2013-07-01,"hml,smb,mom",mkt,14,5,34,9,8,mom
2010-07-01_to_2013-07-01,2010-07-01,2013-07-01,"hml,smb,mom",mkt,14,5,34,9,9,smb
2010-07-01_to_2013-07-01,2010-07-01,2013-07-01,"hml,smb,mom",mkt,14,5,38,9,1,mom
2010-07-01_to_2013-07-01,2010-07-01,2013-07-01,"hml,smb,mom",mkt,14,5,38,9,2,mom
2010-07-01_to_2013-07-01,2010-07-01,2013-07-01,"hml,smb,mom",mkt,14,5,38,9,3,mom
2010-07-01_to_2013-07-01,2010-07-01,2013-07-01,"hml,smb,mom",mkt,14,5,38,9,4,mom
2010-07-01_to_2013-07-01,2010-07-01,2013-07-01,"hml,smb,mom",mkt,14,5,38,9,5,mom
2010-07-01_to_2013-07-01,2010-07-01,2013-07-01,"hml,smb,mom",mkt,14,5,38,9,6,smb
2010-07-01_to_2013-07-01,2010-07-01,2013-07-01,"hml,smb,mom",mkt,14,5,38,9,7,hml
2010-07-01_to_2013-07-01,2010-07-01,2013-07-01,"hml,smb,mom",mkt,14,5,38,9,8,hml
2010-07-01_to_2013-07-01,2010-07-01,2013-07-01,"hml,smb,mom",mkt,14,5,38,9,9,smb
2010-07-01_to_2013-07-01,2010-07-01,2013-07-01,"hml,smb,mom",mkt,14,5,39,9,1,mom
2010-07-01_to_2013-07-01,2010-07-01,2013-07-01,"hml,smb,mom",mkt,14,5,39,9,2,mom
2010-07-01_to_2013-07-01,2010-07-01,2013-07-01,"hml,smb,mom",mkt,14,5,39,9,3,mom
2010-07-01_to_2013-07-01,2010-07-01,2013-07-01,"hml,smb,mom",mkt,14,5,39,9,4,mom
2010-07-01_to_2013-07-01,2010-07-01,2013-07-01,"hml,smb,mom",mkt,14,5,39,9,5,mom
2010-07-01_to_2013-07-01,2010-07-01,2013-07-01,"hml,smb,mom",mkt,14,5,39,9,6,smb
2010-07-01_to_2013-07-01,2010-07-01,2013-07-01,"hml,smb,mom",mkt,14,5,39,9,7,hml
2010-07-01_to_2013-07-01,2010-07-01,2013-07-01,"hml,smb,mom",mkt,14,5,39,9,8,hml
2010-07-01_to_2013-07-01,2010-07-01,2013-07-01,"hml,smb,mom",mkt,14,5,39,9,9,smb
2010-07-01_to_2013-07-01,2010-07-01,2013-07-01,"hml,smb,mom",mkt,14,5,40,8,1,mom
2010-07-01_to_2013-07-01,2010-07-01,2013-07-01,"hml,smb,mom",mkt,14,5,40,8,2,mom
2010-07-01_to_2013-07-01,2010-07-01,2013-07-01,"hml,smb,mom",mkt,14,5,40,8,3,mom
2010-07-01_to_2013-07-01,2010-07-01,2013-07-01,"hml,smb,mom",mkt,14,5,40,8,4,mom
2010-07-01_to_2013-07-01,2010-07-01,2013-07-01,"hml,smb,mom",mkt,14,5,40,8,5,mom
2010-07-01_to_2013-07-01,2010-07-01,2013-07-01,"hml,smb,mom",mkt,14,5,40,8,6,smb
2010-07-01_to_2013-07-01,2010-07-01,2013-07-01,"hml,smb,mom",mkt,14,5,40,8,7,hml
2010-07-01_to_2013-07-01,2010-07-01,2013-07-01,"hml,smb,mom",mkt,14,5,40,8,8,hml
2010-07-01_to_2013-07-01,2010-07-01,2013-07-01,"hml,smb,mom",mkt,14,5,43,9,1,mom
2010-07-01_to_2013-07-01,2010-07-01,2013-07-01,"hml,smb,mom",mkt,14,5,43,9,2,mom
2010-07-01_to_2013-07-01,2010-07-01,2013-07-01,"hml,smb,mom",mkt,14,5,43,9,3,mom
2010-07-01_to_2013-07-01,2010-07-01,2013-07-01,"hml,smb,mom",mkt,14,5,43,9,4,mom
2010-07-01_to_2013-07-01,2010-07-01,2013-07-01,"hml,smb,mom",mkt,14,5,43,9,5,mom
2010-07-01_to_2013-07-01,2010-07-01,2013-07-01,"hml,smb,mom",mkt,14,5,43,9,6,smb
2010-07-01_to_2013-07-01,2010-07-01,2013-07-01,"hml,smb,mom",mkt,14,5,43,9,7,hml
2010-07-01_to_2013-07-01,2010-07-01,2013-07-01,"hml,smb,mom",mkt,14,5,43,9,8,hml
2010-07-01_to_2013-07-01,2010-07-01,2013-07-01,"hml,smb,mom",mkt,14,5,43,9,9,hml
2010-07-01_to_2013-07-01,2010-07-01,2013-07-01,"hml,smb,mom",mkt,14,5,44,9,1,mom
2010-07-01_to_2013-07-01,2010-07-01,2013-07-01,"hml,smb,mom",mkt,14,5,44,9,2,mom
2010-07-01_to_2013-07-01,2010-07-01,2013-07-01,"hml,smb,mom",mkt,14,5,44,9,3,mom
2010-07-01_to_2013-07-01,2010-07-01,2013-07-01,"hml,smb,mom",mkt,14,5,44,9,4,mom
2010-07-01_to_2013-07-01,2010-07-01,2013-07-01,"hml,smb,mom",mkt,14,5,44,9,5,mom
2010-07-01_to_2013-07-01,2010-07-01,2013-07-01,"hml,smb,mom",mkt,14,5,44,9,6,smb
2010-07-01_to_2013-07-01,2010-07-01,2013-07-01,"hml,smb,mom",mkt,14,5,44,9,7,hml
2010-07-01_to_2013-07-01,2010-07-01,2013-07-01,"hml,smb,mom",mkt,14,5,44,9,8,hml
2010-07-01_to_2013-07-01,2010-07-01,2013-07-01,"hml,smb,mom",mkt,14,5,44,9,9,hml
2010-07-01_to_2013-07-01,2010-07-01,2013-07-01,"hml,smb,mom",mkt,14,5,46,9,1,mom
2010-07-01_to_2013-07-01,2010-07-01,2013-07-01,"hml,smb,mom",mkt,14,5,46,9,2,mom
2010-07-01_to_2013-07-01,2010-07-01,2013-07-01,"hml,smb,mom",mkt,14,5,46,9,3,mom
2010-07-01_to_2013-07-01,2010-07-01,2013-07-01,"hml,smb,mom",mkt,14,5,46,9,4,mom
2010-07-01_to_2013-07-01,2010-07-01,2013-07-01,"hml,smb,mom",mkt,14,5,46,9,5,mom
2010-07-01_to_2013-07-01,2010-07-01,2013-07-01,"hml,smb,mom",mkt,14,5,46,9,6,smb
2010-07-01_to_2013-07-01,2010-07-01,2013-07-01,"hml,smb,mom",mkt,14,5,46,9,7,hml
2010-07-01_to_2013-07-01,2010-07-01,2013-07-01,"hml,smb,mom",mkt,14,5,46,9,8,hml
2010-07-01_to_2013-07-01,2010-07-01,2013-07-01,"hml,smb,mom",mkt,14,5,46,9,9,mom
2010-07-01_to_2013-07-01,2010-07-01,2013-07-01,"hml,smb,mom",mkt,14,5,47,9,1,mom
2010-07-01_to_2013-07-01,2010-07-01,2013-07-01,"hml,smb,mom",mkt,14,5,47,9,2,mom
2010-07-01_to_2013-07-01,2010-07-01,2013-07-01,"hml,smb,mom",mkt,14,5,47,9,3,mom
2010-07-01_to_2013-07-01,2010-07-01,2013-07-01,"hml,smb,mom",mkt,14,5,47,9,4,mom
2010-07-01_to_2013-07-01,2010-07-01,2013-07-01,"hml,smb,mom",mkt,14,5,47,9,5,mom
2010-07-01_to_2013-07-01,2010-07-01,2013-07-01,"hml,smb,mom",mkt,14,5,47,9,6,smb
2010-07-01_to_2013-07-01,2010-07-01,2013-07-01,"hml,smb,mom",mkt,14,5,47,9,7,hml
2010-07-01_to_2013-07-01,2010-07-01,2013-07-01,"hml,smb,mom",mkt,14,5,47,9,8,hml
2010-07-01_to_2013-07-01,2010-07-01,2013-07-01,"hml,smb,mom",mkt,14,5,47,9,9,mom
2010-07-01_to_2013-07-01,2010-07-01,2013-07-01,"hml,smb,mom",mkt,14,5,50,6,1,mom
2010-07-01_to_2013-07-01,2010-07-01,2013-07-01,"hml,smb,mom",mkt,14,5,50,6,2,mom
2010-07-01_to_2013-07-01,2010-07-01,2013-07-01,"hml,smb,mom",mkt,14,5,50,6,3,mom
2010-07-01_to_2013-07-01,2010-07-01,2013-07-01,"hml,smb,mom",mkt,14,5,50,6,4,mom
2010-07-01_to_2013-07-01,2010-07-01,2013-07-01,"hml,smb,mom",mkt,14,5,50,6,5,smb
2010-07-01_to_2013-07-01,2010-07-01,2013-07-01,"hml,smb,mom",mkt,14,5,50,6,6,hml
2010-07-01_to_2013-07-01,2010-07-01,2013-07-01,"hml,smb,mom",mkt,14,5,52,7,1,mom
2010-07-01_to_2013-07-01,2010-07-01,2013-07-01,"hml,smb,mom",mkt,14,5,52,7,2,mom
2010-07-01_to_2013-07-01,2010-07-01,2013-07-01,"hml,smb,mom",mkt,14,5,52,7,3,mom
2010-07-01_to_2013-07-01,2010-07-01,2013-07-01,"hml,smb,mom",mkt,14,5,52,7,4,mom
2010-07-01_to_2013-07-01,2010-07-01,2013-07-01,"hml,smb,mom",mkt,14,5,52,7,5,smb
2010-07-01_to_2013-07-01,2010-07-01,2013-07-01,"hml,smb,mom",mkt,14,5,52,7,6,hml
2010-07-01_to_2013-07-01,2010-07-01,2013-07-01,"hml,smb,mom",mkt,14,5,52,7,7,mom
2010-07-01_to_2013-07-01,2010-07-01,2013-07-01,"hml,smb,mom",mkt,14,5,54,8,1,mom
2010-07-01_to_2013-07-01,2010-07-01,2013-07-01,"hml,smb,mom",mkt,14,5,54,8,2,mom
2010-07-01_to_2013-07-01,2010-07-01,2013-07-01,"hml,smb,mom",mkt,14,5,54,8,3,mom
2010-07-01_to_2013-07-01,2010-07-01,2013-07-01,"hml,smb,mom",mkt,14,5,54,8,4,mom
2010-07-01_to_2013-07-01,2010-07-01,2013-07-01,"hml,smb,mom",mkt,14,5,54,8,5,smb
2010-07-01_to_2013-07-01,2010-07-01,2013-07-01,"hml,smb,mom",mkt,14,5,54,8,6,hml
2010-07-01_to_2013-07-01,2010-07-01,2013-07-01,"hml,smb,mom",mkt,14,5,54,8,7,mom
2010-07-01_to_2013-07-01,2010-07-01,2013-07-01,"hml,smb,mom",mkt,14,5,54,8,8,smb
2010-07-01_to_2013-07-01,2010-07-01,2013-07-01,"hml,smb,mom",mkt,14,5,55,8,1,mom
2010-07-01_to_2013-07-01,2010-07-01,2013-07-01,"hml,smb,mom",mkt,14,5,55,8,2,mom
2010-07-01_to_2013-07-01,2010-07-01,2013-07-01,"hml,smb,mom",mkt,14,5,55,8,3,mom
2010-07-01_to_2013-07-01,2010-07-01,2013-07-01,"hml,smb,mom",mkt,14,5,55,8,4,mom
2010-07-01_to_2013-07-01,2010-07-01,2013-07-01,"hml,smb,mom",mkt,14,5,55,8,5,smb
2010-07-01_to_2013-07-01,2010-07-01,2013-07-01,"hml,smb,mom",mkt,14,5,55,8,6,hml
2010-07-01_to_2013-07-01,2010-07-01,2013-07-01,"hml,smb,mom",mkt,14,5,55,8,7,mom
2010-07-01_to_2013-07-01,2010-07-01,2013-07-01,"hml,smb,mom",mkt,14,5,55,8,8,smb
2010-07-01_to_2013-07-01,2010-07-01,2013-07-01,"hml,smb,mom",mkt,14,5,59,8,1,mom
2010-07-01_to_2013-07-01,2010-07-01,2013-07-01,"hml,smb,mom",mkt,14,5,59,8,2,mom
2010-07-01_to_2013-07-01,2010-07-01,2013-07-01,"hml,smb,mom",mkt,14,5,59,8,3,mom
2010-07-01_to_2013-07-01,2010-07-01,2013-07-01,"hml,smb,mom",mkt,14,5,59,8,4,mom
2010-07-01_to_2013-07-01,2010-07-01,2013-07-01,"hml,smb,mom",mkt,14,5,59,8,5,smb
2010-07-01_to_2013-07-01,2010-07-01,2013-07-01,"hml,smb,mom",mkt,14,5,59,8,6,hml
2010-07-01_to_2013-07-01,2010-07-01,2013-07-01,"hml,smb,mom",mkt,14,5,59,8,7,hml
2010-07-01_to_2013-07-01,2010-07-01,2013-07-01,"hml,smb,mom",mkt,14,5,59,8,8,hml
2010-07-01_to_2013-07-01,2010-07-01,2013-07-01,"hml,smb,mom",mkt,14,5,60,8,1,mom
2010-07-01_to_2013-07-01,2010-07-01,2013-07-01,"hml,smb,mom",mkt,14,5,60,8,2,mom
2010-07-01_to_2013-07-01,2010-07-01,2013-07-01,"hml,smb,mom",mkt,14,5,60,8,3,mom
2010-07-01_to_2013-07-01,2010-07-01,2013-07-01,"hml,smb,mom",mkt,14,5,60,8,4,mom
2010-07-01_to_2013-07-01,2010-07-01,2013-07-01,"hml,smb,mom",mkt,14,5,60,8,5,smb
2010-07-01_to_2013-07-01,2010-07-01,2013-07-01,"hml,smb,mom",mkt,14,5,60,8,6,hml
2010-07-01_to_2013-07-01,2010-07-01,2013-07-01,"hml,smb,mom",mkt,14,5,60,8,7,hml
2010-07-01_to_2013-07-01,2010-07-01,2013-07-01,"hml,smb,mom",mkt,14,5,60,8,8,hml
2010-07-01_to_2013-07-01,2010-07-01,2013-07-01,"hml,smb,mom",mkt,14,5,61,7,1,mom
2010-07-01_to_2013-07-01,2010-07-01,2013-07-01,"hml,smb,mom",mkt,14,5,61,7,2,mom
2010-07-01_to_2013-07-01,2010-07-01,2013-07-01,"hml,smb,mom",mkt,14,5,61,7,3,mom
2010-07-01_to_2013-07-01,2010-07-01,2013-07-01,"hml,smb,mom",mkt,14,5,61,7,4,mom
2010-07-01_to_2013-07-01,2010-07-01,2013-07-01,"hml,smb,mom",mkt,14,5,61,7,5,smb
2010-07-01_to_2013-07-01,2010-07-01,2013-07-01,"hml,smb,mom",mkt,14,5,61,7,6,hml
2010-07-01_to_2013-07-01,2010-07-01,2013-07-01,"hml,smb,mom",mkt,14,5,61,7,7,hml
2010-07-01_to_2013-07-01,2010-07-01,2013-07-01,"hml,smb,mom",mkt,14,5,62,6,1,mom
2010-07-01_to_2013-07-01,2010-07-01,2013-07-01,"hml,smb,mom",mkt,14,5,62,6,2,mom
2010-07-01_to_2013-07-01,2010-07-01,2013-07-01,"hml,smb,mom",mkt,14,5,62,6,3,mom
2010-07-01_to_2013-07-01,2010-07-01,2013-07-01,"hml,smb,mom",mkt,14,5,62,6,4,mom
2010-07-01_to_2013-07-01,2010-07-01,2013-07-01,"hml,smb,mom",mkt,14,5,62,6,5,smb
2010-07-01_to_2013-07-01,2010-07-01,2013-07-01,"hml,smb,mom",mkt,14,5,62,6,6,hml
2010-07-01_to_2013-07-01,2010-07-01,2013-07-01,"hml,smb,mom",mkt,14,5,67,6,1,mom
2010-07-01_to_2013-07-01,2010-07-01,2013-07-01,"hml,smb,mom",mkt,14,5,67,6,2,mom
2010-07-01_to_2013-07-01,2010-07-01,2013-07-01,"hml,smb,mom",mkt,14,5,67,6,3,mom
2010-07-01_to_2013-07-01,2010-07-01,2013-07-01,"hml,smb,mom",mkt,14,5,67,6,4,mom
2010-07-01_to_2013-07-01,2010-07-01,2013-07-01,"hml,smb,mom",mkt,14,5,67,6,5,smb
2010-07-01_to_2013-07-01,2010-07-01,2013-07-01,"hml,smb,mom",mkt,14,5,67,6,6,mom
2010-07-01_to_2013-07-01,2010-07-01,2013-07-01,"hml,smb,mom",mkt,14,5,68,6,1,mom
2010-07-01_to_2013-07-01,2010-07-01,2013-07-01,"hml,smb,mom",mkt,14,5,68,6,2,mom
2010-07-01_to_2013-07-01,2010-07-01,2013-07-01,"hml,smb,mom",mkt,14,5,68,6,3,mom
2010-07-01_to_2013-07-01,2010-07-01,2013-07-01,"hml,smb,mom",mkt,14,5,68,6,4,mom
2010-07-01_to_2013-07-01,2010-07-01,2013-07-01,"hml,smb,mom",mkt,14,5,68,6,5,smb
2010-07-01_to_2013-07-01,2010-07-01,2013-07-01,"hml,smb,mom",mkt,14,5,68,6,6,mom
2010-07-01_to_2013-07-01,2010-07-01,2013-07-01,"hml,smb,mom",mkt,14,5,71,7,1,mom
2010-07-01_to_2013-07-01,2010-07-01,2013-07-01,"hml,smb,mom",mkt,14,5,71,7,2,mom
2010-07-01_to_2013-07-01,2010-07-01,2013-07-01,"hml,smb,mom",mkt,14,5,71,7,3,mom
2010-07-01_to_2013-07-01,2010-07-01,2013-07-01,"hml,smb,mom",mkt,14,5,71,7,4,mom
2010-07-01_to_2013-07-01,2010-07-01,2013-07-01,"hml,smb,mom",mkt,14,5,71,7,5,smb
2010-07-01_to_2013-07-01,2010-07-01,2013-07-01,"hml,smb,mom",mkt,14,5,71,7,6,hml
2010-07-01_to_2013-07-01,2010-07-01,2013-07-01,"hml,smb,mom",mkt,14,5,71,7,7,smb
2010-07-01_to_2013-07-01,2010-07-01,2013-07-01,"hml,smb,mom",mkt,14,5,72,7,1,mom
2010-07-01_to_2013-07-01,2010-07-01,2013-07-01,"hml,smb,mom",mkt,14,5,72,7,2,mom
2010-07-01_to_2013-07-01,2010-07-01,2013-07-01,"hml,smb,mom",mkt,14,5,72,7,3,mom
2010-07-01_to_2013-07-01,2010-07-01,2013-07-01,"hml,smb,mom",mkt,14,5,72,7,4,mom
2010-07-01_to_2013-07-01,2010-07-01,2013-07-01,"hml,smb,mom",mkt,14,5,72,7,5,smb
2010-07-01_to_2013-07-01,2010-07-01,2013-07-01,"hml,smb,mom",mkt,14,5,72,7,6,hml
2010-07-01_to_2013-07-01,2010-07-01,2013-07-01,"hml,smb,mom",mkt,14,5,72,7,7,smb
2010-07-01_to_2013-07-01,2010-07-01,2013-07-01,"hml,smb,mom",mkt,14,5,76,9,1,mom
2010-07-01_to_2013-07-01,2010-07-01,2013-07-01,"hml,smb,mom",mkt,14,5,76,9,2,mom
2010-07-01_to_2013-07-01,2010-07-01,2013-07-01,"hml,smb,mom",mkt,14,5,76,9,3,mom
2010-07-01_to_2013-07-01,2010-07-01,2013-07-01,"hml,smb,mom",mkt,14,5,76,9,4,mom
2010-07-01_to_2013-07-01,2010-07-01,2013-07-01,"hml,smb,mom",mkt,14,5,76,9,5,smb
2010-07-01_to_2013-07-01,2010-07-01,2013-07-01,"hml,smb,mom",mkt,14,5,76,9,6,hml
2010-07-01_to_2013-07-01,2010-07-01,2013-07-01,"hml,smb,mom",mkt,14,5,76,9,7,smb
2010-07-01_to_2013-07-01,2010-07-01,2013-07-01,"hml,smb,mom",mkt,14,5,76,9,8,smb
2010-07-01_to_2013-07-01,2010-07-01,2013-07-01,"hml,smb,mom",mkt,14,5,76,9,9,mom
2010-07-01_to_2013-07-01,2010-07-01,2013-07-01,"hml,smb,mom",mkt,14,5,77,9,1,mom
2010-07-01_to_2013-07-01,2010-07-01,2013-07-01,"hml,smb,mom",mkt,14,5,77,9,2,mom
2010-07-01_to_2013-07-01,2010-07-01,2013-07-01,"hml,smb,mom",mkt,14,5,77,9,3,mom
2010-07-01_to_2013-07-01,2010-07-01,2013-07-01,"hml,smb,mom",mkt,14,5,77,9,4,mom
2010-07-01_to_2013-07-01,2010-07-01,2013-07-01,"hml,smb,mom",mkt,14,5,77,9,5,smb
2010-07-01_to_2013-07-01,2010-07-01,2013-07-01,"hml,smb,mom",mkt,14,5,77,9,6,hml
2010-07-01_to_2013-07-01,2010-07-01,2013-07-01,"hml,smb,mom",mkt,14,5,77,9,7,smb
2010-07-01_to_2013-07-01,2010-07-01,2013-07-01,"hml,smb,mom",mkt,14,5,77,9,8,smb
2010-07-01_to_2013-07-01,2010-07-01,2013-07-01,"hml,smb,mom",mkt,14,5,77,9,9,mom
2010-07-01_to_2013-07-01,2010-07-01,2013-07-01,"hml,smb,mom",mkt,14,5,80,10,1,mom
2010-07-01_to_2013-07-01,2010-07-01,2013-07-01,"hml,smb,mom",mkt,14,5,80,10,2,mom
2010-07-01_to_2013-07-01,2010-07-01,2013-07-01,"hml,smb,mom",mkt,14,5,80,10,3,mom
2010-07-01_to_2013-07-01,2010-07-01,2013-07-01,"hml,smb,mom",mkt,14,5,80,10,4,mom
2010-07-01_to_2013-07-01,2010-07-01,2013-07-01,"hml,smb,mom",mkt,14,5,80,10,5,smb
2010-07-01_to_2013-07-01,2010-07-01,2013-07-01,"hml,smb,mom",mkt,14,5,80,10,6,hml
2010-07-01_to_2013-07-01,2010-07-01,2013-07-01,"hml,smb,mom",mkt,14,5,80,10,7,smb
2010-07-01_to_2013-07-01,2010-07-01,2013-07-01,"hml,smb,mom",mkt,14,5,80,10,8,smb
2010-07-01_to_2013-07-01,2010-07-01,2013-07-01,"hml,smb,mom",mkt,14,5,80,10,9,hml
2010-07-01_to_2013-07-01,2010-07-01,2013-07-01,"hml,smb,mom",mkt,14,5,80,10,10,smb
2010-07-01_to_2013-07-01,2010-07-01,2013-07-01,"hml,smb,mom",mkt,14,5,82,11,1,mom
2010-07-01_to_2013-07-01,2010-07-01,2013-07-01,"hml,smb,mom",mkt,14,5,82,11,2,mom
2010-07-01_to_2013-07-01,2010-07-01,2013-07-01,"hml,smb,mom",mkt,14,5,82,11,3,mom
2010-07-01_to_2013-07-01,2010-07-01,2013-07-01,"hml,smb,mom",mkt,14,5,82,11,4,mom
2010-07-01_to_2013-07-01,2010-07-01,2013-07-01,"hml,smb,mom",mkt,14,5,82,11,5,smb
2010-07-01_to_2013-07-01,2010-07-01,2013-07-01,"hml,smb,mom",mkt,14,5,82,11,6,hml
2010-07-01_to_2013-07-01,2010-07-01,2013-07-01,"hml,smb,mom",mkt,14,5,82,11,7,smb
2010-07-01_to_2013-07-01,2010-07-01,2013-07-01,"hml,smb,mom",mkt,14,5,82,11,8,smb
2010-07-01_to_2013-07-01,2010-07-01,2013-07-01,"hml,smb,mom",mkt,14,5,82,11,9,hml
2010-07-01_to_2013-07-01,2010-07-01,2013-07-01,"hml,smb,mom",mkt,14,5,82,11,10,smb
2010-07-01_to_2013-07-01,2010-07-01,2013-07-01,"hml,smb,mom",mkt,14,5,82,11,11,mom
2010-07-01_to_2013-07-01,2010-07-01,2013-07-01,"hml,smb,mom",mkt,14,5,83,11,1,mom
2010-07-01_to_2013-07-01,2010-07-01,2013-07-01,"hml,smb,mom",mkt,14,5,83,11,2,mom
2010-07-01_to_2013-07-01,2010-07-01,2013-07-01,"hml,smb,mom",mkt,14,5,83,11,3,mom
2010-07-01_to_2013-07-01,2010-07-01,2013-07-01,"hml,smb,mom",mkt,14,5,83,11,4,mom
2010-07-01_to_2013-07-01,2010-07-01,2013-07-01,"hml,smb,mom",mkt,14,5,83,11,5,smb
2010-07-01_to_2013-07-01,2010-07-01,2013-07-01,"hml,smb,mom",mkt,14,5,83,11,6,hml
2010-07-01_to_2013-07-01,2010-07-01,2013-07-01,"hml,smb,mom",mkt,14,5,83,11,7,smb
2010-07-01_to_2013-07-01,2010-07-01,2013-07-01,"hml,smb,mom",mkt,14,5,83,11,8,smb
2010-07-01_to_2013-07-01,2010-07-01,2013-07-01,"hml,smb,mom",mkt,14,5,83,11,9,hml
2010-07-01_to_2013-07-01,2010-07-01,2013-07-01,"hml,smb,mom",mkt,14,5,83,11,10,smb
2010-07-01_to_2013-07-01,2010-07-01,2013-07-01,"hml,smb,mom",mkt,14,5,83,11,11,mom
2010-07-01_to_2013-07-01,2010-07-01,2013-07-01,"hml,smb,mom",mkt,14,5,84,9,1,mom
2010-07-01_to_2013-07-01,2010-07-01,2013-07-01,"hml,smb,mom",mkt,14,5,84,9,2,mom
2010-07-01_to_2013-07-01,2010-07-01,2013-07-01,"hml,smb,mom",mkt,14,5,84,9,3,mom
2010-07-01_to_2013-07-01,2010-07-01,2013-07-01,"hml,smb,mom",mkt,14,5,84,9,4,mom
2010-07-01_to_2013-07-01,2010-07-01,2013-07-01,"hml,smb,mom",mkt,14,5,84,9,5,smb
2010-07-01_to_2013-07-01,2010-07-01,2013-07-01,"hml,smb,mom",mkt,14,5,84,9,6,hml
2010-07-01_to_2013-07-01,2010-07-01,2013-07-01,"hml,smb,mom",mkt,14,5,84,9,7,smb
2010-07-01_to_2013-07-01,2010-07-01,2013-07-01,"hml,smb,mom",mkt,14,5,84,9,8,smb
2010-07-01_to_2013-07-01,2010-07-01,2013-07-01,"hml,smb,mom",mkt,14,5,84,9,9,hml
2010-07-01_to_2013-07-01,2010-07-01,2013-07-01,"hml,smb,mom",mkt,14,5,86,8,1,mom
2010-07-01_to_2013-07-01,2010-07-01,2013-07-01,"hml,smb,mom",mkt,14,5,86,8,2,mom
2010-07-01_to_2013-07-01,2010-07-01,2013-07-01,"hml,smb,mom",mkt,14,5,86,8,3,mom
2010-07-01_to_2013-07-01,2010-07-01,2013-07-01,"hml,smb,mom",mkt,14,5,86,8,4,mom
2010-07-01_to_2013-07-01,2010-07-01,2013-07-01,"hml,smb,mom",mkt,14,5,86,8,5,smb
2010-07-01_to_2013-07-01,2010-07-01,2013-07-01,"hml,smb,mom",mkt,14,5,86,8,6,hml
2010-07-01_to_2013-07-01,2010-07-01,2013-07-01,"hml,smb,mom",mkt,14,5,86,8,7,smb
2010-07-01_to_2013-07-01,2010-07-01,2013-07-01,"hml,smb,mom",mkt,14,5,86,8,8,hml
2010-07-01_to_2013-07-01,2010-07-01,2013-07-01,"hml,smb,mom",mkt,14,5,89,10,1,mom
2010-07-01_to_2013-07-01,2010-07-01,2013-07-01,"hml,smb,mom",mkt,14,5,89,10,2,mom
2010-07-01_to_2013-07-01,2010-07-01,2013-07-01,"hml,smb,mom",mkt,14,5,89,10,3,mom
2010-07-01_to_2013-07-01,2010-07-01,2013-07-01,"hml,smb,mom",mkt,14,5,89,10,4,mom
2010-07-01_to_2013-07-01,2010-07-01,2013-07-01,"hml,smb,mom",mkt,14,5,89,10,5,smb
2010-07-01_to_2013-07-01,2010-07-01,2013-07-01,"hml,smb,mom",mkt,14,5,89,10,6,hml
2010-07-01_to_2013-07-01,2010-07-01,2013-07-01,"hml,smb,mom",mkt,14,5,89,10,7,smb
2010-07-01_to_2013-07-01,2010-07-01,2013-07-01,"hml,smb,mom",mkt,14,5,89,10,8,hml
2010-07-01_to_2013-07-01,2010-07-01,2013-07-01,"hml,smb,mom",mkt,14,5,89,10,9,smb
2010-07-01_to_2013-07-01,2010-07-01,2013-07-01,"hml,smb,mom",mkt,14,5,89,10,10,mom
2010-07-01_to_2013-07-01,2010-07-01,2013-07-01,"hml,smb,mom",mkt,14,5,90,10,1,mom
2010-07-01_to_2013-07-01,2010-07-01,2013-07-01,"hml,smb,mom",mkt,14,5,90,10,2,mom
2010-07-01_to_2013-07-01,2010-07-01,2013-07-01,"hml,smb,mom",mkt,14,5,90,10,3,mom
2010-07-01_to_2013-07-01,2010-07-01,2013-07-01,"hml,smb,mom",mkt,14,5,90,10,4,mom
2010-07-01_to_2013-07-01,2010-07-01,2013-07-01,"hml,smb,mom",mkt,14,5,90,10,5,smb
2010-07-01_to_2013-07-01,2010-07-01,2013-07-01,"hml,smb,mom",mkt,14,5,90,10,6,hml
2010-07-01_to_2013-07-01,2010-07-01,2013-07-01,"hml,smb,mom",mkt,14,5,90,10,7,smb
2010-07-01_to_2013-07-01,2010-07-01,2013-07-01,"hml,smb,mom",mkt,14,5,90,10,8,hml
2010-07-01_to_2013-07-01,2010-07-01,2013-07-01,"hml,smb,mom",mkt,14,5,90,10,9,smb
2010-07-01_to_2013-07-01,2010-07-01,2013-07-01,"hml,smb,mom",mkt,14,5,90,10,10,mom
2010-07-01_to_2013-07-01,2010-07-01,2013-07-01,"hml,smb,mom",mkt,14,5,91,9,1,mom
2010-07-01_to_2013-07-01,2010-07-01,2013-07-01,"hml,smb,mom",mkt,14,5,91,9,2,mom
2010-07-01_to_2013-07-01,2010-07-01,2013-07-01,"hml,smb,mom",mkt,14,5,91,9,3,mom
2010-07-01_to_2013-07-01,2010-07-01,2013-07-01,"hml,smb,mom",mkt,14,5,91,9,4,mom
2010-07-01_to_2013-07-01,2010-07-01,2013-07-01,"hml,smb,mom",mkt,14,5,91,9,5,smb
2010-07-01_to_2013-07-01,2010-07-01,2013-07-01,"hml,smb,mom",mkt,14,5,91,9,6,hml
2010-07-01_to_2013-07-01,2010-07-01,2013-07-01,"hml,smb,mom",mkt,14,5,91,9,7,smb
2010-07-01_to_2013-07-01,2010-07-01,2013-07-01,"hml,smb,mom",mkt,14,5,91,9,8,hml
2010-07-01_to_2013-07-01,2010-07-01,2013-07-01,"hml,smb,mom",mkt,14,5,91,9,9,smb
2010-07-01_to_2013-07-01,2010-07-01,2013-07-01,"hml,smb,mom",mkt,14,5,95,7,1,mom
2010-07-01_to_2013-07-01,2010-07-01,2013-07-01,"hml,smb,mom",mkt,14,5,95,7,2,mom
2010-07-01_to_2013-07-01,2010-07-01,2013-07-01,"hml,smb,mom",mkt,14,5,95,7,3,mom
2010-07-01_to_2013-07-01,2010-07-01,2013-07-01,"hml,smb,mom",mkt,14,5,95,7,4,mom
2010-07-01_to_2013-07-01,2010-07-01,2013-07-01,"hml,smb,mom",mkt,14,5,95,7,5,hml
2010-07-01_to_2013-07-01,2010-07-01,2013-07-01,"hml,smb,mom",mkt,14,5,95,7,6,hml
2010-07-01_to_2013-07-01,2010-07-01,2013-07-01,"hml,smb,mom",mkt,14,5,95,7,7,smb
2010-07-01_to_2013-07-01,2010-07-01,2013-07-01,"hml,smb,mom",mkt,14,5,96,7,1,mom
2010-07-01_to_2013-07-01,2010-07-01,2013-07-01,"hml,smb,mom",mkt,14,5,96,7,2,mom
2010-07-01_to_2013-07-01,2010-07-01,2013-07-01,"hml,smb,mom",mkt,14,5,96,7,3,mom
2010-07-01_to_2013-07-01,2010-07-01,2013-07-01,"hml,smb,mom",mkt,14,5,96,7,4,mom
2010-07-01_to_2013-07-01,2010-07-01,2013-07-01,"hml,smb,mom",mkt,14,5,96,7,5,hml
2010-07-01_to_2013-07-01,2010-07-01,2013-07-01,"hml,smb,mom",mkt,14,5,96,7,6,hml
2010-07-01_to_2013-07-01,2010-07-01,2013-07-01,"hml,smb,mom",mkt,14,5,96,7,7,smb
2010-07-01_to_2013-07-01,2010-07-01,2013-07-01,"hml,smb,mom",mkt,14,5,100,9,1,mom
2010-07-01_to_2013-07-01,2010-07-01,2013-07-01,"hml,smb,mom",mkt,14,5,100,9,2,mom
2010-07-01_to_2013-07-01,2010-07-01,2013-07-01,"hml,smb,mom",mkt,14,5,100,9,3,mom
2010-07-01_to_2013-07-01,2010-07-01,2013-07-01,"hml,smb,mom",mkt,14,5,100,9,4,mom
2010-07-01_to_2013-07-01,2010-07-01,2013-07-01,"hml,smb,mom",mkt,14,5,100,9,5,hml
2010-07-01_to_2013-07-01,2010-07-01,2013-07-01,"hml,smb,mom",mkt,14,5,100,9,6,hml
2010-07-01_to_2013-07-01,2010-07-01,2013-07-01,"hml,smb,mom",mkt,14,5,100,9,7,smb
2010-07-01_to_2013-07-01,2010-07-01,2013-07-01,"hml,smb,mom",mkt,14,5,100,9,8,mom
2010-07-01_to_2013-07-01,2010-07-01,2013-07-01,"hml,smb,mom",mkt,14,5,100,9,9,smb
2010-07-01_to_2013-07-01,2010-07-01,2013-07-01,"hml,smb,mom",mkt,14,5,101,9,1,mom
2010-07-01_to_2013-07-01,2010-07-01,2013-07-01,"hml,smb,mom",mkt,14,5,101,9,2,mom
2010-07-01_to_2013-07-01,2010-07-01,2013-07-01,"hml,smb,mom",mkt,14,5,101,9,3,mom
2010-07-01_to_2013-07-01,2010-07-01,2013-07-01,"hml,smb,mom",mkt,14,5,101,9,4,mom
2010-07-01_to_2013-07-01,2010-07-01,2013-07-01,"hml,smb,mom",mkt,14,5,101,9,5,hml
2010-07-01_to_2013-07-01,2010-07-01,2013-07-01,"hml,smb,mom",mkt,14,5,101,9,6,hml
2010-07-01_to_2013-07-01,2010-07-01,2013-07-01,"hml,smb,mom",mkt,14,5,101,9,7,smb
2010-07-01_to_2013-07-01,2010-07-01,2013-07-01,"hml,smb,mom",mkt,14,5,101,9,8,mom
2010-07-01_to_2013-07-01,2010-07-01,2013-07-01,"hml,smb,mom",mkt,14,5,101,9,9,smb
2010-07-01_to_2013-07-01,2010-07-01,2013-07-01,"hml,smb,mom",mkt,14,5,102,8,1,mom
2010-07-01_to_2013-07-01,2010-07-01,2013-07-01,"hml,smb,mom",mkt,14,5,102,8,2,mom
2010-07-01_to_2013-07-01,2010-07-01,2013-07-01,"hml,smb,mom",mkt,14,5,102,8,3,mom
2010-07-01_to_2013-07-01,2010-07-01,2013-07-01,"hml,smb,mom",mkt,14,5,102,8,4,mom
2010-07-01_to_2013-07-01,2010-07-01,2013-07-01,"hml,smb,mom",mkt,14,5,102,8,5,hml
2010-07-01_to_2013-07-01,2010-07-01,2013-07-01,"hml,smb,mom",mkt,14,5,102,8,6,hml
2010-07-01_to_2013-07-01,2010-07-01,2013-07-01,"hml,smb,mom",mkt,14,5,102,8,7,smb
2010-07-01_to_2013-07-01,2010-07-01,2013-07-01,"hml,smb,mom",mkt,14,5,102,8,8,mom
2010-07-01_to_2013-07-01,2010-07-01,2013-07-01,"hml,smb,mom",mkt,14,5,105,9,1,mom
2010-07-01_to_2013-07-01,2010-07-01,2013-07-01,"hml,smb,mom",mkt,14,5,105,9,2,mom
2010-07-01_to_2013-07-01,2010-07-01,2013-07-01,"hml,smb,mom",mkt,14,5,105,9,3,mom
2010-07-01_to_2013-07-01,2010-07-01,2013-07-01,"hml,smb,mom",mkt,14,5,105,9,4,mom
2010-07-01_to_2013-07-01,2010-07-01,2013-07-01,"hml,smb,mom",mkt,14,5,105,9,5,hml
2010-07-01_to_2013-07-01,2010-07-01,2013-07-01,"hml,smb,mom",mkt,14,5,105,9,6,hml
2010-07-01_to_2013-07-01,2010-07-01,2013-07-01,"hml,smb,mom",mkt,14,5,105,9,7,smb
2010-07-01_to_2013-07-01,2010-07-01,2013-07-01,"hml,smb,mom",mkt,14,5,105,9,8,mom
2010-07-01_to_2013-07-01,2010-07-01,2013-07-01,"hml,smb,mom",mkt,14,5,105,9,9,mom
2010-07-01_to_2013-07-01,2010-07-01,2013-07-01,"hml,smb,mom",mkt,14,5,107,10,1,mom
2010-07-01_to_2013-07-01,2010-07-01,2013-07-01,"hml,smb,mom",mkt,14,5,107,10,2,mom
2010-07-01_to_2013-07-01,2010-07-01,2013-07-01,"hml,smb,mom",mkt,14,5,107,10,3,mom
2010-07-01_to_2013-07-01,2010-07-01,2013-07-01,"hml,smb,mom",mkt,14,5,107,10,4,mom
2010-07-01_to_2013-07-01,2010-07-01,2013-07-01,"hml,smb,mom",mkt,14,5,107,10,5,hml
2010-07-01_to_2013-07-01,2010-07-01,2013-07-01,"hml,smb,mom",mkt,14,5,107,10,6,hml
2010-07-01_to_2013-07-01,2010-07-01,2013-07-01,"hml,smb,mom",mkt,14,5,107,10,7,smb
2010-07-01_to_2013-07-01,2010-07-01,2013-07-01,"hml,smb,mom",mkt,14,5,107,10,8,mom
2010-07-01_to_2013-07-01,2010-07-01,2013-07-01,"hml,smb,mom",mkt,14,5,107,10,9,mom
2010-07-01_to_2013-07-01,2010-07-01,2013-07-01,"hml,smb,mom",mkt,14,5,107,10,10,hml
2010-07-01_to_2013-07-01,2010-07-01,2013-07-01,"hml,smb,mom",mkt,14,5,109,11,1,mom
2010-07-01_to_2013-07-01,2010-07-01,2013-07-01,"hml,smb,mom",mkt,14,5,109,11,2,mom
2010-07-01_to_2013-07-01,2010-07-01,2013-07-01,"hml,smb,mom",mkt,14,5,109,11,3,mom
2010-07-01_to_2013-07-01,2010-07-01,2013-07-01,"hml,smb,mom",mkt,14,5,109,11,4,mom
2010-07-01_to_2013-07-01,2010-07-01,2013-07-01,"hml,smb,mom",mkt,14,5,109,11,5,hml
2010-07-01_to_2013-07-01,2010-07-01,2013-07-01,"hml,smb,mom",mkt,14,5,109,11,6,hml
2010-07-01_to_2013-07-01,2010-07-01,2013-07-01,"hml,smb,mom",mkt,14,5,109,11,7,smb
2010-07-01_to_2013-07-01,2010-07-01,2013-07-01,"hml,smb,mom",mkt,14,5,109,11,8,mom
2010-07-01_to_2013-07-01,2010-07-01,2013-07-01,"hml,smb,mom",mkt,14,5,109,11,9,mom
2010-07-01_to_2013-07-01,2010-07-01,2013-07-01,"hml,smb,mom",mkt,14,5,109,11,10,hml
2010-07-01_to_2013-07-01,2010-07-01,2013-07-01,"hml,smb,mom",mkt,14,5,109,11,11,mom
2010-07-01_to_2013-07-01,2010-07-01,2013-07-01,"hml,smb,mom",mkt,14,5,111,12,1,mom
2010-07-01_to_2013-07-01,2010-07-01,2013-07-01,"hml,smb,mom",mkt,14,5,111,12,2,mom
2010-07-01_to_2013-07-01,2010-07-01,2013-07-01,"hml,smb,mom",mkt,14,5,111,12,3,mom
2010-07-01_to_2013-07-01,2010-07-01,2013-07-01,"hml,smb,mom",mkt,14,5,111,12,4,mom
2010-07-01_to_2013-07-01,2010-07-01,2013-07-01,"hml,smb,mom",mkt,14,5,111,12,5,hml
2010-07-01_to_2013-07-01,2010-07-01,2013-07-01,"hml,smb,mom",mkt,14,5,111,12,6,hml
2010-07-01_to_2013-07-01,2010-07-01,2013-07-01,"hml,smb,mom",mkt,14,5,111,12,7,smb
2010-07-01_to_2013-07-01,2010-07-01,2013-07-01,"hml,smb,mom",mkt,14,5,111,12,8,mom
2010-07-01_to_2013-07-01,2010-07-01,2013-07-01,"hml,smb,mom",mkt,14,5,111,12,9,mom
2010-07-01_to_2013-07-01,2010-07-01,2013-07-01,"hml,smb,mom",mkt,14,5,111,12,10,hml
2010-07-01_to_2013-07-01,2010-07-01,2013-07-01,"hml,smb,mom",mkt,14,5,111,12,11,mom
2010-07-01_to_2013-07-01,2010-07-01,2013-07-01,"hml,smb,mom",mkt,14,5,111,12,12,hml
2010-07-01_to_2013-07-01,2010-07-01,2013-07-01,"hml,smb,mom",mkt,14,5,112,12,1,mom
2010-07-01_to_2013-07-01,2010-07-01,2013-07-01,"hml,smb,mom",mkt,14,5,112,12,2,mom
2010-07-01_to_2013-07-01,2010-07-01,2013-07-01,"hml,smb,mom",mkt,14,5,112,12,3,mom
2010-07-01_to_2013-07-01,2010-07-01,2013-07-01,"hml,smb,mom",mkt,14,5,112,12,4,mom
2010-07-01_to_2013-07-01,2010-07-01,2013-07-01,"hml,smb,mom",mkt,14,5,112,12,5,hml
2010-07-01_to_2013-07-01,2010-07-01,2013-07-01,"hml,smb,mom",mkt,14,5,112,12,6,hml
2010-07-01_to_2013-07-01,2010-07-01,2013-07-01,"hml,smb,mom",mkt,14,5,112,12,7,smb
2010-07-01_to_2013-07-01,2010-07-01,2013-07-01,"hml,smb,mom",mkt,14,5,112,12,8,mom
2010-07-01_to_2013-07-01,2010-07-01,2013-07-01,"hml,smb,mom",mkt,14,5,112,12,9,mom
2010-07-01_to_2013-07-01,2010-07-01,2013-07-01,"hml,smb,mom",mkt,14,5,112,12,10,hml
2010-07-01_to_2013-07-01,2010-07-01,2013-07-01,"hml,smb,mom",mkt,14,5,112,12,11,mom
2010-07-01_to_2013-07-01,2010-07-01,2013-07-01,"hml,smb,mom",mkt,14,5,112,12,12,hml
2010-07-01_to_2013-07-01,2010-07-01,2013-07-01,"hml,smb,mom",mkt,14,5,114,9,1,mom
2010-07-01_to_2013-07-01,2010-07-01,2013-07-01,"hml,smb,mom",mkt,14,5,114,9,2,mom
2010-07-01_to_2013-07-01,2010-07-01,2013-07-01,"hml,smb,mom",mkt,14,5,114,9,3,mom
2010-07-01_to_2013-07-01,2010-07-01,2013-07-01,"hml,smb,mom",mkt,14,5,114,9,4,mom
2010-07-01_to_2013-07-01,2010-07-01,2013-07-01,"hml,smb,mom",mkt,14,5,114,9,5,hml
2010-07-01_to_2013-07-01,2010-07-01,2013-07-01,"hml,smb,mom",mkt,14,5,114,9,6,hml
2010-07-01_to_2013-07-01,2010-07-01,2013-07-01,"hml,smb,mom",mkt,14,5,114,9,7,smb
2010-07-01_to_2013-07-01,2010-07-01,2013-07-01,"hml,smb,mom",mkt,14,5,114,9,8,mom
2010-07-01_to_2013-07-01,2010-07-01,2013-07-01,"hml,smb,mom",mkt,14,5,114,9,9,smb
2010-07-01_to_2013-07-01,2010-07-01,2013-07-01,"hml,smb,mom",mkt,14,5,115,9,1,mom
2010-07-01_to_2013-07-01,2010-07-01,2013-07-01,"hml,smb,mom",mkt,14,5,115,9,2,mom
2010-07-01_to_2013-07-01,2010-07-01,2013-07-01,"hml,smb,mom",mkt,14,5,115,9,3,mom
2010-07-01_to_2013-07-01,2010-07-01,2013-07-01,"hml,smb,mom",mkt,14,5,115,9,4,mom
2010-07-01_to_2013-07-01,2010-07-01,2013-07-01,"hml,smb,mom",mkt,14,5,115,9,5,hml
2010-07-01_to_2013-07-01,2010-07-01,2013-07-01,"hml,smb,mom",mkt,14,5,115,9,6,hml
2010-07-01_to_2013-07-01,2010-07-01,2013-07-01,"hml,smb,mom",mkt,14,5,115,9,7,smb
2010-07-01_to_2013-07-01,2010-07-01,2013-07-01,"hml,smb,mom",mkt,14,5,115,9,8,mom
2010-07-01_to_2013-07-01,2010-07-01,2013-07-01,"hml,smb,mom",mkt,14,5,115,9,9,smb
2010-07-01_to_2013-07-01,2010-07-01,2013-07-01,"hml,smb,mom",mkt,14,5,118,7,1,mom
2010-07-01_to_2013-07-01,2010-07-01,2013-07-01,"hml,smb,mom",mkt,14,5,118,7,2,mom
2010-07-01_to_2013-07-01,2010-07-01,2013-07-01,"hml,smb,mom",mkt,14,5,118,7,3,mom
2010-07-01_to_2013-07-01,2010-07-01,2013-07-01,"hml,smb,mom",mkt,14,5,118,7,4,mom
2010-07-01_to_2013-07-01,2010-07-01,2013-07-01,"hml,smb,mom",mkt,14,5,118,7,5,hml
2010-07-01_to_2013-07-01,2010-07-01,2013-07-01,"hml,smb,mom",mkt,14,5,118,7,6,mom
2010-07-01_to_2013-07-01,2010-07-01,2013-07-01,"hml,smb,mom",mkt,14,5,118,7,7,smb
2010-07-01_to_2013-07-01,2010-07-01,2013-07-01,"hml,smb,mom",mkt,14,5,119,7,1,mom
2010-07-01_to_2013-07-01,2010-07-01,2013-07-01,"hml,smb,mom",mkt,14,5,119,7,2,mom
2010-07-01_to_2013-07-01,2010-07-01,2013-07-01,"hml,smb,mom",mkt,14,5,119,7,3,mom
2010-07-01_to_2013-07-01,2010-07-01,2013-07-01,"hml,smb,mom",mkt,14,5,119,7,4,mom
2010-07-01_to_2013-07-01,2010-07-01,2013-07-01,"hml,smb,mom",mkt,14,5,119,7,5,hml
2010-07-01_to_2013-07-01,2010-07-01,2013-07-01,"hml,smb,mom",mkt,14,5,119,7,6,mom
2010-07-01_to_2013-07-01,2010-07-01,2013-07-01,"hml,smb,mom",mkt,14,5,119,7,7,smb
2010-07-01_to_2013-07-01,2010-07-01,2013-07-01,"hml,smb,mom",mkt,14,5,122,8,1,mom
2010-07-01_to_2013-07-01,2010-07-01,2013-07-01,"hml,smb,mom",mkt,14,5,122,8,2,mom
2010-07-01_to_2013-07-01,2010-07-01,2013-07-01,"hml,smb,mom",mkt,14,5,122,8,3,mom
2010-07-01_to_2013-07-01,2010-07-01,2013-07-01,"hml,smb,mom",mkt,14,5,122,8,4,mom
2010-07-01_to_2013-07-01,2010-07-01,2013-07-01,"hml,smb,mom",mkt,14,5,122,8,5,hml
2010-07-01_to_2013-07-01,2010-07-01,2013-07-01,"hml,smb,mom",mkt,14,5,122,8,6,mom
2010-07-01_to_2013-07-01,2010-07-01,2013-07-01,"hml,smb,mom",mkt,14,5,122,8,7,smb
2010-07-01_to_2013-07-01,2010-07-01,2013-07-01,"hml,smb,mom",mkt,14,5,122,8,8,mom
2010-07-01_to_2013-07-01,2010-07-01,2013-07-01,"hml,smb,mom",mkt,14,5,123,8,1,mom
2010-07-01_to_2013-07-01,2010-07-01,2013-07-01,"hml,smb,mom",mkt,14,5,123,8,2,mom
2010-07-01_to_2013-07-01,2010-07-01,2013-07-01,"hml,smb,mom",mkt,14,5,123,8,3,mom
2010-07-01_to_2013-07-01,2010-07-01,2013-07-01,"hml,smb,mom",mkt,14,5,123,8,4,mom
2010-07-01_to_2013-07-01,2010-07-01,2013-07-01,"hml,smb,mom",mkt,14,5,123,8,5,hml
2010-07-01_to_2013-07-01,2010-07-01,2013-07-01,"hml,smb,mom",mkt,14,5,123,8,6,mom
2010-07-01_to_2013-07-01,2010-07-01,2013-07-01,"hml,smb,mom",mkt,14,5,123,8,7,smb
2010-07-01_to_2013-07-01,2010-07-01,2013-07-01,"hml,smb,mom",mkt,14,5,123,8,8,mom
2010-07-01_to_2013-07-01,2010-07-01,2013-07-01,"hml,smb,mom",mkt,14,5,125,8,1,mom
2010-07-01_to_2013-07-01,2010-07-01,2013-07-01,"hml,smb,mom",mkt,14,5,125,8,2,mom
2010-07-01_to_2013-07-01,2010-07-01,2013-07-01,"hml,smb,mom",mkt,14,5,125,8,3,mom
2010-07-01_to_2013-07-01,2010-07-01,2013-07-01,"hml,smb,mom",mkt,14,5,125,8,4,mom
2010-07-01_to_2013-07-01,2010-07-01,2013-07-01,"hml,smb,mom",mkt,14,5,125,8,5,hml
2010-07-01_to_2013-07-01,2010-07-01,2013-07-01,"hml,smb,mom",mkt,14,5,125,8,6,mom
2010-07-01_to_2013-07-01,2010-07-01,2013-07-01,"hml,smb,mom",mkt,14,5,125,8,7,smb
2010-07-01_to_2013-07-01,2010-07-01,2013-07-01,"hml,smb,mom",mkt,14,5,125,8,8,smb
2010-07-01_to_2013-07-01,2010-07-01,2013-07-01,"hml,smb,mom",mkt,14,5,127,9,1,mom
2010-07-01_to_2013-07-01,2010-07-01,2013-07-01,"hml,smb,mom",mkt,14,5,127,9,2,mom
2010-07-01_to_2013-07-01,2010-07-01,2013-07-01,"hml,smb,mom",mkt,14,5,127,9,3,mom
2010-07-01_to_2013-07-01,2010-07-01,2013-07-01,"hml,smb,mom",mkt,14,5,127,9,4,mom
2010-07-01_to_2013-07-01,2010-07-01,2013-07-01,"hml,smb,mom",mkt,14,5,127,9,5,hml
2010-07-01_to_2013-07-01,2010-07-01,2013-07-01,"hml,smb,mom",mkt,14,5,127,9,6,mom
2010-07-01_to_2013-07-01,2010-07-01,2013-07-01,"hml,smb,mom",mkt,14,5,127,9,7,smb
2010-07-01_to_2013-07-01,2010-07-01,2013-07-01,"hml,smb,mom",mkt,14,5,127,9,8,smb
2010-07-01_to_2013-07-01,2010-07-01,2013-07-01,"hml,smb,mom",mkt,14,5,127,9,9,mom
2010-07-01_to_2013-07-01,2010-07-01,2013-07-01,"hml,smb,mom",mkt,14,5,130,11,1,mom
2010-07-01_to_2013-07-01,2010-07-01,2013-07-01,"hml,smb,mom",mkt,14,5,130,11,2,mom
2010-07-01_to_2013-07-01,2010-07-01,2013-07-01,"hml,smb,mom",mkt,14,5,130,11,3,mom
2010-07-01_to_2013-07-01,2010-07-01,2013-07-01,"hml,smb,mom",mkt,14,5,130,11,4,mom
2010-07-01_to_2013-07-01,2010-07-01,2013-07-01,"hml,smb,mom",mkt,14,5,130,11,5,hml
2010-07-01_to_2013-07-01,2010-07-01,2013-07-01,"hml,smb,mom",mkt,14,5,130,11,6,mom
2010-07-01_to_2013-07-01,2010-07-01,2013-07-01,"hml,smb,mom",mkt,14,5,130,11,7,smb
2010-07-01_to_2013-07-01,2010-07-01,2013-07-01,"hml,smb,mom",mkt,14,5,130,11,8,smb
2010-07-01_to_2013-07-01,2010-07-01,2013-07-01,"hml,smb,mom",mkt,14,5,130,11,9,mom
2010-07-01_to_2013-07-01,2010-07-01,2013-07-01,"hml,smb,mom",mkt,14,5,130,11,10,smb
2010-07-01_to_2013-07-01,2010-07-01,2013-07-01,"hml,smb,mom",mkt,14,5,130,11,11,smb
2010-07-01_to_2013-07-01,2010-07-01,2013-07-01,"hml,smb,mom",mkt,14,5,131,11,1,mom
2010-07-01_to_2013-07-01,2010-07-01,2013-07-01,"hml,smb,mom",mkt,14,5,131,11,2,mom
2010-07-01_to_2013-07-01,2010-07-01,2013-07-01,"hml,smb,mom",mkt,14,5,131,11,3,mom
2010-07-01_to_2013-07-01,2010-07-01,2013-07-01,"hml,smb,mom",mkt,14,5,131,11,4,mom
2010-07-01_to_2013-07-01,2010-07-01,2013-07-01,"hml,smb,mom",mkt,14,5,131,11,5,hml
2010-07-01_to_2013-07-01,2010-07-01,2013-07-01,"hml,smb,mom",mkt,14,5,131,11,6,mom
2010-07-01_to_2013-07-01,2010-07-01,2013-07-01,"hml,smb,mom",mkt,14,5,131,11,7,smb
2010-07-01_to_2013-07-01,2010-07-01,2013-07-01,"hml,smb,mom",mkt,14,5,131,11,8,smb
2010-07-01_to_2013-07-01,2010-07-01,2013-07-01,"hml,smb,mom",mkt,14,5,131,11,9,mom
2010-07-01_to_2013-07-01,2010-07-01,2013-07-01,"hml,smb,mom",mkt,14,5,131,11,10,smb
2010-07-01_to_2013-07-01,2010-07-01,2013-07-01,"hml,smb,mom",mkt,14,5,131,11,11,smb
2010-07-01_to_2013-07-01,2010-07-01,2013-07-01,"hml,smb,mom",mkt,14,5,134,12,1,mom
2010-07-01_to_2013-07-01,2010-07-01,2013-07-01,"hml,smb,mom",mkt,14,5,134,12,2,mom
2010-07-01_to_2013-07-01,2010-07-01,2013-07-01,"hml,smb,mom",mkt,14,5,134,12,3,mom
2010-07-01_to_2013-07-01,2010-07-01,2013-07-01,"hml,smb,mom",mkt,14,5,134,12,4,mom
2010-07-01_to_2013-07-01,2010-07-01,2013-07-01,"hml,smb,mom",mkt,14,5,134,12,5,hml
2010-07-01_to_2013-07-01,2010-07-01,2013-07-01,"hml,smb,mom",mkt,14,5,134,12,6,mom
2010-07-01_to_2013-07-01,2010-07-01,2013-07-01,"hml,smb,mom",mkt,14,5,134,12,7,smb
2010-07-01_to_2013-07-01,2010-07-01,2013-07-01,"hml,smb,mom",mkt,14,5,134,12,8,smb
2010-07-01_to_2013-07-01,2010-07-01,2013-07-01,"hml,smb,mom",mkt,14,5,134,12,9,mom
2010-07-01_to_2013-07-01,2010-07-01,2013-07-01,"hml,smb,mom",mkt,14,5,134,12,10,smb
2010-07-01_to_2013-07-01,2010-07-01,2013-07-01,"hml,smb,mom",mkt,14,5,134,12,11,smb
2010-07-01_to_2013-07-01,2010-07-01,2013-07-01,"hml,smb,mom",mkt,14,5,134,12,12,smb
2010-07-01_to_2013-07-01,2010-07-01,2013-07-01,"hml,smb,mom",mkt,14,5,135,12,1,mom
2010-07-01_to_2013-07-01,2010-07-01,2013-07-01,"hml,smb,mom",mkt,14,5,135,12,2,mom
2010-07-01_to_2013-07-01,2010-07-01,2013-07-01,"hml,smb,mom",mkt,14,5,135,12,3,mom
2010-07-01_to_2013-07-01,2010-07-01,2013-07-01,"hml,smb,mom",mkt,14,5,135,12,4,mom
2010-07-01_to_2013-07-01,2010-07-01,2013-07-01,"hml,smb,mom",mkt,14,5,135,12,5,hml
2010-07-01_to_2013-07-01,2010-07-01,2013-07-01,"hml,smb,mom",mkt,14,5,135,12,6,mom
2010-07-01_to_2013-07-01,2010-07-01,2013-07-01,"hml,smb,mom",mkt,14,5,135,12,7,smb
2010-07-01_to_2013-07-01,2010-07-01,2013-07-01,"hml,smb,mom",mkt,14,5,135,12,8,smb
2010-07-01_to_2013-07-01,2010-07-01,2013-07-01,"hml,smb,mom",mkt,14,5,135,12,9,mom
2010-07-01_to_2013-07-01,2010-07-01,2013-07-01,"hml,smb,mom",mkt,14,5,135,12,10,smb
2010-07-01_to_2013-07-01,2010-07-01,2013-07-01,"hml,smb,mom",mkt,14,5,135,12,11,smb
2010-07-01_to_2013-07-01,2010-07-01,2013-07-01,"hml,smb,mom",mkt,14,5,135,12,12,smb
2010-07-01_to_2013-07-01,2010-07-01,2013-07-01,"hml,smb,mom",mkt,14,5,136,11,1,mom
2010-07-01_to_2013-07-01,2010-07-01,2013-07-01,"hml,smb,mom",mkt,14,5,136,11,2,mom
2010-07-01_to_2013-07-01,2010-07-01,2013-07-01,"hml,smb,mom",mkt,14,5,136,11,3,mom
2010-07-01_to_2013-07-01,2010-07-01,2013-07-01,"hml,smb,mom",mkt,14,5,136,11,4,mom
2010-07-01_to_2013-07-01,2010-07-01,2013-07-01,"hml,smb,mom",mkt,14,5,136,11,5,hml
2010-07-01_to_2013-07-01,2010-07-01,2013-07-01,"hml,smb,mom",mkt,14,5,136,11,6,mom
2010-07-01_to_2013-07-01,2010-07-01,2013-07-01,"hml,smb,mom",mkt,14,5,136,11,7,smb
2010-07-01_to_2013-07-01,2010-07-01,2013-07-01,"hml,smb,mom",mkt,14,5,136,11,8,smb
2010-07-01_to_2013-07-01,2010-07-01,2013-07-01,"hml,smb,mom",mkt,14,5,136,11,9,mom
2010-07-01_to_2013-07-01,2010-07-01,2013-07-01,"hml,smb,mom",mkt,14,5,136,11,10,smb
2010-07-01_to_2013-07-01,2010-07-01,2013-07-01,"hml,smb,mom",mkt,14,5,136,11,11,smb
2010-07-01_to_2013-07-01,2010-07-01,2013-07-01,"hml,smb,mom",mkt,14,5,139,5,1,mom
2010-07-01_to_2013-07-01,2010-07-01,2013-07-01,"hml,smb,mom",mkt,14,5,139,5,2,mom
2010-07-01_to_2013-07-01,2010-07-01,2013-07-01,"hml,smb,mom",mkt,14,5,139,5,3,mom
2010-07-01_to_2013-07-01,2010-07-01,2013-07-01,"hml,smb,mom",mkt,14,5,139,5,4,mom
2010-07-01_to_2013-07-01,2010-07-01,2013-07-01,"hml,smb,mom",mkt,14,5,139,5,5,hml
2010-07-01_to_2013-07-01,2010-07-01,2013-07-01,"hml,smb,mom",mkt,14,5,141,6,1,mom
2010-07-01_to_2013-07-01,2010-07-01,2013-07-01,"hml,smb,mom",mkt,14,5,141,6,2,mom
2010-07-01_to_2013-07-01,2010-07-01,2013-07-01,"hml,smb,mom",mkt,14,5,141,6,3,mom
2010-07-01_to_2013-07-01,2010-07-01,2013-07-01,"hml,smb,mom",mkt,14,5,141,6,4,mom
2010-07-01_to_2013-07-01,2010-07-01,2013-07-01,"hml,smb,mom",mkt,14,5,141,6,5,hml
2010-07-01_to_2013-07-01,2010-07-01,2013-07-01,"hml,smb,mom",mkt,14,5,141,6,6,smb
2010-07-01_to_2013-07-01,2010-07-01,2013-07-01,"hml,smb,mom",mkt,14,5,146,10,1,mom
2010-07-01_to_2013-07-01,2010-07-01,2013-07-01,"hml,smb,mom",mkt,14,5,146,10,2,mom
2010-07-01_to_2013-07-01,2010-07-01,2013-07-01,"hml,smb,mom",mkt,14,5,146,10,3,mom
2010-07-01_to_2013-07-01,2010-07-01,2013-07-01,"hml,smb,mom",mkt,14,5,146,10,4,mom
2010-07-01_to_2013-07-01,2010-07-01,2013-07-01,"hml,smb,mom",mkt,14,5,146,10,5,hml
2010-07-01_to_2013-07-01,2010-07-01,2013-07-01,"hml,smb,mom",mkt,14,5,146,10,6,smb
2010-07-01_to_2013-07-01,2010-07-01,2013-07-01,"hml,smb,mom",mkt,14,5,146,10,7,hml
2010-07-01_to_2013-07-01,2010-07-01,2013-07-01,"hml,smb,mom",mkt,14,5,146,10,8,mom
2010-07-01_to_2013-07-01,2010-07-01,2013-07-01,"hml,smb,mom",mkt,14,5,146,10,9,mom
2010-07-01_to_2013-07-01,2010-07-01,2013-07-01,"hml,smb,mom",mkt,14,5,146,10,10,hml
2010-07-01_to_2013-07-01,2010-07-01,2013-07-01,"hml,smb,mom",mkt,14,5,148,11,1,mom
2010-07-01_to_2013-07-01,2010-07-01,2013-07-01,"hml,smb,mom",mkt,14,5,148,11,2,mom
2010-07-01_to_2013-07-01,2010-07-01,2013-07-01,"hml,smb,mom",mkt,14,5,148,11,3,mom
2010-07-01_to_2013-07-01,2010-07-01,2013-07-01,"hml,smb,mom",mkt,14,5,148,11,4,mom
2010-07-01_to_2013-07-01,2010-07-01,2013-07-01,"hml,smb,mom",mkt,14,5,148,11,5,hml
2010-07-01_to_2013-07-01,2010-07-01,2013-07-01,"hml,smb,mom",mkt,14,5,148,11,6,smb
2010-07-01_to_2013-07-01,2010-07-01,2013-07-01,"hml,smb,mom",mkt,14,5,148,11,7,hml
2010-07-01_to_2013-07-01,2010-07-01,2013-07-01,"hml,smb,mom",mkt,14,5,148,11,8,mom
2010-07-01_to_2013-07-01,2010-07-01,2013-07-01,"hml,smb,mom",mkt,14,5,148,11,9,mom
2010-07-01_to_2013-07-01,2010-07-01,2013-07-01,"hml,smb,mom",mkt,14,5,148,11,10,hml
2010-07-01_to_2013-07-01,2010-07-01,2013-07-01,"hml,smb,mom",mkt,14,5,148,11,11,hml
2010-07-01_to_2013-07-01,2010-07-01,2013-07-01,"hml,smb,mom",mkt,14,5,150,12,1,mom
2010-07-01_to_2013-07-01,2010-07-01,2013-07-01,"hml,smb,mom",mkt,14,5,150,12,2,mom
2010-07-01_to_2013-07-01,2010-07-01,2013-07-01,"hml,smb,mom",mkt,14,5,150,12,3,mom
2010-07-01_to_2013-07-01,2010-07-01,2013-07-01,"hml,smb,mom",mkt,14,5,150,12,4,mom
2010-07-01_to_2013-07-01,2010-07-01,2013-07-01,"hml,smb,mom",mkt,14,5,150,12,5,hml
2010-07-01_to_2013-07-01,2010-07-01,2013-07-01,"hml,smb,mom",mkt,14,5,150,12,6,smb
2010-07-01_to_2013-07-01,2010-07-01,2013-07-01,"hml,smb,mom",mkt,14,5,150,12,7,hml
2010-07-01_to_2013-07-01,2010-07-01,2013-07-01,"hml,smb,mom",mkt,14,5,150,12,8,mom
2010-07-01_to_2013-07-01,2010-07-01,2013-07-01,"hml,smb,mom",mkt,14,5,150,12,9,mom
2010-07-01_to_2013-07-01,2010-07-01,2013-07-01,"hml,smb,mom",mkt,14,5,150,12,10,hml
2010-07-01_to_2013-07-01,2010-07-01,2013-07-01,"hml,smb,mom",mkt,14,5,150,12,11,hml
2010-07-01_to_2013-07-01,2010-07-01,2013-07-01,"hml,smb,mom",mkt,14,5,150,12,12,smb
2010-07-01_to_2013-07-01,2010-07-01,2013-07-01,"hml,smb,mom",mkt,14,5,152,13,1,mom
2010-07-01_to_2013-07-01,2010-07-01,2013-07-01,"hml,smb,mom",mkt,14,5,152,13,2,mom
2010-07-01_to_2013-07-01,2010-07-01,2013-07-01,"hml,smb,mom",mkt,14,5,152,13,3,mom
2010-07-01_to_2013-07-01,2010-07-01,2013-07-01,"hml,smb,mom",mkt,14,5,152,13,4,mom
2010-07-01_to_2013-07-01,2010-07-01,2013-07-01,"hml,smb,mom",mkt,14,5,152,13,5,hml
2010-07-01_to_2013-07-01,2010-07-01,2013-07-01,"hml,smb,mom",mkt,14,5,152,13,6,smb
2010-07-01_to_2013-07-01,2010-07-01,2013-07-01,"hml,smb,mom",mkt,14,5,152,13,7,hml
2010-07-01_to_2013-07-01,2010-07-01,2013-07-01,"hml,smb,mom",mkt,14,5,152,13,8,mom
2010-07-01_to_2013-07-01,2010-07-01,2013-07-01,"hml,smb,mom",mkt,14,5,152,13,9,mom
2010-07-01_to_2013-07-01,2010-07-01,2013-07-01,"hml,smb,mom",mkt,14,5,152,13,10,hml
2010-07-01_to_2013-07-01,2010-07-01,2013-07-01,"hml,smb,mom",mkt,14,5,152,13,11,hml
2010-07-01_to_2013-07-01,2010-07-01,2013-07-01,"hml,smb,mom",mkt,14,5,152,13,12,smb
2010-07-01_to_2013-07-01,2010-07-01,2013-07-01,"hml,smb,mom",mkt,14,5,152,13,13,smb
2010-07-01_to_2013-07-01,2010-07-01,2013-07-01,"hml,smb,mom",mkt,14,5,153,13,1,mom
2010-07-01_to_2013-07-01,2010-07-01,2013-07-01,"hml,smb,mom",mkt,14,5,153,13,2,mom
2010-07-01_to_2013-07-01,2010-07-01,2013-07-01,"hml,smb,mom",mkt,14,5,153,13,3,mom
2010-07-01_to_2013-07-01,2010-07-01,2013-07-01,"hml,smb,mom",mkt,14,5,153,13,4,mom
2010-07-01_to_2013-07-01,2010-07-01,2013-07-01,"hml,smb,mom",mkt,14,5,153,13,5,hml
2010-07-01_to_2013-07-01,2010-07-01,2013-07-01,"hml,smb,mom",mkt,14,5,153,13,6,smb
2010-07-01_to_2013-07-01,2010-07-01,2013-07-01,"hml,smb,mom",mkt,14,5,153,13,7,hml
2010-07-01_to_2013-07-01,2010-07-01,2013-07-01,"hml,smb,mom",mkt,14,5,153,13,8,mom
2010-07-01_to_2013-07-01,2010-07-01,2013-07-01,"hml,smb,mom",mkt,14,5,153,13,9,mom
2010-07-01_to_2013-07-01,2010-07-01,2013-07-01,"hml,smb,mom",mkt,14,5,153,13,10,hml
2010-07-01_to_2013-07-01,2010-07-01,2013-07-01,"hml,smb,mom",mkt,14,5,153,13,11,hml
2010-07-01_to_2013-07-01,2010-07-01,2013-07-01,"hml,smb,mom",mkt,14,5,153,13,12,smb
2010-07-01_to_2013-07-01,2010-07-01,2013-07-01,"hml,smb,mom",mkt,14,5,153,13,13,smb
2010-07-01_to_2013-07-01,2010-07-01,2013-07-01,"hml,smb,mom",mkt,14,5,155,10,1,mom
2010-07-01_to_2013-07-01,2010-07-01,2013-07-01,"hml,smb,mom",mkt,14,5,155,10,2,mom
2010-07-01_to_2013-07-01,2010-07-01,2013-07-01,"hml,smb,mom",mkt,14,5,155,10,3,mom
2010-07-01_to_2013-07-01,2010-07-01,2013-07-01,"hml,smb,mom",mkt,14,5,155,10,4,mom
2010-07-01_to_2013-07-01,2010-07-01,2013-07-01,"hml,smb,mom",mkt,14,5,155,10,5,hml
2010-07-01_to_2013-07-01,2010-07-01,2013-07-01,"hml,smb,mom",mkt,14,5,155,10,6,smb
2010-07-01_to_2013-07-01,2010-07-01,2013-07-01,"hml,smb,mom",mkt,14,5,155,10,7,hml
2010-07-01_to_2013-07-01,2010-07-01,2013-07-01,"hml,smb,mom",mkt,14,5,155,10,8,mom
2010-07-01_to_2013-07-01,2010-07-01,2013-07-01,"hml,smb,mom",mkt,14,5,155,10,9,mom
2010-07-01_to_2013-07-01,2010-07-01,2013-07-01,"hml,smb,mom",mkt,14,5,155,10,10,smb
2010-07-01_to_2013-07-01,2010-07-01,2013-07-01,"hml,smb,mom",mkt,14,5,156,10,1,mom
2010-07-01_to_2013-07-01,2010-07-01,2013-07-01,"hml,smb,mom",mkt,14,5,156,10,2,mom
2010-07-01_to_2013-07-01,2010-07-01,2013-07-01,"hml,smb,mom",mkt,14,5,156,10,3,mom
2010-07-01_to_2013-07-01,2010-07-01,2013-07-01,"hml,smb,mom",mkt,14,5,156,10,4,mom
2010-07-01_to_2013-07-01,2010-07-01,2013-07-01,"hml,smb,mom",mkt,14,5,156,10,5,hml
2010-07-01_to_2013-07-01,2010-07-01,2013-07-01,"hml,smb,mom",mkt,14,5,156,10,6,smb
2010-07-01_to_2013-07-01,2010-07-01,2013-07-01,"hml,smb,mom",mkt,14,5,156,10,7,hml
2010-07-01_to_2013-07-01,2010-07-01,2013-07-01,"hml,smb,mom",mkt,14,5,156,10,8,mom
2010-07-01_to_2013-07-01,2010-07-01,2013-07-01,"hml,smb,mom",mkt,14,5,156,10,9,mom
2010-07-01_to_2013-07-01,2010-07-01,2013-07-01,"hml,smb,mom",mkt,14,5,156,10,10,smb
2010-07-01_to_2013-07-01,2010-07-01,2013-07-01,"hml,smb,mom",mkt,14,5,158,9,1,mom
2010-07-01_to_2013-07-01,2010-07-01,2013-07-01,"hml,smb,mom",mkt,14,5,158,9,2,mom
2010-07-01_to_2013-07-01,2010-07-01,2013-07-01,"hml,smb,mom",mkt,14,5,158,9,3,mom
2010-07-01_to_2013-07-01,2010-07-01,2013-07-01,"hml,smb,mom",mkt,14,5,158,9,4,mom
2010-07-01_to_2013-07-01,2010-07-01,2013-07-01,"hml,smb,mom",mkt,14,5,158,9,5,hml
2010-07-01_to_2013-07-01,2010-07-01,2013-07-01,"hml,smb,mom",mkt,14,5,158,9,6,smb
2010-07-01_to_2013-07-01,2010-07-01,2013-07-01,"hml,smb,mom",mkt,14,5,158,9,7,hml
2010-07-01_to_2013-07-01,2010-07-01,2013-07-01,"hml,smb,mom",mkt,14,5,158,9,8,mom
2010-07-01_to_2013-07-01,2010-07-01,2013-07-01,"hml,smb,mom",mkt,14,5,158,9,9,smb
2010-07-01_to_2013-07-01,2010-07-01,2013-07-01,"hml,smb,mom",mkt,14,5,159,9,1,mom
2010-07-01_to_2013-07-01,2010-07-01,2013-07-01,"hml,smb,mom",mkt,14,5,159,9,2,mom
2010-07-01_to_2013-07-01,2010-07-01,2013-07-01,"hml,smb,mom",mkt,14,5,159,9,3,mom
2010-07-01_to_2013-07-01,2010-07-01,2013-07-01,"hml,smb,mom",mkt,14,5,159,9,4,mom
2010-07-01_to_2013-07-01,2010-07-01,2013-07-01,"hml,smb,mom",mkt,14,5,159,9,5,hml
2010-07-01_to_2013-07-01,2010-07-01,2013-07-01,"hml,smb,mom",mkt,14,5,159,9,6,smb
2010-07-01_to_2013-07-01,2010-07-01,2013-07-01,"hml,smb,mom",mkt,14,5,159,9,7,hml
2010-07-01_to_2013-07-01,2010-07-01,2013-07-01,"hml,smb,mom",mkt,14,5,159,9,8,mom
2010-07-01_to_2013-07-01,2010-07-01,2013-07-01,"hml,smb,mom",mkt,14,5,159,9,9,smb
2010-07-01_to_2013-07-01,2010-07-01,2013-07-01,"hml,smb,mom",mkt,14,5,162,9,1,mom
2010-07-01_to_2013-07-01,2010-07-01,2013-07-01,"hml,smb,mom",mkt,14,5,162,9,2,mom
2010-07-01_to_2013-07-01,2010-07-01,2013-07-01,"hml,smb,mom",mkt,14,5,162,9,3,mom
2010-07-01_to_2013-07-01,2010-07-01,2013-07-01,"hml,smb,mom",mkt,14,5,162,9,4,mom
2010-07-01_to_2013-07-01,2010-07-01,2013-07-01,"hml,smb,mom",mkt,14,5,162,9,5,hml
2010-07-01_to_2013-07-01,2010-07-01,2013-07-01,"hml,smb,mom",mkt,14,5,162,9,6,smb
2010-07-01_to_2013-07-01,2010-07-01,2013-07-01,"hml,smb,mom",mkt,14,5,162,9,7,hml
2010-07-01_to_2013-07-01,2010-07-01,2013-07-01,"hml,smb,mom",mkt,14,5,162,9,8,hml
2010-07-01_to_2013-07-01,2010-07-01,2013-07-01,"hml,smb,mom",mkt,14,5,162,9,9,mom
2010-07-01_to_2013-07-01,2010-07-01,2013-07-01,"hml,smb,mom",mkt,14,5,163,9,1,mom
2010-07-01_to_2013-07-01,2010-07-01,2013-07-01,"hml,smb,mom",mkt,14,5,163,9,2,mom
2010-07-01_to_2013-07-01,2010-07-01,2013-07-01,"hml,smb,mom",mkt,14,5,163,9,3,mom
2010-07-01_to_2013-07-01,2010-07-01,2013-07-01,"hml,smb,mom",mkt,14,5,163,9,4,mom
2010-07-01_to_2013-07-01,2010-07-01,2013-07-01,"hml,smb,mom",mkt,14,5,163,9,5,hml
2010-07-01_to_2013-07-01,2010-07-01,2013-07-01,"hml,smb,mom",mkt,14,5,163,9,6,smb
2010-07-01_to_2013-07-01,2010-07-01,2013-07-01,"hml,smb,mom",mkt,14,5,163,9,7,hml
2010-07-01_to_2013-07-01,2010-07-01,2013-07-01,"hml,smb,mom",mkt,14,5,163,9,8,hml
2010-07-01_to_2013-07-01,2010-07-01,2013-07-01,"hml,smb,mom",mkt,14,5,163,9,9,mom
2010-07-01_to_2013-07-01,2010-07-01,2013-07-01,"hml,smb,mom",mkt,14,5,164,8,1,mom
2010-07-01_to_2013-07-01,2010-07-01,2013-07-01,"hml,smb,mom",mkt,14,5,164,8,2,mom
2010-07-01_to_2013-07-01,2010-07-01,2013-07-01,"hml,smb,mom",mkt,14,5,164,8,3,mom
2010-07-01_to_2013-07-01,2010-07-01,2013-07-01,"hml,smb,mom",mkt,14,5,164,8,4,mom
2010-07-01_to_2013-07-01,2010-07-01,2013-07-01,"hml,smb,mom",mkt,14,5,164,8,5,hml
2010-07-01_to_2013-07-01,2010-07-01,2013-07-01,"hml,smb,mom",mkt,14,5,164,8,6,smb
2010-07-01_to_2013-07-01,2010-07-01,2013-07-01,"hml,smb,mom",mkt,14,5,164,8,7,hml
2010-07-01_to_2013-07-01,2010-07-01,2013-07-01,"hml,smb,mom",mkt,14,5,164,8,8,hml
2010-07-01_to_2013-07-01,2010-07-01,2013-07-01,"hml,smb,mom",mkt,14,5,166,5,1,mom
2010-07-01_to_2013-07-01,2010-07-01,2013-07-01,"hml,smb,mom",mkt,14,5,166,5,2,mom
2010-07-01_to_2013-07-01,2010-07-01,2013-07-01,"hml,smb,mom",mkt,14,5,166,5,3,mom
2010-07-01_to_2013-07-01,2010-07-01,2013-07-01,"hml,smb,mom",mkt,14,5,166,5,4,mom
2010-07-01_to_2013-07-01,2010-07-01,2013-07-01,"hml,smb,mom",mkt,14,5,166,5,5,smb
2010-07-01_to_2013-07-01,2010-07-01,2013-07-01,"hml,smb,mom",mkt,14,5,168,6,1,mom
2010-07-01_to_2013-07-01,2010-07-01,2013-07-01,"hml,smb,mom",mkt,14,5,168,6,2,mom
2010-07-01_to_2013-07-01,2010-07-01,2013-07-01,"hml,smb,mom",mkt,14,5,168,6,3,mom
2010-07-01_to_2013-07-01,2010-07-01,2013-07-01,"hml,smb,mom",mkt,14,5,168,6,4,mom
2010-07-01_to_2013-07-01,2010-07-01,2013-07-01,"hml,smb,mom",mkt,14,5,168,6,5,smb
2010-07-01_to_2013-07-01,2010-07-01,2013-07-01,"hml,smb,mom",mkt,14,5,168,6,6,smb
2010-07-01_to_2013-07-01,2010-07-01,2013-07-01,"hml,smb,mom",mkt,14,5,170,7,1,mom
2010-07-01_to_2013-07-01,2010-07-01,2013-07-01,"hml,smb,mom",mkt,14,5,170,7,2,mom
2010-07-01_to_2013-07-01,2010-07-01,2013-07-01,"hml,smb,mom",mkt,14,5,170,7,3,mom
2010-07-01_to_2013-07-01,2010-07-01,2013-07-01,"hml,smb,mom",mkt,14,5,170,7,4,mom
2010-07-01_to_2013-07-01,2010-07-01,2013-07-01,"hml,smb,mom",mkt,14,5,170,7,5,smb
2010-07-01_to_2013-07-01,2010-07-01,2013-07-01,"hml,smb,mom",mkt,14,5,170,7,6,smb
2010-07-01_to_2013-07-01,2010-07-01,2013-07-01,"hml,smb,mom",mkt,14,5,170,7,7,smb
2010-07-01_to_2013-07-01,2010-07-01,2013-07-01,"hml,smb,mom",mkt,14,5,174,10,1,mom
2010-07-01_to_2013-07-01,2010-07-01,2013-07-01,"hml,smb,mom",mkt,14,5,174,10,2,mom
2010-07-01_to_2013-07-01,2010-07-01,2013-07-01,"hml,smb,mom",mkt,14,5,174,10,3,mom
2010-07-01_to_2013-07-01,2010-07-01,2013-07-01,"hml,smb,mom",mkt,14,5,174,10,4,mom
2010-07-01_to_2013-07-01,2010-07-01,2013-07-01,"hml,smb,mom",mkt,14,5,174,10,5,smb
2010-07-01_to_2013-07-01,2010-07-01,2013-07-01,"hml,smb,mom",mkt,14,5,174,10,6,smb
2010-07-01_to_2013-07-01,2010-07-01,2013-07-01,"hml,smb,mom",mkt,14,5,174,10,7,smb
2010-07-01_to_2013-07-01,2010-07-01,2013-07-01,"hml,smb,mom",mkt,14,5,174,10,8,smb
2010-07-01_to_2013-07-01,2010-07-01,2013-07-01,"hml,smb,mom",mkt,14,5,174,10,9,hml
2010-07-01_to_2013-07-01,2010-07-01,2013-07-01,"hml,smb,mom",mkt,14,5,174,10,10,smb
2010-07-01_to_2013-07-01,2010-07-01,2013-07-01,"hml,smb,mom",mkt,14,5,175,10,1,mom
2010-07-01_to_2013-07-01,2010-07-01,2013-07-01,"hml,smb,mom",mkt,14,5,175,10,2,mom
2010-07-01_to_2013-07-01,2010-07-01,2013-07-01,"hml,smb,mom",mkt,14,5,175,10,3,mom
2010-07-01_to_2013-07-01,2010-07-01,2013-07-01,"hml,smb,mom",mkt,14,5,175,10,4,mom
2010-07-01_to_2013-07-01,2010-07-01,2013-07-01,"hml,smb,mom",mkt,14,5,175,10,5,smb
2010-07-01_to_2013-07-01,2010-07-01,2013-07-01,"hml,smb,mom",mkt,14,5,175,10,6,smb
2010-07-01_to_2013-07-01,2010-07-01,2013-07-01,"hml,smb,mom",mkt,14,5,175,10,7,smb
2010-07-01_to_2013-07-01,2010-07-01,2013-07-01,"hml,smb,mom",mkt,14,5,175,10,8,smb
2010-07-01_to_2013-07-01,2010-07-01,2013-07-01,"hml,smb,mom",mkt,14,5,175,10,9,hml
2010-07-01_to_2013-07-01,2010-07-01,2013-07-01,"hml,smb,mom",mkt,14,5,175,10,10,smb
2010-07-01_to_2013-07-01,2010-07-01,2013-07-01,"hml,smb,mom",mkt,14,5,176,9,1,mom
2010-07-01_to_2013-07-01,2010-07-01,2013-07-01,"hml,smb,mom",mkt,14,5,176,9,2,mom
2010-07-01_to_2013-07-01,2010-07-01,2013-07-01,"hml,smb,mom",mkt,14,5,176,9,3,mom
2010-07-01_to_2013-07-01,2010-07-01,2013-07-01,"hml,smb,mom",mkt,14,5,176,9,4,mom
2010-07-01_to_2013-07-01,2010-07-01,2013-07-01,"hml,smb,mom",mkt,14,5,176,9,5,smb
2010-07-01_to_2013-07-01,2010-07-01,2013-07-01,"hml,smb,mom",mkt,14,5,176,9,6,smb
2010-07-01_to_2013-07-01,2010-07-01,2013-07-01,"hml,smb,mom",mkt,14,5,176,9,7,smb
2010-07-01_to_2013-07-01,2010-07-01,2013-07-01,"hml,smb,mom",mkt,14,5,176,9,8,smb
2010-07-01_to_2013-07-01,2010-07-01,2013-07-01,"hml,smb,mom",mkt,14,5,176,9,9,hml
2010-07-01_to_2013-07-01,2010-07-01,2013-07-01,"hml,smb,mom",mkt,14,5,179,10,1,mom
2010-07-01_to_2013-07-01,2010-07-01,2013-07-01,"hml,smb,mom",mkt,14,5,179,10,2,mom
2010-07-01_to_2013-07-01,2010-07-01,2013-07-01,"hml,smb,mom",mkt,14,5,179,10,3,mom
2010-07-01_to_2013-07-01,2010-07-01,2013-07-01,"hml,smb,mom",mkt,14,5,179,10,4,mom
2010-07-01_to_2013-07-01,2010-07-01,2013-07-01,"hml,smb,mom",mkt,14,5,179,10,5,smb
2010-07-01_to_2013-07-01,2010-07-01,2013-07-01,"hml,smb,mom",mkt,14,5,179,10,6,smb
2010-07-01_to_2013-07-01,2010-07-01,2013-07-01,"hml,smb,mom",mkt,14,5,179,10,7,smb
2010-07-01_to_2013-07-01,2010-07-01,2013-07-01,"hml,smb,mom",mkt,14,5,179,10,8,smb
2010-07-01_to_2013-07-01,2010-07-01,2013-07-01,"hml,smb,mom",mkt,14,5,179,10,9,smb
2010-07-01_to_2013-07-01,2010-07-01,2013-07-01,"hml,smb,mom",mkt,14,5,179,10,10,smb
2010-07-01_to_2013-07-01,2010-07-01,2013-07-01,"hml,smb,mom",mkt,14,5,180,10,1,mom
2010-07-01_to_2013-07-01,2010-07-01,2013-07-01,"hml,smb,mom",mkt,14,5,180,10,2,mom
2010-07-01_to_2013-07-01,2010-07-01,2013-07-01,"hml,smb,mom",mkt,14,5,180,10,3,mom
2010-07-01_to_2013-07-01,2010-07-01,2013-07-01,"hml,smb,mom",mkt,14,5,180,10,4,mom
2010-07-01_to_2013-07-01,2010-07-01,2013-07-01,"hml,smb,mom",mkt,14,5,180,10,5,smb
2010-07-01_to_2013-07-01,2010-07-01,2013-07-01,"hml,smb,mom",mkt,14,5,180,10,6,smb
2010-07-01_to_2013-07-01,2010-07-01,2013-07-01,"hml,smb,mom",mkt,14,5,180,10,7,smb
2010-07-01_to_2013-07-01,2010-07-01,2013-07-01,"hml,smb,mom",mkt,14,5,180,10,8,smb
2010-07-01_to_2013-07-01,2010-07-01,2013-07-01,"hml,smb,mom",mkt,14,5,180,10,9,smb
2010-07-01_to_2013-07-01,2010-07-01,2013-07-01,"hml,smb,mom",mkt,14,5,180,10,10,smb
2010-07-01_to_2013-07-01,2010-07-01,2013-07-01,"hml,smb,mom",mkt,14,5,183,11,1,mom
2010-07-01_to_2013-07-01,2010-07-01,2013-07-01,"hml,smb,mom",mkt,14,5,183,11,2,mom
2010-07-01_to_2013-07-01,2010-07-01,2013-07-01,"hml,smb,mom",mkt,14,5,183,11,3,mom
2010-07-01_to_2013-07-01,2010-07-01,2013-07-01,"hml,smb,mom",mkt,14,5,183,11,4,mom
2010-07-01_to_2013-07-01,2010-07-01,2013-07-01,"hml,smb,mom",mkt,14,5,183,11,5,smb
2010-07-01_to_2013-07-01,2010-07-01,2013-07-01,"hml,smb,mom",mkt,14,5,183,11,6,smb
2010-07-01_to_2013-07-01,2010-07-01,2013-07-01,"hml,smb,mom",mkt,14,5,183,11,7,smb
2010-07-01_to_2013-07-01,2010-07-01,2013-07-01,"hml,smb,mom",mkt,14,5,183,11,8,smb
2010-07-01_to_2013-07-01,2010-07-01,2013-07-01,"hml,smb,mom",mkt,14,5,183,11,9,smb
2010-07-01_to_2013-07-01,2010-07-01,2013-07-01,"hml,smb,mom",mkt,14,5,183,11,10,smb
2010-07-01_to_2013-07-01,2010-07-01,2013-07-01,"hml,smb,mom",mkt,14,5,183,11,11,hml
2010-07-01_to_2013-07-01,2010-07-01,2013-07-01,"hml,smb,mom",mkt,14,5,185,12,1,mom
2010-07-01_to_2013-07-01,2010-07-01,2013-07-01,"hml,smb,mom",mkt,14,5,185,12,2,mom
2010-07-01_to_2013-07-01,2010-07-01,2013-07-01,"hml,smb,mom",mkt,14,5,185,12,3,mom
2010-07-01_to_2013-07-01,2010-07-01,2013-07-01,"hml,smb,mom",mkt,14,5,185,12,4,mom
2010-07-01_to_2013-07-01,2010-07-01,2013-07-01,"hml,smb,mom",mkt,14,5,185,12,5,smb
2010-07-01_to_2013-07-01,2010-07-01,2013-07-01,"hml,smb,mom",mkt,14,5,185,12,6,smb
2010-07-01_to_2013-07-01,2010-07-01,2013-07-01,"hml,smb,mom",mkt,14,5,185,12,7,smb
2010-07-01_to_2013-07-01,2010-07-01,2013-07-01,"hml,smb,mom",mkt,14,5,185,12,8,smb
2010-07-01_to_2013-07-01,2010-07-01,2013-07-01,"hml,smb,mom",mkt,14,5,185,12,9,smb
2010-07-01_to_2013-07-01,2010-07-01,2013-07-01,"hml,smb,mom",mkt,14,5,185,12,10,smb
2010-07-01_to_2013-07-01,2010-07-01,2013-07-01,"hml,smb,mom",mkt,14,5,185,12,11,hml
2010-07-01_to_2013-07-01,2010-07-01,2013-07-01,"hml,smb,mom",mkt,14,5,185,12,12,hml
2010-07-01_to_2013-07-01,2010-07-01,2013-07-01,"hml,smb,mom",mkt,14,5,186,12,1,mom
2010-07-01_to_2013-07-01,2010-07-01,2013-07-01,"hml,smb,mom",mkt,14,5,186,12,2,mom
2010-07-01_to_2013-07-01,2010-07-01,2013-07-01,"hml,smb,mom",mkt,14,5,186,12,3,mom
2010-07-01_to_2013-07-01,2010-07-01,2013-07-01,"hml,smb,mom",mkt,14,5,186,12,4,mom
2010-07-01_to_2013-07-01,2010-07-01,2013-07-01,"hml,smb,mom",mkt,14,5,186,12,5,smb
2010-07-01_to_2013-07-01,2010-07-01,2013-07-01,"hml,smb,mom",mkt,14,5,186,12,6,smb
2010-07-01_to_2013-07-01,2010-07-01,2013-07-01,"hml,smb,mom",mkt,14,5,186,12,7,smb
2010-07-01_to_2013-07-01,2010-07-01,2013-07-01,"hml,smb,mom",mkt,14,5,186,12,8,smb
2010-07-01_to_2013-07-01,2010-07-01,2013-07-01,"hml,smb,mom",mkt,14,5,186,12,9,smb
2010-07-01_to_2013-07-01,2010-07-01,2013-07-01,"hml,smb,mom",mkt,14,5,186,12,10,smb
2010-07-01_to_2013-07-01,2010-07-01,2013-07-01,"hml,smb,mom",mkt,14,5,186,12,11,hml
2010-07-01_to_2013-07-01,2010-07-01,2013-07-01,"hml,smb,mom",mkt,14,5,186,12,12,hml
2010-07-01_to_2013-07-01,2010-07-01,2013-07-01,"hml,smb,mom",mkt,14,5,187,10,1,mom
2010-07-01_to_2013-07-01,2010-07-01,2013-07-01,"hml,smb,mom",mkt,14,5,187,10,2,mom
2010-07-01_to_2013-07-01,2010-07-01,2013-07-01,"hml,smb,mom",mkt,14,5,187,10,3,mom
2010-07-01_to_2013-07-01,2010-07-01,2013-07-01,"hml,smb,mom",mkt,14,5,187,10,4,mom
2010-07-01_to_2013-07-01,2010-07-01,2013-07-01,"hml,smb,mom",mkt,14,5,187,10,5,smb
2010-07-01_to_2013-07-01,2010-07-01,2013-07-01,"hml,smb,mom",mkt,14,5,187,10,6,smb
2010-07-01_to_2013-07-01,2010-07-01,2013-07-01,"hml,smb,mom",mkt,14,5,187,10,7,smb
2010-07-01_to_2013-07-01,2010-07-01,2013-07-01,"hml,smb,mom",mkt,14,5,187,10,8,smb
2010-07-01_to_2013-07-01,2010-07-01,2013-07-01,"hml,smb,mom",mkt,14,5,187,10,9,smb
2010-07-01_to_2013-07-01,2010-07-01,2013-07-01,"hml,smb,mom",mkt,14,5,187,10,10,smb
2010-07-01_to_2013-07-01,2010-07-01,2013-07-01,"hml,smb,mom",mkt,14,5,195,8,1,mom
2010-07-01_to_2013-07-01,2010-07-01,2013-07-01,"hml,smb,mom",mkt,14,5,195,8,2,mom
2010-07-01_to_2013-07-01,2010-07-01,2013-07-01,"hml,smb,mom",mkt,14,5,195,8,3,mom
2010-07-01_to_2013-07-01,2010-07-01,2013-07-01,"hml,smb,mom",mkt,14,5,195,8,4,mom
2010-07-01_to_2013-07-01,2010-07-01,2013-07-01,"hml,smb,mom",mkt,14,5,195,8,5,mom
2010-07-01_to_2013-07-01,2010-07-01,2013-07-01,"hml,smb,mom",mkt,14,5,195,8,6,hml
2010-07-01_to_2013-07-01,2010-07-01,2013-07-01,"hml,smb,mom",mkt,14,5,195,8,7,mom
2010-07-01_to_2013-07-01,2010-07-01,2013-07-01,"hml,smb,mom",mkt,14,5,195,8,8,smb
2010-07-01_to_2013-07-01,2010-07-01,2013-07-01,"hml,smb,mom",mkt,14,5,198,10,1,mom
2010-07-01_to_2013-07-01,2010-07-01,2013-07-01,"hml,smb,mom",mkt,14,5,198,10,2,mom
2010-07-01_to_2013-07-01,2010-07-01,2013-07-01,"hml,smb,mom",mkt,14,5,198,10,3,mom
2010-07-01_to_2013-07-01,2010-07-01,2013-07-01,"hml,smb,mom",mkt,14,5,198,10,4,mom
2010-07-01_to_2013-07-01,2010-07-01,2013-07-01,"hml,smb,mom",mkt,14,5,198,10,5,mom
2010-07-01_to_2013-07-01,2010-07-01,2013-07-01,"hml,smb,mom",mkt,14,5,198,10,6,hml
2010-07-01_to_2013-07-01,2010-07-01,2013-07-01,"hml,smb,mom",mkt,14,5,198,10,7,mom
2010-07-01_to_2013-07-01,2010-07-01,2013-07-01,"hml,smb,mom",mkt,14,5,198,10,8,smb
2010-07-01_to_2013-07-01,2010-07-01,2013-07-01,"hml,smb,mom",mkt,14,5,198,10,9,smb
2010-07-01_to_2013-07-01,2010-07-01,2013-07-01,"hml,smb,mom",mkt,14,5,198,10,10,hml
2010-07-01_to_2013-07-01,2010-07-01,2013-07-01,"hml,smb,mom",mkt,14,5,201,12,1,mom
2010-07-01_to_2013-07-01,2010-07-01,2013-07-01,"hml,smb,mom",mkt,14,5,201,12,2,mom
2010-07-01_to_2013-07-01,2010-07-01,2013-07-01,"hml,smb,mom",mkt,14,5,201,12,3,mom
2010-07-01_to_2013-07-01,2010-07-01,2013-07-01,"hml,smb,mom",mkt,14,5,201,12,4,mom
2010-07-01_to_2013-07-01,2010-07-01,2013-07-01,"hml,smb,mom",mkt,14,5,201,12,5,mom
2010-07-01_to_2013-07-01,2010-07-01,2013-07-01,"hml,smb,mom",mkt,14,5,201,12,6,hml
2010-07-01_to_2013-07-01,2010-07-01,2013-07-01,"hml,smb,mom",mkt,14,5,201,12,7,mom
2010-07-01_to_2013-07-01,2010-07-01,2013-07-01,"hml,smb,mom",mkt,14,5,201,12,8,smb
2010-07-01_to_2013-07-01,2010-07-01,2013-07-01,"hml,smb,mom",mkt,14,5,201,12,9,smb
2010-07-01_to_2013-07-01,2010-07-01,2013-07-01,"hml,smb,mom",mkt,14,5,201,12,10,hml
2010-07-01_to_2013-07-01,2010-07-01,2013-07-01,"hml,smb,mom",mkt,14,5,201,12,11,smb
2010-07-01_to_2013-07-01,2010-07-01,2013-07-01,"hml,smb,mom",mkt,14,5,201,12,12,hml
2010-07-01_to_2013-07-01,2010-07-01,2013-07-01,"hml,smb,mom",mkt,14,5,202,12,1,mom
2010-07-01_to_2013-07-01,2010-07-01,2013-07-01,"hml,smb,mom",mkt,14,5,202,12,2,mom
2010-07-01_to_2013-07-01,2010-07-01,2013-07-01,"hml,smb,mom",mkt,14,5,202,12,3,mom
2010-07-01_to_2013-07-01,2010-07-01,2013-07-01,"hml,smb,mom",mkt,14,5,202,12,4,mom
2010-07-01_to_2013-07-01,2010-07-01,2013-07-01,"hml,smb,mom",mkt,14,5,202,12,5,mom
2010-07-01_to_2013-07-01,2010-07-01,2013-07-01,"hml,smb,mom",mkt,14,5,202,12,6,hml
2010-07-01_to_2013-07-01,2010-07-01,2013-07-01,"hml,smb,mom",mkt,14,5,202,12,7,mom
2010-07-01_to_2013-07-01,2010-07-01,2013-07-01,"hml,smb,mom",mkt,14,5,202,12,8,smb
2010-07-01_to_2013-07-01,2010-07-01,2013-07-01,"hml,smb,mom",mkt,14,5,202,12,9,smb
2010-07-01_to_2013-07-01,2010-07-01,2013-07-01,"hml,smb,mom",mkt,14,5,202,12,10,hml
2010-07-01_to_2013-07-01,2010-07-01,2013-07-01,"hml,smb,mom",mkt,14,5,202,12,11,smb
2010-07-01_to_2013-07-01,2010-07-01,2013-07-01,"hml,smb,mom",mkt,14,5,202,12,12,hml
2010-07-01_to_2013-07-01,2010-07-01,2013-07-01,"hml,smb,mom",mkt,14,5,204,12,1,mom
2010-07-01_to_2013-07-01,2010-07-01,2013-07-01,"hml,smb,mom",mkt,14,5,204,12,2,mom
2010-07-01_to_2013-07-01,2010-07-01,2013-07-01,"hml,smb,mom",mkt,14,5,204,12,3,mom
2010-07-01_to_2013-07-01,2010-07-01,2013-07-01,"hml,smb,mom",mkt,14,5,204,12,4,mom
2010-07-01_to_2013-07-01,2010-07-01,2013-07-01,"hml,smb,mom",mkt,14,5,204,12,5,mom
2010-07-01_to_2013-07-01,2010-07-01,2013-07-01,"hml,smb,mom",mkt,14,5,204,12,6,hml
2010-07-01_to_2013-07-01,2010-07-01,2013-07-01,"hml,smb,mom",mkt,14,5,204,12,7,mom
2010-07-01_to_2013-07-01,2010-07-01,2013-07-01,"hml,smb,mom",mkt,14,5,204,12,8,smb
2010-07-01_to_2013-07-01,2010-07-01,2013-07-01,"hml,smb,mom",mkt,14,5,204,12,9,smb
2010-07-01_to_2013-07-01,2010-07-01,2013-07-01,"hml,smb,mom",mkt,14,5,204,12,10,hml
2010-07-01_to_2013-07-01,2010-07-01,2013-07-01,"hml,smb,mom",mkt,14,5,204,12,11,smb
2010-07-01_to_2013-07-01,2010-07-01,2013-07-01,"hml,smb,mom",mkt,14,5,204,12,12,mom
2010-07-01_to_2013-07-01,2010-07-01,2013-07-01,"hml,smb,mom",mkt,14,5,205,12,1,mom
2010-07-01_to_2013-07-01,2010-07-01,2013-07-01,"hml,smb,mom",mkt,14,5,205,12,2,mom
2010-07-01_to_2013-07-01,2010-07-01,2013-07-01,"hml,smb,mom",mkt,14,5,205,12,3,mom
2010-07-01_to_2013-07-01,2010-07-01,2013-07-01,"hml,smb,mom",mkt,14,5,205,12,4,mom
2010-07-01_to_2013-07-01,2010-07-01,2013-07-01,"hml,smb,mom",mkt,14,5,205,12,5,mom
2010-07-01_to_2013-07-01,2010-07-01,2013-07-01,"hml,smb,mom",mkt,14,5,205,12,6,hml
2010-07-01_to_2013-07-01,2010-07-01,2013-07-01,"hml,smb,mom",mkt,14,5,205,12,7,mom
2010-07-01_to_2013-07-01,2010-07-01,2013-07-01,"hml,smb,mom",mkt,14,5,205,12,8,smb
2010-07-01_to_2013-07-01,2010-07-01,2013-07-01,"hml,smb,mom",mkt,14,5,205,12,9,smb
2010-07-01_to_2013-07-01,2010-07-01,2013-07-01,"hml,smb,mom",mkt,14,5,205,12,10,hml
2010-07-01_to_2013-07-01,2010-07-01,2013-07-01,"hml,smb,mom",mkt,14,5,205,12,11,smb
2010-07-01_to_2013-07-01,2010-07-01,2013-07-01,"hml,smb,mom",mkt,14,5,205,12,12,mom
2010-07-01_to_2013-07-01,2010-07-01,2013-07-01,"hml,smb,mom",mkt,14,5,208,11,1,mom
2010-07-01_to_2013-07-01,2010-07-01,2013-07-01,"hml,smb,mom",mkt,14,5,208,11,2,mom
2010-07-01_to_2013-07-01,2010-07-01,2013-07-01,"hml,smb,mom",mkt,14,5,208,11,3,mom
2010-07-01_to_2013-07-01,2010-07-01,2013-07-01,"hml,smb,mom",mkt,14,5,208,11,4,mom
2010-07-01_to_2013-07-01,2010-07-01,2013-07-01,"hml,smb,mom",mkt,14,5,208,11,5,mom
2010-07-01_to_2013-07-01,2010-07-01,2013-07-01,"hml,smb,mom",mkt,14,5,208,11,6,hml
2010-07-01_to_2013-07-01,2010-07-01,2013-07-01,"hml,smb,mom",mkt,14,5,208,11,7,mom
2010-07-01_to_2013-07-01,2010-07-01,2013-07-01,"hml,smb,mom",mkt,14,5,208,11,8,smb
2010-07-01_to_2013-07-01,2010-07-01,2013-07-01,"hml,smb,mom",mkt,14,5,208,11,9,smb
2010-07-01_to_2013-07-01,2010-07-01,2013-07-01,"hml,smb,mom",mkt,14,5,208,11,10,mom
2010-07-01_to_2013-07-01,2010-07-01,2013-07-01,"hml,smb,mom",mkt,14,5,208,11,11,smb
2010-07-01_to_2013-07-01,2010-07-01,2013-07-01,"hml,smb,mom",mkt,14,5,211,13,1,mom
2010-07-01_to_2013-07-01,2010-07-01,2013-07-01,"hml,smb,mom",mkt,14,5,211,13,2,mom
2010-07-01_to_2013-07-01,2010-07-01,2013-07-01,"hml,smb,mom",mkt,14,5,211,13,3,mom
2010-07-01_to_2013-07-01,2010-07-01,2013-07-01,"hml,smb,mom",mkt,14,5,211,13,4,mom
2010-07-01_to_2013-07-01,2010-07-01,2013-07-01,"hml,smb,mom",mkt,14,5,211,13,5,mom
2010-07-01_to_2013-07-01,2010-07-01,2013-07-01,"hml,smb,mom",mkt,14,5,211,13,6,hml
2010-07-01_to_2013-07-01,2010-07-01,2013-07-01,"hml,smb,mom",mkt,14,5,211,13,7,mom
2010-07-01_to_2013-07-01,2010-07-01,2013-07-01,"hml,smb,mom",mkt,14,5,211,13,8,smb
2010-07-01_to_2013-07-01,2010-07-01,2013-07-01,"hml,smb,mom",mkt,14,5,211,13,9,smb
2010-07-01_to_2013-07-01,2010-07-01,2013-07-01,"hml,smb,mom",mkt,14,5,211,13,10,mom
2010-07-01_to_2013-07-01,2010-07-01,2013-07-01,"hml,smb,mom",mkt,14,5,211,13,11,smb
2010-07-01_to_2013-07-01,2010-07-01,2013-07-01,"hml,smb,mom",mkt,14,5,211,13,12,mom
2010-07-01_to_2013-07-01,2010-07-01,2013-07-01,"hml,smb,mom",mkt,14,5,211,13,13,hml
2010-07-01_to_2013-07-01,2010-07-01,2013-07-01,"hml,smb,mom",mkt,14,5,212,13,1,mom
2010-07-01_to_2013-07-01,2010-07-01,2013-07-01,"hml,smb,mom",mkt,14,5,212,13,2,mom
2010-07-01_to_2013-07-01,2010-07-01,2013-07-01,"hml,smb,mom",mkt,14,5,212,13,3,mom
2010-07-01_to_2013-07-01,2010-07-01,2013-07-01,"hml,smb,mom",mkt,14,5,212,13,4,mom
2010-07-01_to_2013-07-01,2010-07-01,2013-07-01,"hml,smb,mom",mkt,14,5,212,13,5,mom
2010-07-01_to_2013-07-01,2010-07-01,2013-07-01,"hml,smb,mom",mkt,14,5,212,13,6,hml
2010-07-01_to_2013-07-01,2010-07-01,2013-07-01,"hml,smb,mom",mkt,14,5,212,13,7,mom
2010-07-01_to_2013-07-01,2010-07-01,2013-07-01,"hml,smb,mom",mkt,14,5,212,13,8,smb
2010-07-01_to_2013-07-01,2010-07-01,2013-07-01,"hml,smb,mom",mkt,14,5,212,13,9,smb
2010-07-01_to_2013-07-01,2010-07-01,2013-07-01,"hml,smb,mom",mkt,14,5,212,13,10,mom
2010-07-01_to_2013-07-01,2010-07-01,2013-07-01,"hml,smb,mom",mkt,14,5,212,13,11,smb
2010-07-01_to_2013-07-01,2010-07-01,2013-07-01,"hml,smb,mom",mkt,14,5,212,13,12,mom
2010-07-01_to_2013-07-01,2010-07-01,2013-07-01,"hml,smb,mom",mkt,14,5,212,13,13,hml
2010-07-01_to_2013-07-01,2010-07-01,2013-07-01,"hml,smb,mom",mkt,14,5,213,12,1,mom
2010-07-01_to_2013-07-01,2010-07-01,2013-07-01,"hml,smb,mom",mkt,14,5,213,12,2,mom
2010-07-01_to_2013-07-01,2010-07-01,2013-07-01,"hml,smb,mom",mkt,14,5,213,12,3,mom
2010-07-01_to_2013-07-01,2010-07-01,2013-07-01,"hml,smb,mom",mkt,14,5,213,12,4,mom
2010-07-01_to_2013-07-01,2010-07-01,2013-07-01,"hml,smb,mom",mkt,14,5,213,12,5,mom
2010-07-01_to_2013-07-01,2010-07-01,2013-07-01,"hml,smb,mom",mkt,14,5,213,12,6,hml
2010-07-01_to_2013-07-01,2010-07-01,2013-07-01,"hml,smb,mom",mkt,14,5,213,12,7,mom
2010-07-01_to_2013-07-01,2010-07-01,2013-07-01,"hml,smb,mom",mkt,14,5,213,12,8,smb
2010-07-01_to_2013-07-01,2010-07-01,2013-07-01,"hml,smb,mom",mkt,14,5,213,12,9,smb
2010-07-01_to_2013-07-01,2010-07-01,2013-07-01,"hml,smb,mom",mkt,14,5,213,12,10,mom
2010-07-01_to_2013-07-01,2010-07-01,2013-07-01,"hml,smb,mom",mkt,14,5,213,12,11,smb
2010-07-01_to_2013-07-01,2010-07-01,2013-07-01,"hml,smb,mom",mkt,14,5,213,12,12,mom
2010-07-01_to_2013-07-01,2010-07-01,2013-07-01,"hml,smb,mom",mkt,14,5,214,10,1,mom
2010-07-01_to_2013-07-01,2010-07-01,2013-07-01,"hml,smb,mom",mkt,14,5,214,10,2,mom
2010-07-01_to_2013-07-01,2010-07-01,2013-07-01,"hml,smb,mom",mkt,14,5,214,10,3,mom
2010-07-01_to_2013-07-01,2010-07-01,2013-07-01,"hml,smb,mom",mkt,14,5,214,10,4,mom
2010-07-01_to_2013-07-01,2010-07-01,2013-07-01,"hml,smb,mom",mkt,14,5,214,10,5,mom
2010-07-01_to_2013-07-01,2010-07-01,2013-07-01,"hml,smb,mom",mkt,14,5,214,10,6,hml
2010-07-01_to_2013-07-01,2010-07-01,2013-07-01,"hml,smb,mom",mkt,14,5,214,10,7,mom
2010-07-01_to_2013-07-01,2010-07-01,2013-07-01,"hml,smb,mom",mkt,14,5,214,10,8,smb
2010-07-01_to_2013-07-01,2010-07-01,2013-07-01,"hml,smb,mom",mkt,14,5,214,10,9,smb
2010-07-01_to_2013-07-01,2010-07-01,2013-07-01,"hml,smb,mom",mkt,14,5,214,10,10,mom
2010-07-01_to_2013-07-01,2010-07-01,2013-07-01,"hml,smb,mom",mkt,14,5,216,8,1,mom
2010-07-01_to_2013-07-01,2010-07-01,2013-07-01,"hml,smb,mom",mkt,14,5,216,8,2,mom
2010-07-01_to_2013-07-01,2010-07-01,2013-07-01,"hml,smb,mom",mkt,14,5,216,8,3,mom
2010-07-01_to_2013-07-01,2010-07-01,2013-07-01,"hml,smb,mom",mkt,14,5,216,8,4,mom
2010-07-01_to_2013-07-01,2010-07-01,2013-07-01,"hml,smb,mom",mkt,14,5,216,8,5,mom
2010-07-01_to_2013-07-01,2010-07-01,2013-07-01,"hml,smb,mom",mkt,14,5,216,8,6,hml
2010-07-01_to_2013-07-01,2010-07-01,2013-07-01,"hml,smb,mom",mkt,14,5,216,8,7,mom
2010-07-01_to_2013-07-01,2010-07-01,2013-07-01,"hml,smb,mom",mkt,14,5,216,8,8,smb
2010-07-01_to_2013-07-01,2010-07-01,2013-07-01,"hml,smb,mom",mkt,14,5,218,9,1,mom
2010-07-01_to_2013-07-01,2010-07-01,2013-07-01,"hml,smb,mom",mkt,14,5,218,9,2,mom
2010-07-01_to_2013-07-01,2010-07-01,2013-07-01,"hml,smb,mom",mkt,14,5,218,9,3,mom
2010-07-01_to_2013-07-01,2010-07-01,2013-07-01,"hml,smb,mom",mkt,14,5,218,9,4,mom
2010-07-01_to_2013-07-01,2010-07-01,2013-07-01,"hml,smb,mom",mkt,14,5,218,9,5,mom
2010-07-01_to_2013-07-01,2010-07-01,2013-07-01,"hml,smb,mom",mkt,14,5,218,9,6,hml
2010-07-01_to_2013-07-01,2010-07-01,2013-07-01,"hml,smb,mom",mkt,14,5,218,9,7,mom
2010-07-01_to_2013-07-01,2010-07-01,2013-07-01,"hml,smb,mom",mkt,14,5,218,9,8,smb
2010-07-01_to_2013-07-01,2010-07-01,2013-07-01,"hml,smb,mom",mkt,14,5,218,9,9,hml
2010-07-01_to_2013-07-01,2010-07-01,2013-07-01,"hml,smb,mom",mkt,14,5,220,10,1,mom
2010-07-01_to_2013-07-01,2010-07-01,2013-07-01,"hml,smb,mom",mkt,14,5,220,10,2,mom
2010-07-01_to_2013-07-01,2010-07-01,2013-07-01,"hml,smb,mom",mkt,14,5,220,10,3,mom
2010-07-01_to_2013-07-01,2010-07-01,2013-07-01,"hml,smb,mom",mkt,14,5,220,10,4,mom
2010-07-01_to_2013-07-01,2010-07-01,2013-07-01,"hml,smb,mom",mkt,14,5,220,10,5,mom
2010-07-01_to_2013-07-01,2010-07-01,2013-07-01,"hml,smb,mom",mkt,14,5,220,10,6,hml
2010-07-01_to_2013-07-01,2010-07-01,2013-07-01,"hml,smb,mom",mkt,14,5,220,10,7,mom
2010-07-01_to_2013-07-01,2010-07-01,2013-07-01,"hml,smb,mom",mkt,14,5,220,10,8,smb
2010-07-01_to_2013-07-01,2010-07-01,2013-07-01,"hml,smb,mom",mkt,14,5,220,10,9,hml
2010-07-01_to_2013-07-01,2010-07-01,2013-07-01,"hml,smb,mom",mkt,14,5,220,10,10,hml
2010-07-01_to_2013-07-01,2010-07-01,2013-07-01,"hml,smb,mom",mkt,14,5,223,12,1,mom
2010-07-01_to_2013-07-01,2010-07-01,2013-07-01,"hml,smb,mom",mkt,14,5,223,12,2,mom
2010-07-01_to_2013-07-01,2010-07-01,2013-07-01,"hml,smb,mom",mkt,14,5,223,12,3,mom
2010-07-01_to_2013-07-01,2010-07-01,2013-07-01,"hml,smb,mom",mkt,14,5,223,12,4,mom
2010-07-01_to_2013-07-01,2010-07-01,2013-07-01,"hml,smb,mom",mkt,14,5,223,12,5,mom
2010-07-01_to_2013-07-01,2010-07-01,2013-07-01,"hml,smb,mom",mkt,14,5,223,12,6,hml
2010-07-01_to_2013-07-01,2010-07-01,2013-07-01,"hml,smb,mom",mkt,14,5,223,12,7,mom
2010-07-01_to_2013-07-01,2010-07-01,2013-07-01,"hml,smb,mom",mkt,14,5,223,12,8,smb
2010-07-01_to_2013-07-01,2010-07-01,2013-07-01,"hml,smb,mom",mkt,14,5,223,12,9,hml
2010-07-01_to_2013-07-01,2010-07-01,2013-07-01,"hml,smb,mom",mkt,14,5,223,12,10,hml
2010-07-01_to_2013-07-01,2010-07-01,2013-07-01,"hml,smb,mom",mkt,14,5,223,12,11,hml
2010-07-01_to_2013-07-01,2010-07-01,2013-07-01,"hml,smb,mom",mkt,14,5,223,12,12,hml
2010-07-01_to_2013-07-01,2010-07-01,2013-07-01,"hml,smb,mom",mkt,14,5,224,12,1,mom
2010-07-01_to_2013-07-01,2010-07-01,2013-07-01,"hml,smb,mom",mkt,14,5,224,12,2,mom
2010-07-01_to_2013-07-01,2010-07-01,2013-07-01,"hml,smb,mom",mkt,14,5,224,12,3,mom
2010-07-01_to_2013-07-01,2010-07-01,2013-07-01,"hml,smb,mom",mkt,14,5,224,12,4,mom
2010-07-01_to_2013-07-01,2010-07-01,2013-07-01,"hml,smb,mom",mkt,14,5,224,12,5,mom
2010-07-01_to_2013-07-01,2010-07-01,2013-07-01,"hml,smb,mom",mkt,14,5,224,12,6,hml
2010-07-01_to_2013-07-01,2010-07-01,2013-07-01,"hml,smb,mom",mkt,14,5,224,12,7,mom
2010-07-01_to_2013-07-01,2010-07-01,2013-07-01,"hml,smb,mom",mkt,14,5,224,12,8,smb
2010-07-01_to_2013-07-01,2010-07-01,2013-07-01,"hml,smb,mom",mkt,14,5,224,12,9,hml
2010-07-01_to_2013-07-01,2010-07-01,2013-07-01,"hml,smb,mom",mkt,14,5,224,12,10,hml
2010-07-01_to_2013-07-01,2010-07-01,2013-07-01,"hml,smb,mom",mkt,14,5,224,12,11,hml
2010-07-01_to_2013-07-01,2010-07-01,2013-07-01,"hml,smb,mom",mkt,14,5,224,12,12,hml
2010-07-01_to_2013-07-01,2010-07-01,2013-07-01,"hml,smb,mom",mkt,14,5,227,13,1,mom
2010-07-01_to_2013-07-01,2010-07-01,2013-07-01,"hml,smb,mom",mkt,14,5,227,13,2,mom
2010-07-01_to_2013-07-01,2010-07-01,2013-07-01,"hml,smb,mom",mkt,14,5,227,13,3,mom
2010-07-01_to_2013-07-01,2010-07-01,2013-07-01,"hml,smb,mom",mkt,14,5,227,13,4,mom
2010-07-01_to_2013-07-01,2010-07-01,2013-07-01,"hml,smb,mom",mkt,14,5,227,13,5,mom
2010-07-01_to_2013-07-01,2010-07-01,2013-07-01,"hml,smb,mom",mkt,14,5,227,13,6,hml
2010-07-01_to_2013-07-01,2010-07-01,2013-07-01,"hml,smb,mom",mkt,14,5,227,13,7,mom
2010-07-01_to_2013-07-01,2010-07-01,2013-07-01,"hml,smb,mom",mkt,14,5,227,13,8,smb
2010-07-01_to_2013-07-01,2010-07-01,2013-07-01,"hml,smb,mom",mkt,14,5,227,13,9,hml
2010-07-01_to_2013-07-01,2010-07-01,2013-07-01,"hml,smb,mom",mkt,14,5,227,13,10,hml
2010-07-01_to_2013-07-01,2010-07-01,2013-07-01,"hml,smb,mom",mkt,14,5,227,13,11,hml
2010-07-01_to_2013-07-01,2010-07-01,2013-07-01,"hml,smb,mom",mkt,14,5,227,13,12,hml
2010-07-01_to_2013-07-01,2010-07-01,2013-07-01,"hml,smb,mom",mkt,14,5,227,13,13,mom
2010-07-01_to_2013-07-01,2010-07-01,2013-07-01,"hml,smb,mom",mkt,14,5,228,13,1,mom
2010-07-01_to_2013-07-01,2010-07-01,2013-07-01,"hml,smb,mom",mkt,14,5,228,13,2,mom
2010-07-01_to_2013-07-01,2010-07-01,2013-07-01,"hml,smb,mom",mkt,14,5,228,13,3,mom
2010-07-01_to_2013-07-01,2010-07-01,2013-07-01,"hml,smb,mom",mkt,14,5,228,13,4,mom
2010-07-01_to_2013-07-01,2010-07-01,2013-07-01,"hml,smb,mom",mkt,14,5,228,13,5,mom
2010-07-01_to_2013-07-01,2010-07-01,2013-07-01,"hml,smb,mom",mkt,14,5,228,13,6,hml
2010-07-01_to_2013-07-01,2010-07-01,2013-07-01,"hml,smb,mom",mkt,14,5,228,13,7,mom
2010-07-01_to_2013-07-01,2010-07-01,2013-07-01,"hml,smb,mom",mkt,14,5,228,13,8,smb
2010-07-01_to_2013-07-01,2010-07-01,2013-07-01,"hml,smb,mom",mkt,14,5,228,13,9,hml
2010-07-01_to_2013-07-01,2010-07-01,2013-07-01,"hml,smb,mom",mkt,14,5,228,13,10,hml
2010-07-01_to_2013-07-01,2010-07-01,2013-07-01,"hml,smb,mom",mkt,14,5,228,13,11,hml
2010-07-01_to_2013-07-01,2010-07-01,2013-07-01,"hml,smb,mom",mkt,14,5,228,13,12,hml
2010-07-01_to_2013-07-01,2010-07-01,2013-07-01,"hml,smb,mom",mkt,14,5,228,13,13,mom
2010-07-01_to_2013-07-01,2010-07-01,2013-07-01,"hml,smb,mom",mkt,14,5,231,14,1,mom
2010-07-01_to_2013-07-01,2010-07-01,2013-07-01,"hml,smb,mom",mkt,14,5,231,14,2,mom
2010-07-01_to_2013-07-01,2010-07-01,2013-07-01,"hml,smb,mom",mkt,14,5,231,14,3,mom
2010-07-01_to_2013-07-01,2010-07-01,2013-07-01,"hml,smb,mom",mkt,14,5,231,14,4,mom
2010-07-01_to_2013-07-01,2010-07-01,2013-07-01,"hml,smb,mom",mkt,14,5,231,14,5,mom
2010-07-01_to_2013-07-01,2010-07-01,2013-07-01,"hml,smb,mom",mkt,14,5,231,14,6,hml
2010-07-01_to_2013-07-01,2010-07-01,2013-07-01,"hml,smb,mom",mkt,14,5,231,14,7,mom
2010-07-01_to_2013-07-01,2010-07-01,2013-07-01,"hml,smb,mom",mkt,14,5,231,14,8,smb
2010-07-01_to_2013-07-01,2010-07-01,2013-07-01,"hml,smb,mom",mkt,14,5,231,14,9,hml
2010-07-01_to_2013-07-01,2010-07-01,2013-07-01,"hml,smb,mom",mkt,14,5,231,14,10,hml
2010-07-01_to_2013-07-01,2010-07-01,2013-07-01,"hml,smb,mom",mkt,14,5,231,14,11,hml
2010-07-01_to_2013-07-01,2010-07-01,2013-07-01,"hml,smb,mom",mkt,14,5,231,14,12,hml
2010-07-01_to_2013-07-01,2010-07-01,2013-07-01,"hml,smb,mom",mkt,14,5,231,14,13,mom
2010-07-01_to_2013-07-01,2010-07-01,2013-07-01,"hml,smb,mom",mkt,14,5,231,14,14,smb
2010-07-01_to_2013-07-01,2010-07-01,2013-07-01,"hml,smb,mom",mkt,14,5,232,14,1,mom
2010-07-01_to_2013-07-01,2010-07-01,2013-07-01,"hml,smb,mom",mkt,14,5,232,14,2,mom
2010-07-01_to_2013-07-01,2010-07-01,2013-07-01,"hml,smb,mom",mkt,14,5,232,14,3,mom
2010-07-01_to_2013-07-01,2010-07-01,2013-07-01,"hml,smb,mom",mkt,14,5,232,14,4,mom
2010-07-01_to_2013-07-01,2010-07-01,2013-07-01,"hml,smb,mom",mkt,14,5,232,14,5,mom
2010-07-01_to_2013-07-01,2010-07-01,2013-07-01,"hml,smb,mom",mkt,14,5,232,14,6,hml
2010-07-01_to_2013-07-01,2010-07-01,2013-07-01,"hml,smb,mom",mkt,14,5,232,14,7,mom
2010-07-01_to_2013-07-01,2010-07-01,2013-07-01,"hml,smb,mom",mkt,14,5,232,14,8,smb
2010-07-01_to_2013-07-01,2010-07-01,2013-07-01,"hml,smb,mom",mkt,14,5,232,14,9,hml
2010-07-01_to_2013-07-01,2010-07-01,2013-07-01,"hml,smb,mom",mkt,14,5,232,14,10,hml
2010-07-01_to_2013-07-01,2010-07-01,2013-07-01,"hml,smb,mom",mkt,14,5,232,14,11,hml
2010-07-01_to_2013-07-01,2010-07-01,2013-07-01,"hml,smb,mom",mkt,14,5,232,14,12,hml
2010-07-01_to_2013-07-01,2010-07-01,2013-07-01,"hml,smb,mom",mkt,14,5,232,14,13,mom
2010-07-01_to_2013-07-01,2010-07-01,2013-07-01,"hml,smb,mom",mkt,14,5,232,14,14,smb
2010-07-01_to_2013-07-01,2010-07-01,2013-07-01,"hml,smb,mom",mkt,14,5,233,13,1,mom
2010-07-01_to_2013-07-01,2010-07-01,2013-07-01,"hml,smb,mom",mkt,14,5,233,13,2,mom
2010-07-01_to_2013-07-01,2010-07-01,2013-07-01,"hml,smb,mom",mkt,14,5,233,13,3,mom
2010-07-01_to_2013-07-01,2010-07-01,2013-07-01,"hml,smb,mom",mkt,14,5,233,13,4,mom
2010-07-01_to_2013-07-01,2010-07-01,2013-07-01,"hml,smb,mom",mkt,14,5,233,13,5,mom
2010-07-01_to_2013-07-01,2010-07-01,2013-07-01,"hml,smb,mom",mkt,14,5,233,13,6,hml
2010-07-01_to_2013-07-01,2010-07-01,2013-07-01,"hml,smb,mom",mkt,14,5,233,13,7,mom
2010-07-01_to_2013-07-01,2010-07-01,2013-07-01,"hml,smb,mom",mkt,14,5,233,13,8,smb
2010-07-01_to_2013-07-01,2010-07-01,2013-07-01,"hml,smb,mom",mkt,14,5,233,13,9,hml
2010-07-01_to_2013-07-01,2010-07-01,2013-07-01,"hml,smb,mom",mkt,14,5,233,13,10,hml
2010-07-01_to_2013-07-01,2010-07-01,2013-07-01,"hml,smb,mom",mkt,14,5,233,13,11,hml
2010-07-01_to_2013-07-01,2010-07-01,2013-07-01,"hml,smb,mom",mkt,14,5,233,13,12,hml
2010-07-01_to_2013-07-01,2010-07-01,2013-07-01,"hml,smb,mom",mkt,14,5,233,13,13,mom
2010-07-01_to_2013-07-01,2010-07-01,2013-07-01,"hml,smb,mom",mkt,14,5,234,6,1,mom
2010-07-01_to_2013-07-01,2010-07-01,2013-07-01,"hml,smb,mom",mkt,14,5,234,6,2,mom
2010-07-01_to_2013-07-01,2010-07-01,2013-07-01,"hml,smb,mom",mkt,14,5,234,6,3,mom
2010-07-01_to_2013-07-01,2010-07-01,2013-07-01,"hml,smb,mom",mkt,14,5,234,6,4,mom
2010-07-01_to_2013-07-01,2010-07-01,2013-07-01,"hml,smb,mom",mkt,14,5,234,6,5,mom
2010-07-01_to_2013-07-01,2010-07-01,2013-07-01,"hml,smb,mom",mkt,14,5,234,6,6,hml
2010-07-01_to_2013-07-01,2010-07-01,2013-07-01,"hml,smb,mom",mkt,14,5,236,6,1,mom
2010-07-01_to_2013-07-01,2010-07-01,2013-07-01,"hml,smb,mom",mkt,14,5,236,6,2,mom
2010-07-01_to_2013-07-01,2010-07-01,2013-07-01,"hml,smb,mom",mkt,14,5,236,6,3,mom
2010-07-01_to_2013-07-01,2010-07-01,2013-07-01,"hml,smb,mom",mkt,14,5,236,6,4,mom
2010-07-01_to_2013-07-01,2010-07-01,2013-07-01,"hml,smb,mom",mkt,14,5,236,6,5,mom
2010-07-01_to_2013-07-01,2010-07-01,2013-07-01,"hml,smb,mom",mkt,14,5,236,6,6,smb
2010-07-01_to_2013-07-01,2010-07-01,2013-07-01,"hml,smb,mom",mkt,14,5,239,8,1,mom
2010-07-01_to_2013-07-01,2010-07-01,2013-07-01,"hml,smb,mom",mkt,14,5,239,8,2,mom
2010-07-01_to_2013-07-01,2010-07-01,2013-07-01,"hml,smb,mom",mkt,14,5,239,8,3,mom
2010-07-01_to_2013-07-01,2010-07-01,2013-07-01,"hml,smb,mom",mkt,14,5,239,8,4,mom
2010-07-01_to_2013-07-01,2010-07-01,2013-07-01,"hml,smb,mom",mkt,14,5,239,8,5,mom
2010-07-01_to_2013-07-01,2010-07-01,2013-07-01,"hml,smb,mom",mkt,14,5,239,8,6,smb
2010-07-01_to_2013-07-01,2010-07-01,2013-07-01,"hml,smb,mom",mkt,14,5,239,8,7,hml
2010-07-01_to_2013-07-01,2010-07-01,2013-07-01,"hml,smb,mom",mkt,14,5,239,8,8,smb
2010-07-01_to_2013-07-01,2010-07-01,2013-07-01,"hml,smb,mom",mkt,14,5,241,9,1,mom
2010-07-01_to_2013-07-01,2010-07-01,2013-07-01,"hml,smb,mom",mkt,14,5,241,9,2,mom
2010-07-01_to_2013-07-01,2010-07-01,2013-07-01,"hml,smb,mom",mkt,14,5,241,9,3,mom
2010-07-01_to_2013-07-01,2010-07-01,2013-07-01,"hml,smb,mom",mkt,14,5,241,9,4,mom
2010-07-01_to_2013-07-01,2010-07-01,2013-07-01,"hml,smb,mom",mkt,14,5,241,9,5,mom
2010-07-01_to_2013-07-01,2010-07-01,2013-07-01,"hml,smb,mom",mkt,14,5,241,9,6,smb
2010-07-01_to_2013-07-01,2010-07-01,2013-07-01,"hml,smb,mom",mkt,14,5,241,9,7,hml
2010-07-01_to_2013-07-01,2010-07-01,2013-07-01,"hml,smb,mom",mkt,14,5,241,9,8,smb
2010-07-01_to_2013-07-01,2010-07-01,2013-07-01,"hml,smb,mom",mkt,14,5,241,9,9,smb
2010-07-01_to_2013-07-01,2010-07-01,2013-07-01,"hml,smb,mom",mkt,14,5,245,12,1,mom
2010-07-01_to_2013-07-01,2010-07-01,2013-07-01,"hml,smb,mom",mkt,14,5,245,12,2,mom
2010-07-01_to_2013-07-01,2010-07-01,2013-07-01,"hml,smb,mom",mkt,14,5,245,12,3,mom
2010-07-01_to_2013-07-01,2010-07-01,2013-07-01,"hml,smb,mom",mkt,14,5,245,12,4,mom
2010-07-01_to_2013-07-01,2010-07-01,2013-07-01,"hml,smb,mom",mkt,14,5,245,12,5,mom
2010-07-01_to_2013-07-01,2010-07-01,2013-07-01,"hml,smb,mom",mkt,14,5,245,12,6,smb
2010-07-01_to_2013-07-01,2010-07-01,2013-07-01,"hml,smb,mom",mkt,14,5,245,12,7,hml
2010-07-01_to_2013-07-01,2010-07-01,2013-07-01,"hml,smb,mom",mkt,14,5,245,12,8,smb
2010-07-01_to_2013-07-01,2010-07-01,2013-07-01,"hml,smb,mom",mkt,14,5,245,12,9,smb
2010-07-01_to_2013-07-01,2010-07-01,2013-07-01,"hml,smb,mom",mkt,14,5,245,12,10,hml
2010-07-01_to_2013-07-01,2010-07-01,2013-07-01,"hml,smb,mom",mkt,14,5,245,12,11,hml
2010-07-01_to_2013-07-01,2010-07-01,2013-07-01,"hml,smb,mom",mkt,14,5,245,12,12,mom
2010-07-01_to_2013-07-01,2010-07-01,2013-07-01,"hml,smb,mom",mkt,14,5,246,12,1,mom
2010-07-01_to_2013-07-01,2010-07-01,2013-07-01,"hml,smb,mom",mkt,14,5,246,12,2,mom
2010-07-01_to_2013-07-01,2010-07-01,2013-07-01,"hml,smb,mom",mkt,14,5,246,12,3,mom
2010-07-01_to_2013-07-01,2010-07-01,2013-07-01,"hml,smb,mom",mkt,14,5,246,12,4,mom
2010-07-01_to_2013-07-01,2010-07-01,2013-07-01,"hml,smb,mom",mkt,14,5,246,12,5,mom
2010-07-01_to_2013-07-01,2010-07-01,2013-07-01,"hml,smb,mom",mkt,14,5,246,12,6,smb
2010-07-01_to_2013-07-01,2010-07-01,2013-07-01,"hml,smb,mom",mkt,14,5,246,12,7,hml
2010-07-01_to_2013-07-01,2010-07-01,2013-07-01,"hml,smb,mom",mkt,14,5,246,12,8,smb
2010-07-01_to_2013-07-01,2010-07-01,2013-07-01,"hml,smb,mom",mkt,14,5,246,12,9,smb
2010-07-01_to_2013-07-01,2010-07-01,2013-07-01,"hml,smb,mom",mkt,14,5,246,12,10,hml
2010-07-01_to_2013-07-01,2010-07-01,2013-07-01,"hml,smb,mom",mkt,14,5,246,12,11,hml
2010-07-01_to_2013-07-01,2010-07-01,2013-07-01,"hml,smb,mom",mkt,14,5,246,12,12,mom
2010-07-01_to_2013-07-01,2010-07-01,2013-07-01,"hml,smb,mom",mkt,14,5,247,11,1,mom
2010-07-01_to_2013-07-01,2010-07-01,2013-07-01,"hml,smb,mom",mkt,14,5,247,11,2,mom
2010-07-01_to_2013-07-01,2010-07-01,2013-07-01,"hml,smb,mom",mkt,14,5,247,11,3,mom
2010-07-01_to_2013-07-01,2010-07-01,2013-07-01,"hml,smb,mom",mkt,14,5,247,11,4,mom
2010-07-01_to_2013-07-01,2010-07-01,2013-07-01,"hml,smb,mom",mkt,14,5,247,11,5,mom
2010-07-01_to_2013-07-01,2010-07-01,2013-07-01,"hml,smb,mom",mkt,14,5,247,11,6,smb
2010-07-01_to_2013-07-01,2010-07-01,2013-07-01,"hml,smb,mom",mkt,14,5,247,11,7,hml
2010-07-01_to_2013-07-01,2010-07-01,2013-07-01,"hml,smb,mom",mkt,14,5,247,11,8,smb
2010-07-01_to_2013-07-01,2010-07-01,2013-07-01,"hml,smb,mom",mkt,14,5,247,11,9,smb
2010-07-01_to_2013-07-01,2010-07-01,2013-07-01,"hml,smb,mom",mkt,14,5,247,11,10,hml
2010-07-01_to_2013-07-01,2010-07-01,2013-07-01,"hml,smb,mom",mkt,14,5,247,11,11,hml
2010-07-01_to_2013-07-01,2010-07-01,2013-07-01,"hml,smb,mom",mkt,14,5,248,10,1,mom
2010-07-01_to_2013-07-01,2010-07-01,2013-07-01,"hml,smb,mom",mkt,14,5,248,10,2,mom
2010-07-01_to_2013-07-01,2010-07-01,2013-07-01,"hml,smb,mom",mkt,14,5,248,10,3,mom
2010-07-01_to_2013-07-01,2010-07-01,2013-07-01,"hml,smb,mom",mkt,14,5,248,10,4,mom
2010-07-01_to_2013-07-01,2010-07-01,2013-07-01,"hml,smb,mom",mkt,14,5,248,10,5,mom
2010-07-01_to_2013-07-01,2010-07-01,2013-07-01,"hml,smb,mom",mkt,14,5,248,10,6,smb
2010-07-01_to_2013-07-01,2010-07-01,2013-07-01,"hml,smb,mom",mkt,14,5,248,10,7,hml
2010-07-01_to_2013-07-01,2010-07-01,2013-07-01,"hml,smb,mom",mkt,14,5,248,10,8,smb
2010-07-01_to_2013-07-01,2010-07-01,2013-07-01,"hml,smb,mom",mkt,14,5,248,10,9,smb
2010-07-01_to_2013-07-01,2010-07-01,2013-07-01,"hml,smb,mom",mkt,14,5,248,10,10,hml
2010-07-01_to_2013-07-01,2010-07-01,2013-07-01,"hml,smb,mom",mkt,14,5,250,8,1,mom
2010-07-01_to_2013-07-01,2010-07-01,2013-07-01,"hml,smb,mom",mkt,14,5,250,8,2,mom
2010-07-01_to_2013-07-01,2010-07-01,2013-07-01,"hml,smb,mom",mkt,14,5,250,8,3,mom
2010-07-01_to_2013-07-01,2010-07-01,2013-07-01,"hml,smb,mom",mkt,14,5,250,8,4,mom
2010-07-01_to_2013-07-01,2010-07-01,2013-07-01,"hml,smb,mom",mkt,14,5,250,8,5,mom
2010-07-01_to_2013-07-01,2010-07-01,2013-07-01,"hml,smb,mom",mkt,14,5,250,8,6,smb
2010-07-01_to_2013-07-01,2010-07-01,2013-07-01,"hml,smb,mom",mkt,14,5,250,8,7,hml
2010-07-01_to_2013-07-01,2010-07-01,2013-07-01,"hml,smb,mom",mkt,14,5,250,8,8,hml
2010-07-01_to_2013-07-01,2010-07-01,2013-07-01,"hml,smb,mom",mkt,14,5,251,8,1,mom
2010-07-01_to_2013-07-01,2010-07-01,2013-07-01,"hml,smb,mom",mkt,14,5,251,8,2,mom
2010-07-01_to_2013-07-01,2010-07-01,2013-07-01,"hml,smb,mom",mkt,14,5,251,8,3,mom
2010-07-01_to_2013-07-01,2010-07-01,2013-07-01,"hml,smb,mom",mkt,14,5,251,8,4,mom
2010-07-01_to_2013-07-01,2010-07-01,2013-07-01,"hml,smb,mom",mkt,14,5,251,8,5,mom
2010-07-01_to_2013-07-01,2010-07-01,2013-07-01,"hml,smb,mom",mkt,14,5,251,8,6,smb
2010-07-01_to_2013-07-01,2010-07-01,2013-07-01,"hml,smb,mom",mkt,14,5,251,8,7,hml
2010-07-01_to_2013-07-01,2010-07-01,2013-07-01,"hml,smb,mom",mkt,14,5,251,8,8,hml
2010-07-01_to_2013-07-01,2010-07-01,2013-07-01,"hml,smb,mom",mkt,14,5,257,9,1,mom
2010-07-01_to_2013-07-01,2010-07-01,2013-07-01,"hml,smb,mom",mkt,14,5,257,9,2,mom
2010-07-01_to_2013-07-01,2010-07-01,2013-07-01,"hml,smb,mom",mkt,14,5,257,9,3,mom
2010-07-01_to_2013-07-01,2010-07-01,2013-07-01,"hml,smb,mom",mkt,14,5,257,9,4,mom
2010-07-01_to_2013-07-01,2010-07-01,2013-07-01,"hml,smb,mom",mkt,14,5,257,9,5,mom
2010-07-01_to_2013-07-01,2010-07-01,2013-07-01,"hml,smb,mom",mkt,14,5,257,9,6,hml
2010-07-01_to_2013-07-01,2010-07-01,2013-07-01,"hml,smb,mom",mkt,14,5,257,9,7,smb
2010-07-01_to_2013-07-01,2010-07-01,2013-07-01,"hml,smb,mom",mkt,14,5,257,9,8,hml
2010-07-01_to_2013-07-01,2010-07-01,2013-07-01,"hml,smb,mom",mkt,14,5,257,9,9,hml
2010-07-01_to_2013-07-01,2010-07-01,2013-07-01,"hml,smb,mom",mkt,14,5,258,9,1,mom
2010-07-01_to_2013-07-01,2010-07-01,2013-07-01,"hml,smb,mom",mkt,14,5,258,9,2,mom
2010-07-01_to_2013-07-01,2010-07-01,2013-07-01,"hml,smb,mom",mkt,14,5,258,9,3,mom
2010-07-01_to_2013-07-01,2010-07-01,2013-07-01,"hml,smb,mom",mkt,14,5,258,9,4,mom
2010-07-01_to_2013-07-01,2010-07-01,2013-07-01,"hml,smb,mom",mkt,14,5,258,9,5,mom
2010-07-01_to_2013-07-01,2010-07-01,2013-07-01,"hml,smb,mom",mkt,14,5,258,9,6,hml
2010-07-01_to_2013-07-01,2010-07-01,2013-07-01,"hml,smb,mom",mkt,14,5,258,9,7,smb
2010-07-01_to_2013-07-01,2010-07-01,2013-07-01,"hml,smb,mom",mkt,14,5,258,9,8,hml
2010-07-01_to_2013-07-01,2010-07-01,2013-07-01,"hml,smb,mom",mkt,14,5,258,9,9,hml
2010-07-01_to_2013-07-01,2010-07-01,2013-07-01,"hml,smb,mom",mkt,14,5,259,8,1,mom
2010-07-01_to_2013-07-01,2010-07-01,2013-07-01,"hml,smb,mom",mkt,14,5,259,8,2,mom
2010-07-01_to_2013-07-01,2010-07-01,2013-07-01,"hml,smb,mom",mkt,14,5,259,8,3,mom
2010-07-01_to_2013-07-01,2010-07-01,2013-07-01,"hml,smb,mom",mkt,14,5,259,8,4,mom
2010-07-01_to_2013-07-01,2010-07-01,2013-07-01,"hml,smb,mom",mkt,14,5,259,8,5,mom
2010-07-01_to_2013-07-01,2010-07-01,2013-07-01,"hml,smb,mom",mkt,14,5,259,8,6,hml
2010-07-01_to_2013-07-01,2010-07-01,2013-07-01,"hml,smb,mom",mkt,14,5,259,8,7,smb
2010-07-01_to_2013-07-01,2010-07-01,2013-07-01,"hml,smb,mom",mkt,14,5,259,8,8,hml
2010-07-01_to_2013-07-01,2010-07-01,2013-07-01,"hml,smb,mom",mkt,14,5,260,7,1,mom
2010-07-01_to_2013-07-01,2010-07-01,2013-07-01,"hml,smb,mom",mkt,14,5,260,7,2,mom
2010-07-01_to_2013-07-01,2010-07-01,2013-07-01,"hml,smb,mom",mkt,14,5,260,7,3,mom
2010-07-01_to_2013-07-01,2010-07-01,2013-07-01,"hml,smb,mom",mkt,14,5,260,7,4,mom
2010-07-01_to_2013-07-01,2010-07-01,2013-07-01,"hml,smb,mom",mkt,14,5,260,7,5,mom
2010-07-01_to_2013-07-01,2010-07-01,2013-07-01,"hml,smb,mom",mkt,14,5,260,7,6,hml
2010-07-01_to_2013-07-01,2010-07-01,2013-07-01,"hml,smb,mom",mkt,14,5,260,7,7,smb
2010-07-01_to_2013-07-01,2010-07-01,2013-07-01,"hml,smb,mom",mkt,14,5,261,6,1,mom
2010-07-01_to_2013-07-01,2010-07-01,2013-07-01,"hml,smb,mom",mkt,14,5,261,6,2,mom
2010-07-01_to_2013-07-01,2010-07-01,2013-07-01,"hml,smb,mom",mkt,14,5,261,6,3,mom
2010-07-01_to_2013-07-01,2010-07-01,2013-07-01,"hml,smb,mom",mkt,14,5,261,6,4,mom
2010-07-01_to_2013-07-01,2010-07-01,2013-07-01,"hml,smb,mom",mkt,14,5,261,6,5,mom
2010-07-01_to_2013-07-01,2010-07-01,2013-07-01,"hml,smb,mom",mkt,14,5,261,6,6,hml
2010-07-01_to_2013-07-01,2010-07-01,2013-07-01,"hml,smb,mom",mkt,14,5,264,7,1,mom
2010-07-01_to_2013-07-01,2010-07-01,2013-07-01,"hml,smb,mom",mkt,14,5,264,7,2,mom
2010-07-01_to_2013-07-01,2010-07-01,2013-07-01,"hml,smb,mom",mkt,14,5,264,7,3,mom
2010-07-01_to_2013-07-01,2010-07-01,2013-07-01,"hml,smb,mom",mkt,14,5,264,7,4,mom
2010-07-01_to_2013-07-01,2010-07-01,2013-07-01,"hml,smb,mom",mkt,14,5,264,7,5,mom
2010-07-01_to_2013-07-01,2010-07-01,2013-07-01,"hml,smb,mom",mkt,14,5,264,7,6,smb
2010-07-01_to_2013-07-01,2010-07-01,2013-07-01,"hml,smb,mom",mkt,14,5,264,7,7,hml
2010-07-01_to_2013-07-01,2010-07-01,2013-07-01,"hml,smb,mom",mkt,14,5,265,7,1,mom
2010-07-01_to_2013-07-01,2010-07-01,2013-07-01,"hml,smb,mom",mkt,14,5,265,7,2,mom
2010-07-01_to_2013-07-01,2010-07-01,2013-07-01,"hml,smb,mom",mkt,14,5,265,7,3,mom
2010-07-01_to_2013-07-01,2010-07-01,2013-07-01,"hml,smb,mom",mkt,14,5,265,7,4,mom
2010-07-01_to_2013-07-01,2010-07-01,2013-07-01,"hml,smb,mom",mkt,14,5,265,7,5,mom
2010-07-01_to_2013-07-01,2010-07-01,2013-07-01,"hml,smb,mom",mkt,14,5,265,7,6,smb
2010-07-01_to_2013-07-01,2010-07-01,2013-07-01,"hml,smb,mom",mkt,14,5,265,7,7,hml
2010-07-01_to_2013-07-01,2010-07-01,2013-07-01,"hml,smb,mom",mkt,14,5,268,8,1,mom
2010-07-01_to_2013-07-01,2010-07-01,2013-07-01,"hml,smb,mom",mkt,14,5,268,8,2,mom
2010-07-01_to_2013-07-01,2010-07-01,2013-07-01,"hml,smb,mom",mkt,14,5,268,8,3,mom
2010-07-01_to_2013-07-01,2010-07-01,2013-07-01,"hml,smb,mom",mkt,14,5,268,8,4,mom
2010-07-01_to_2013-07-01,2010-07-01,2013-07-01,"hml,smb,mom",mkt,14,5,268,8,5,mom
2010-07-01_to_2013-07-01,2010-07-01,2013-07-01,"hml,smb,mom",mkt,14,5,268,8,6,smb
2010-07-01_to_2013-07-01,2010-07-01,2013-07-01,"hml,smb,mom",mkt,14,5,268,8,7,smb
2010-07-01_to_2013-07-01,2010-07-01,2013-07-01,"hml,smb,mom",mkt,14,5,268,8,8,mom
2010-07-01_to_2013-07-01,2010-07-01,2013-07-01,"hml,smb,mom",mkt,14,5,269,8,1,mom
2010-07-01_to_2013-07-01,2010-07-01,2013-07-01,"hml,smb,mom",mkt,14,5,269,8,2,mom
2010-07-01_to_2013-07-01,2010-07-01,2013-07-01,"hml,smb,mom",mkt,14,5,269,8,3,mom
2010-07-01_to_2013-07-01,2010-07-01,2013-07-01,"hml,smb,mom",mkt,14,5,269,8,4,mom
2010-07-01_to_2013-07-01,2010-07-01,2013-07-01,"hml,smb,mom",mkt,14,5,269,8,5,mom
2010-07-01_to_2013-07-01,2010-07-01,2013-07-01,"hml,smb,mom",mkt,14,5,269,8,6,smb
2010-07-01_to_2013-07-01,2010-07-01,2013-07-01,"hml,smb,mom",mkt,14,5,269,8,7,smb
2010-07-01_to_2013-07-01,2010-07-01,2013-07-01,"hml,smb,mom",mkt,14,5,269,8,8,mom
2010-07-01_to_2013-07-01,2010-07-01,2013-07-01,"hml,smb,mom",mkt,14,5,273,10,1,mom
2010-07-01_to_2013-07-01,2010-07-01,2013-07-01,"hml,smb,mom",mkt,14,5,273,10,2,mom
2010-07-01_to_2013-07-01,2010-07-01,2013-07-01,"hml,smb,mom",mkt,14,5,273,10,3,mom
2010-07-01_to_2013-07-01,2010-07-01,2013-07-01,"hml,smb,mom",mkt,14,5,273,10,4,mom
2010-07-01_to_2013-07-01,2010-07-01,2013-07-01,"hml,smb,mom",mkt,14,5,273,10,5,mom
2010-07-01_to_2013-07-01,2010-07-01,2013-07-01,"hml,smb,mom",mkt,14,5,273,10,6,smb
2010-07-01_to_2013-07-01,2010-07-01,2013-07-01,"hml,smb,mom",mkt,14,5,273,10,7,smb
2010-07-01_to_2013-07-01,2010-07-01,2013-07-01,"hml,smb,mom",mkt,14,5,273,10,8,mom
2010-07-01_to_2013-07-01,2010-07-01,2013-07-01,"hml,smb,mom",mkt,14,5,273,10,9,smb
2010-07-01_to_2013-07-01,2010-07-01,2013-07-01,"hml,smb,mom",mkt,14,5,273,10,10,smb
2010-07-01_to_2013-07-01,2010-07-01,2013-07-01,"hml,smb,mom",mkt,14,5,275,11,1,mom
2010-07-01_to_2013-07-01,2010-07-01,2013-07-01,"hml,smb,mom",mkt,14,5,275,11,2,mom
2010-07-01_to_2013-07-01,2010-07-01,2013-07-01,"hml,smb,mom",mkt,14,5,275,11,3,mom
2010-07-01_to_2013-07-01,2010-07-01,2013-07-01,"hml,smb,mom",mkt,14,5,275,11,4,mom
2010-07-01_to_2013-07-01,2010-07-01,2013-07-01,"hml,smb,mom",mkt,14,5,275,11,5,mom
2010-07-01_to_2013-07-01,2010-07-01,2013-07-01,"hml,smb,mom",mkt,14,5,275,11,6,smb
2010-07-01_to_2013-07-01,2010-07-01,2013-07-01,"hml,smb,mom",mkt,14,5,275,11,7,smb
2010-07-01_to_2013-07-01,2010-07-01,2013-07-01,"hml,smb,mom",mkt,14,5,275,11,8,mom
2010-07-01_to_2013-07-01,2010-07-01,2013-07-01,"hml,smb,mom",mkt,14,5,275,11,9,smb
2010-07-01_to_2013-07-01,2010-07-01,2013-07-01,"hml,smb,mom",mkt,14,5,275,11,10,smb
2010-07-01_to_2013-07-01,2010-07-01,2013-07-01,"hml,smb,mom",mkt,14,5,275,11,11,smb
2010-07-01_to_2013-07-01,2010-07-01,2013-07-01,"hml,smb,mom",mkt,14,5,276,11,1,mom
2010-07-01_to_2013-07-01,2010-07-01,2013-07-01,"hml,smb,mom",mkt,14,5,276,11,2,mom
2010-07-01_to_2013-07-01,2010-07-01,2013-07-01,"hml,smb,mom",mkt,14,5,276,11,3,mom
2010-07-01_to_2013-07-01,2010-07-01,2013-07-01,"hml,smb,mom",mkt,14,5,276,11,4,mom
2010-07-01_to_2013-07-01,2010-07-01,2013-07-01,"hml,smb,mom",mkt,14,5,276,11,5,mom
2010-07-01_to_2013-07-01,2010-07-01,2013-07-01,"hml,smb,mom",mkt,14,5,276,11,6,smb
2010-07-01_to_2013-07-01,2010-07-01,2013-07-01,"hml,smb,mom",mkt,14,5,276,11,7,smb
2010-07-01_to_2013-07-01,2010-07-01,2013-07-01,"hml,smb,mom",mkt,14,5,276,11,8,mom
2010-07-01_to_2013-07-01,2010-07-01,2013-07-01,"hml,smb,mom",mkt,14,5,276,11,9,smb
2010-07-01_to_2013-07-01,2010-07-01,2013-07-01,"hml,smb,mom",mkt,14,5,276,11,10,smb
2010-07-01_to_2013-07-01,2010-07-01,2013-07-01,"hml,smb,mom",mkt,14,5,276,11,11,smb
2010-07-01_to_2013-07-01,2010-07-01,2013-07-01,"hml,smb,mom",mkt,14,5,277,9,1,mom
2010-07-01_to_2013-07-01,2010-07-01,2013-07-01,"hml,smb,mom",mkt,14,5,277,9,2,mom
2010-07-01_to_2013-07-01,2010-07-01,2013-07-01,"hml,smb,mom",mkt,14,5,277,9,3,mom
2010-07-01_to_2013-07-01,2010-07-01,2013-07-01,"hml,smb,mom",mkt,14,5,277,9,4,mom
2010-07-01_to_2013-07-01,2010-07-01,2013-07-01,"hml,smb,mom",mkt,14,5,277,9,5,mom
2010-07-01_to_2013-07-01,2010-07-01,2013-07-01,"hml,smb,mom",mkt,14,5,277,9,6,smb
2010-07-01_to_2013-07-01,2010-07-01,2013-07-01,"hml,smb,mom",mkt,14,5,277,9,7,smb
2010-07-01_to_2013-07-01,2010-07-01,2013-07-01,"hml,smb,mom",mkt,14,5,277,9,8,mom
2010-07-01_to_2013-07-01,2010-07-01,2013-07-01,"hml,smb,mom",mkt,14,5,277,9,9,smb
2010-07-01_to_2013-07-01,2010-07-01,2013-07-01,"hml,smb,mom",mkt,14,5,279,9,1,mom
2010-07-01_to_2013-07-01,2010-07-01,2013-07-01,"hml,smb,mom",mkt,14,5,279,9,2,mom
2010-07-01_to_2013-07-01,2010-07-01,2013-07-01,"hml,smb,mom",mkt,14,5,279,9,3,mom
2010-07-01_to_2013-07-01,2010-07-01,2013-07-01,"hml,smb,mom",mkt,14,5,279,9,4,mom
2010-07-01_to_2013-07-01,2010-07-01,2013-07-01,"hml,smb,mom",mkt,14,5,279,9,5,mom
2010-07-01_to_2013-07-01,2010-07-01,2013-07-01,"hml,smb,mom",mkt,14,5,279,9,6,smb
2010-07-01_to_2013-07-01,2010-07-01,2013-07-01,"hml,smb,mom",mkt,14,5,279,9,7,smb
2010-07-01_to_2013-07-01,2010-07-01,2013-07-01,"hml,smb,mom",mkt,14,5,279,9,8,mom
2010-07-01_to_2013-07-01,2010-07-01,2013-07-01,"hml,smb,mom",mkt,14,5,279,9,9,hml
2010-07-01_to_2013-07-01,2010-07-01,2013-07-01,"hml,smb,mom",mkt,14,5,281,10,1,mom
2010-07-01_to_2013-07-01,2010-07-01,2013-07-01,"hml,smb,mom",mkt,14,5,281,10,2,mom
2010-07-01_to_2013-07-01,2010-07-01,2013-07-01,"hml,smb,mom",mkt,14,5,281,10,3,mom
2010-07-01_to_2013-07-01,2010-07-01,2013-07-01,"hml,smb,mom",mkt,14,5,281,10,4,mom
2010-07-01_to_2013-07-01,2010-07-01,2013-07-01,"hml,smb,mom",mkt,14,5,281,10,5,mom
2010-07-01_to_2013-07-01,2010-07-01,2013-07-01,"hml,smb,mom",mkt,14,5,281,10,6,smb
2010-07-01_to_2013-07-01,2010-07-01,2013-07-01,"hml,smb,mom",mkt,14,5,281,10,7,smb
2010-07-01_to_2013-07-01,2010-07-01,2013-07-01,"hml,smb,mom",mkt,14,5,281,10,8,mom
2010-07-01_to_2013-07-01,2010-07-01,2013-07-01,"hml,smb,mom",mkt,14,5,281,10,9,hml
2010-07-01_to_2013-07-01,2010-07-01,2013-07-01,"hml,smb,mom",mkt,14,5,281,10,10,mom
2010-07-01_to_2013-07-01,2010-07-01,2013-07-01,"hml,smb,mom",mkt,14,5,282,10,1,mom
2010-07-01_to_2013-07-01,2010-07-01,2013-07-01,"hml,smb,mom",mkt,14,5,282,10,2,mom
2010-07-01_to_2013-07-01,2010-07-01,2013-07-01,"hml,smb,mom",mkt,14,5,282,10,3,mom
2010-07-01_to_2013-07-01,2010-07-01,2013-07-01,"hml,smb,mom",mkt,14,5,282,10,4,mom
2010-07-01_to_2013-07-01,2010-07-01,2013-07-01,"hml,smb,mom",mkt,14,5,282,10,5,mom
2010-07-01_to_2013-07-01,2010-07-01,2013-07-01,"hml,smb,mom",mkt,14,5,282,10,6,smb
2010-07-01_to_2013-07-01,2010-07-01,2013-07-01,"hml,smb,mom",mkt,14,5,282,10,7,smb
2010-07-01_to_2013-07-01,2010-07-01,2013-07-01,"hml,smb,mom",mkt,14,5,282,10,8,mom
2010-07-01_to_2013-07-01,2010-07-01,2013-07-01,"hml,smb,mom",mkt,14,5,282,10,9,hml
2010-07-01_to_2013-07-01,2010-07-01,2013-07-01,"hml,smb,mom",mkt,14,5,282,10,10,mom
2010-07-01_to_2013-07-01,2010-07-01,2013-07-01,"hml,smb,mom",mkt,14,5,288,8,1,mom
2010-07-01_to_2013-07-01,2010-07-01,2013-07-01,"hml,smb,mom",mkt,14,5,288,8,2,mom
2010-07-01_to_2013-07-01,2010-07-01,2013-07-01,"hml,smb,mom",mkt,14,5,288,8,3,mom
2010-07-01_to_2013-07-01,2010-07-01,2013-07-01,"hml,smb,mom",mkt,14,5,288,8,4,mom
2010-07-01_to_2013-07-01,2010-07-01,2013-07-01,"hml,smb,mom",mkt,14,5,288,8,5,mom
2010-07-01_to_2013-07-01,2010-07-01,2013-07-01,"hml,smb,mom",mkt,14,5,288,8,6,hml
2010-07-01_to_2013-07-01,2010-07-01,2013-07-01,"hml,smb,mom",mkt,14,5,288,8,7,smb
2010-07-01_to_2013-07-01,2010-07-01,2013-07-01,"hml,smb,mom",mkt,14,5,288,8,8,hml
2010-07-01_to_2013-07-01,2010-07-01,2013-07-01,"hml,smb,mom",mkt,14,5,289,8,1,mom
2010-07-01_to_2013-07-01,2010-07-01,2013-07-01,"hml,smb,mom",mkt,14,5,289,8,2,mom
2010-07-01_to_2013-07-01,2010-07-01,2013-07-01,"hml,smb,mom",mkt,14,5,289,8,3,mom
2010-07-01_to_2013-07-01,2010-07-01,2013-07-01,"hml,smb,mom",mkt,14,5,289,8,4,mom
2010-07-01_to_2013-07-01,2010-07-01,2013-07-01,"hml,smb,mom",mkt,14,5,289,8,5,mom
2010-07-01_to_2013-07-01,2010-07-01,2013-07-01,"hml,smb,mom",mkt,14,5,289,8,6,hml
2010-07-01_to_2013-07-01,2010-07-01,2013-07-01,"hml,smb,mom",mkt,14,5,289,8,7,smb
2010-07-01_to_2013-07-01,2010-07-01,2013-07-01,"hml,smb,mom",mkt,14,5,289,8,8,hml
2010-07-01_to_2013-07-01,2010-07-01,2013-07-01,"hml,smb,mom",mkt,14,5,291,8,1,mom
2010-07-01_to_2013-07-01,2010-07-01,2013-07-01,"hml,smb,mom",mkt,14,5,291,8,2,mom
2010-07-01_to_2013-07-01,2010-07-01,2013-07-01,"hml,smb,mom",mkt,14,5,291,8,3,mom
2010-07-01_to_2013-07-01,2010-07-01,2013-07-01,"hml,smb,mom",mkt,14,5,291,8,4,mom
2010-07-01_to_2013-07-01,2010-07-01,2013-07-01,"hml,smb,mom",mkt,14,5,291,8,5,mom
2010-07-01_to_2013-07-01,2010-07-01,2013-07-01,"hml,smb,mom",mkt,14,5,291,8,6,hml
2010-07-01_to_2013-07-01,2010-07-01,2013-07-01,"hml,smb,mom",mkt,14,5,291,8,7,smb
2010-07-01_to_2013-07-01,2010-07-01,2013-07-01,"hml,smb,mom",mkt,14,5,291,8,8,hml
2010-07-01_to_2013-07-01,2010-07-01,2013-07-01,"hml,smb,mom",mkt,14,5,292,8,1,mom
2010-07-01_to_2013-07-01,2010-07-01,2013-07-01,"hml,smb,mom",mkt,14,5,292,8,2,mom
2010-07-01_to_2013-07-01,2010-07-01,2013-07-01,"hml,smb,mom",mkt,14,5,292,8,3,mom
2010-07-01_to_2013-07-01,2010-07-01,2013-07-01,"hml,smb,mom",mkt,14,5,292,8,4,mom
2010-07-01_to_2013-07-01,2010-07-01,2013-07-01,"hml,smb,mom",mkt,14,5,292,8,5,mom
2010-07-01_to_2013-07-01,2010-07-01,2013-07-01,"hml,smb,mom",mkt,14,5,292,8,6,hml
2010-07-01_to_2013-07-01,2010-07-01,2013-07-01,"hml,smb,mom",mkt,14,5,292,8,7,smb
2010-07-01_to_2013-07-01,2010-07-01,2013-07-01,"hml,smb,mom",mkt,14,5,292,8,8,hml
2010-07-01_to_2013-07-01,2010-07-01,2013-07-01,"hml,smb,mom",mkt,14,5,294,7,1,mom
2010-07-01_to_2013-07-01,2010-07-01,2013-07-01,"hml,smb,mom",mkt,14,5,294,7,2,mom
2010-07-01_to_2013-07-01,2010-07-01,2013-07-01,"hml,smb,mom",mkt,14,5,294,7,3,mom
2010-07-01_to_2013-07-01,2010-07-01,2013-07-01,"hml,smb,mom",mkt,14,5,294,7,4,mom
2010-07-01_to_2013-07-01,2010-07-01,2013-07-01,"hml,smb,mom",mkt,14,5,294,7,5,mom
2010-07-01_to_2013-07-01,2010-07-01,2013-07-01,"hml,smb,mom",mkt,14,5,294,7,6,hml
2010-07-01_to_2013-07-01,2010-07-01,2013-07-01,"hml,smb,mom",mkt,14,5,294,7,7,hml
2010-07-01_to_2013-07-01,2010-07-01,2013-07-01,"hml,smb,mom",mkt,14,5,297,9,1,mom
2010-07-01_to_2013-07-01,2010-07-01,2013-07-01,"hml,smb,mom",mkt,14,5,297,9,2,mom
2010-07-01_to_2013-07-01,2010-07-01,2013-07-01,"hml,smb,mom",mkt,14,5,297,9,3,mom
2010-07-01_to_2013-07-01,2010-07-01,2013-07-01,"hml,smb,mom",mkt,14,5,297,9,4,mom
2010-07-01_to_2013-07-01,2010-07-01,2013-07-01,"hml,smb,mom",mkt,14,5,297,9,5,mom
2010-07-01_to_2013-07-01,2010-07-01,2013-07-01,"hml,smb,mom",mkt,14,5,297,9,6,hml
2010-07-01_to_2013-07-01,2010-07-01,2013-07-01,"hml,smb,mom",mkt,14,5,297,9,7,hml
2010-07-01_to_2013-07-01,2010-07-01,2013-07-01,"hml,smb,mom",mkt,14,5,297,9,8,mom
2010-07-01_to_2013-07-01,2010-07-01,2013-07-01,"hml,smb,mom",mkt,14,5,297,9,9,smb
2010-07-01_to_2013-07-01,2010-07-01,2013-07-01,"hml,smb,mom",mkt,14,5,298,9,1,mom
2010-07-01_to_2013-07-01,2010-07-01,2013-07-01,"hml,smb,mom",mkt,14,5,298,9,2,mom
2010-07-01_to_2013-07-01,2010-07-01,2013-07-01,"hml,smb,mom",mkt,14,5,298,9,3,mom
2010-07-01_to_2013-07-01,2010-07-01,2013-07-01,"hml,smb,mom",mkt,14,5,298,9,4,mom
2010-07-01_to_2013-07-01,2010-07-01,2013-07-01,"hml,smb,mom",mkt,14,5,298,9,5,mom
2010-07-01_to_2013-07-01,2010-07-01,2013-07-01,"hml,smb,mom",mkt,14,5,298,9,6,hml
2010-07-01_to_2013-07-01,2010-07-01,2013-07-01,"hml,smb,mom",mkt,14,5,298,9,7,hml
2010-07-01_to_2013-07-01,2010-07-01,2013-07-01,"hml,smb,mom",mkt,14,5,298,9,8,mom
2010-07-01_to_2013-07-01,2010-07-01,2013-07-01,"hml,smb,mom",mkt,14,5,298,9,9,smb
2010-07-01_to_2013-07-01,2010-07-01,2013-07-01,"hml,smb,mom",mkt,14,5,299,8,1,mom
2010-07-01_to_2013-07-01,2010-07-01,2013-07-01,"hml,smb,mom",mkt,14,5,299,8,2,mom
2010-07-01_to_2013-07-01,2010-07-01,2013-07-01,"hml,smb,mom",mkt,14,5,299,8,3,mom
2010-07-01_to_2013-07-01,2010-07-01,2013-07-01,"hml,smb,mom",mkt,14,5,299,8,4,mom
2010-07-01_to_2013-07-01,2010-07-01,2013-07-01,"hml,smb,mom",mkt,14,5,299,8,5,mom
2010-07-01_to_2013-07-01,2010-07-01,2013-07-01,"hml,smb,mom",mkt,14,5,299,8,6,hml
2010-07-01_to_2013-07-01,2010-07-01,2013-07-01,"hml,smb,mom",mkt,14,5,299,8,7,hml
2010-07-01_to_2013-07-01,2010-07-01,2013-07-01,"hml,smb,mom",mkt,14,5,299,8,8,mom
2010-07-01_to_2013-07-01,2010-07-01,2013-07-01,"hml,smb,mom",mkt,14,5,301,6,1,mom
2010-07-01_to_2013-07-01,2010-07-01,2013-07-01,"hml,smb,mom",mkt,14,5,301,6,2,mom
2010-07-01_to_2013-07-01,2010-07-01,2013-07-01,"hml,smb,mom",mkt,14,5,301,6,3,mom
2010-07-01_to_2013-07-01,2010-07-01,2013-07-01,"hml,smb,mom",mkt,14,5,301,6,4,mom
2010-07-01_to_2013-07-01,2010-07-01,2013-07-01,"hml,smb,mom",mkt,14,5,301,6,5,mom
2010-07-01_to_2013-07-01,2010-07-01,2013-07-01,"hml,smb,mom",mkt,14,5,301,6,6,hml
2010-07-01_to_2013-07-01,2010-07-01,2013-07-01,"hml,smb,mom",mkt,14,5,302,6,1,mom
2010-07-01_to_2013-07-01,2010-07-01,2013-07-01,"hml,smb,mom",mkt,14,5,302,6,2,mom
2010-07-01_to_2013-07-01,2010-07-01,2013-07-01,"hml,smb,mom",mkt,14,5,302,6,3,mom
2010-07-01_to_2013-07-01,2010-07-01,2013-07-01,"hml,smb,mom",mkt,14,5,302,6,4,mom
2010-07-01_to_2013-07-01,2010-07-01,2013-07-01,"hml,smb,mom",mkt,14,5,302,6,5,mom
2010-07-01_to_2013-07-01,2010-07-01,2013-07-01,"hml,smb,mom",mkt,14,5,302,6,6,hml
2010-07-01_to_2013-07-01,2010-07-01,2013-07-01,"hml,smb,mom",mkt,14,5,307,8,1,mom
2010-07-01_to_2013-07-01,2010-07-01,2013-07-01,"hml,smb,mom",mkt,14,5,307,8,2,mom
2010-07-01_to_2013-07-01,2010-07-01,2013-07-01,"hml,smb,mom",mkt,14,5,307,8,3,mom
2010-07-01_to_2013-07-01,2010-07-01,2013-07-01,"hml,smb,mom",mkt,14,5,307,8,4,mom
2010-07-01_to_2013-07-01,2010-07-01,2013-07-01,"hml,smb,mom",mkt,14,5,307,8,5,mom
2010-07-01_to_2013-07-01,2010-07-01,2013-07-01,"hml,smb,mom",mkt,14,5,307,8,6,smb
2010-07-01_to_2013-07-01,2010-07-01,2013-07-01,"hml,smb,mom",mkt,14,5,307,8,7,mom
2010-07-01_to_2013-07-01,2010-07-01,2013-07-01,"hml,smb,mom",mkt,14,5,307,8,8,hml
2010-07-01_to_2013-07-01,2010-07-01,2013-07-01,"hml,smb,mom",mkt,14,5,308,8,1,mom
2010-07-01_to_2013-07-01,2010-07-01,2013-07-01,"hml,smb,mom",mkt,14,5,308,8,2,mom
2010-07-01_to_2013-07-01,2010-07-01,2013-07-01,"hml,smb,mom",mkt,14,5,308,8,3,mom
2010-07-01_to_2013-07-01,2010-07-01,2013-07-01,"hml,smb,mom",mkt,14,5,308,8,4,mom
2010-07-01_to_2013-07-01,2010-07-01,2013-07-01,"hml,smb,mom",mkt,14,5,308,8,5,mom
2010-07-01_to_2013-07-01,2010-07-01,2013-07-01,"hml,smb,mom",mkt,14,5,308,8,6,smb
2010-07-01_to_2013-07-01,2010-07-01,2013-07-01,"hml,smb,mom",mkt,14,5,308,8,7,mom
2010-07-01_to_2013-07-01,2010-07-01,2013-07-01,"hml,smb,mom",mkt,14,5,308,8,8,hml
2010-07-01_to_2013-07-01,2010-07-01,2013-07-01,"hml,smb,mom",mkt,14,5,310,8,1,mom
2010-07-01_to_2013-07-01,2010-07-01,2013-07-01,"hml,smb,mom",mkt,14,5,310,8,2,mom
2010-07-01_to_2013-07-01,2010-07-01,2013-07-01,"hml,smb,mom",mkt,14,5,310,8,3,mom
2010-07-01_to_2013-07-01,2010-07-01,2013-07-01,"hml,smb,mom",mkt,14,5,310,8,4,mom
2010-07-01_to_2013-07-01,2010-07-01,2013-07-01,"hml,smb,mom",mkt,14,5,310,8,5,mom
2010-07-01_to_2013-07-01,2010-07-01,2013-07-01,"hml,smb,mom",mkt,14,5,310,8,6,smb
2010-07-01_to_2013-07-01,2010-07-01,2013-07-01,"hml,smb,mom",mkt,14,5,310,8,7,mom
2010-07-01_to_2013-07-01,2010-07-01,2013-07-01,"hml,smb,mom",mkt,14,5,310,8,8,smb
2010-07-01_to_2013-07-01,2010-07-01,2013-07-01,"hml,smb,mom",mkt,14,5,311,8,1,mom
2010-07-01_to_2013-07-01,2010-07-01,2013-07-01,"hml,smb,mom",mkt,14,5,311,8,2,mom
2010-07-01_to_2013-07-01,2010-07-01,2013-07-01,"hml,smb,mom",mkt,14,5,311,8,3,mom
2010-07-01_to_2013-07-01,2010-07-01,2013-07-01,"hml,smb,mom",mkt,14,5,311,8,4,mom
2010-07-01_to_2013-07-01,2010-07-01,2013-07-01,"hml,smb,mom",mkt,14,5,311,8,5,mom
2010-07-01_to_2013-07-01,2010-07-01,2013-07-01,"hml,smb,mom",mkt,14,5,311,8,6,smb
2010-07-01_to_2013-07-01,2010-07-01,2013-07-01,"hml,smb,mom",mkt,14,5,311,8,7,mom
2010-07-01_to_2013-07-01,2010-07-01,2013-07-01,"hml,smb,mom",mkt,14,5,311,8,8,smb
2010-07-01_to_2013-07-01,2010-07-01,2013-07-01,"hml,smb,mom",mkt,14,5,313,7,1,mom
2010-07-01_to_2013-07-01,2010-07-01,2013-07-01,"hml,smb,mom",mkt,14,5,313,7,2,mom
2010-07-01_to_2013-07-01,2010-07-01,2013-07-01,"hml,smb,mom",mkt,14,5,313,7,3,mom
2010-07-01_to_2013-07-01,2010-07-01,2013-07-01,"hml,smb,mom",mkt,14,5,313,7,4,mom
2010-07-01_to_2013-07-01,2010-07-01,2013-07-01,"hml,smb,mom",mkt,14,5,313,7,5,mom
2010-07-01_to_2013-07-01,2010-07-01,2013-07-01,"hml,smb,mom",mkt,14,5,313,7,6,smb
2010-07-01_to_2013-07-01,2010-07-01,2013-07-01,"hml,smb,mom",mkt,14,5,313,7,7,hml
2010-07-01_to_2013-07-01,2010-07-01,2013-07-01,"hml,smb,mom",mkt,14,5,314,7,1,mom
2010-07-01_to_2013-07-01,2010-07-01,2013-07-01,"hml,smb,mom",mkt,14,5,314,7,2,mom
2010-07-01_to_2013-07-01,2010-07-01,2013-07-01,"hml,smb,mom",mkt,14,5,314,7,3,mom
2010-07-01_to_2013-07-01,2010-07-01,2013-07-01,"hml,smb,mom",mkt,14,5,314,7,4,mom
2010-07-01_to_2013-07-01,2010-07-01,2013-07-01,"hml,smb,mom",mkt,14,5,314,7,5,mom
2010-07-01_to_2013-07-01,2010-07-01,2013-07-01,"hml,smb,mom",mkt,14,5,314,7,6,smb
2010-07-01_to_2013-07-01,2010-07-01,2013-07-01,"hml,smb,mom",mkt,14,5,314,7,7,hml
2010-07-01_to_2013-07-01,2010-07-01,2013-07-01,"hml,smb,mom",mkt,14,5,316,6,1,mom
2010-07-01_to_2013-07-01,2010-07-01,2013-07-01,"hml,smb,mom",mkt,14,5,316,6,2,mom
2010-07-01_to_2013-07-01,2010-07-01,2013-07-01,"hml,smb,mom",mkt,14,5,316,6,3,mom
2010-07-01_to_2013-07-01,2010-07-01,2013-07-01,"hml,smb,mom",mkt,14,5,316,6,4,mom
2010-07-01_to_2013-07-01,2010-07-01,2013-07-01,"hml,smb,mom",mkt,14,5,316,6,5,mom
2010-07-01_to_2013-07-01,2010-07-01,2013-07-01,"hml,smb,mom",mkt,14,5,316,6,6,hml
2010-07-01_to_2013-07-01,2010-07-01,2013-07-01,"hml,smb,mom",mkt,14,5,318,7,1,mom
2010-07-01_to_2013-07-01,2010-07-01,2013-07-01,"hml,smb,mom",mkt,14,5,318,7,2,mom
2010-07-01_to_2013-07-01,2010-07-01,2013-07-01,"hml,smb,mom",mkt,14,5,318,7,3,mom
2010-07-01_to_2013-07-01,2010-07-01,2013-07-01,"hml,smb,mom",mkt,14,5,318,7,4,mom
2010-07-01_to_2013-07-01,2010-07-01,2013-07-01,"hml,smb,mom",mkt,14,5,318,7,5,mom
2010-07-01_to_2013-07-01,2010-07-01,2013-07-01,"hml,smb,mom",mkt,14,5,318,7,6,hml
2010-07-01_to_2013-07-01,2010-07-01,2013-07-01,"hml,smb,mom",mkt,14,5,318,7,7,hml
2010-07-01_to_2013-07-01,2010-07-01,2013-07-01,"hml,smb,mom",mkt,14,5,319,7,1,mom
2010-07-01_to_2013-07-01,2010-07-01,2013-07-01,"hml,smb,mom",mkt,14,5,319,7,2,mom
2010-07-01_to_2013-07-01,2010-07-01,2013-07-01,"hml,smb,mom",mkt,14,5,319,7,3,mom
2010-07-01_to_2013-07-01,2010-07-01,2013-07-01,"hml,smb,mom",mkt,14,5,319,7,4,mom
2010-07-01_to_2013-07-01,2010-07-01,2013-07-01,"hml,smb,mom",mkt,14,5,319,7,5,mom
2010-07-01_to_2013-07-01,2010-07-01,2013-07-01,"hml,smb,mom",mkt,14,5,319,7,6,hml
2010-07-01_to_2013-07-01,2010-07-01,2013-07-01,"hml,smb,mom",mkt,14,5,319,7,7,hml
2010-07-01_to_2013-07-01,2010-07-01,2013-07-01,"hml,smb,mom",mkt,14,5,322,4,1,mom
2010-07-01_to_2013-07-01,2010-07-01,2013-07-01,"hml,smb,mom",mkt,14,5,322,4,2,mom
2010-07-01_to_2013-07-01,2010-07-01,2013-07-01,"hml,smb,mom",mkt,14,5,322,4,3,mom
2010-07-01_to_2013-07-01,2010-07-01,2013-07-01,"hml,smb,mom",mkt,14,5,322,4,4,smb
2010-07-01_to_2013-07-01,2010-07-01,2013-07-01,"hml,smb,mom",mkt,14,5,325,6,1,mom
2010-07-01_to_2013-07-01,2010-07-01,2013-07-01,"hml,smb,mom",mkt,14,5,325,6,2,mom
2010-07-01_to_2013-07-01,2010-07-01,2013-07-01,"hml,smb,mom",mkt,14,5,325,6,3,mom
2010-07-01_to_2013-07-01,2010-07-01,2013-07-01,"hml,smb,mom",mkt,14,5,325,6,4,smb
2010-07-01_to_2013-07-01,2010-07-01,2013-07-01,"hml,smb,mom",mkt,14,5,325,6,5,smb
2010-07-01_to_2013-07-01,2010-07-01,2013-07-01,"hml,smb,mom",mkt,14,5,325,6,6,smb
2010-07-01_to_2013-07-01,2010-07-01,2013-07-01,"hml,smb,mom",mkt,14,5,326,6,1,mom
2010-07-01_to_2013-07-01,2010-07-01,2013-07-01,"hml,smb,mom",mkt,14,5,326,6,2,mom
2010-07-01_to_2013-07-01,2010-07-01,2013-07-01,"hml,smb,mom",mkt,14,5,326,6,3,mom
2010-07-01_to_2013-07-01,2010-07-01,2013-07-01,"hml,smb,mom",mkt,14,5,326,6,4,smb
2010-07-01_to_2013-07-01,2010-07-01,2013-07-01,"hml,smb,mom",mkt,14,5,326,6,5,smb
2010-07-01_to_2013-07-01,2010-07-01,2013-07-01,"hml,smb,mom",mkt,14,5,326,6,6,smb
2010-07-01_to_2013-07-01,2010-07-01,2013-07-01,"hml,smb,mom",mkt,14,5,328,6,1,mom
2010-07-01_to_2013-07-01,2010-07-01,2013-07-01,"hml,smb,mom",mkt,14,5,328,6,2,mom
2010-07-01_to_2013-07-01,2010-07-01,2013-07-01,"hml,smb,mom",mkt,14,5,328,6,3,mom
2010-07-01_to_2013-07-01,2010-07-01,2013-07-01,"hml,smb,mom",mkt,14,5,328,6,4,smb
2010-07-01_to_2013-07-01,2010-07-01,2013-07-01,"hml,smb,mom",mkt,14,5,328,6,5,smb
2010-07-01_to_2013-07-01,2010-07-01,2013-07-01,"hml,smb,mom",mkt,14,5,328,6,6,smb
2010-07-01_to_2013-07-01,2010-07-01,2013-07-01,"hml,smb,mom",mkt,14,5,329,6,1,mom
2010-07-01_to_2013-07-01,2010-07-01,2013-07-01,"hml,smb,mom",mkt,14,5,329,6,2,mom
2010-07-01_to_2013-07-01,2010-07-01,2013-07-01,"hml,smb,mom",mkt,14,5,329,6,3,mom
2010-07-01_to_2013-07-01,2010-07-01,2013-07-01,"hml,smb,mom",mkt,14,5,329,6,4,smb
2010-07-01_to_2013-07-01,2010-07-01,2013-07-01,"hml,smb,mom",mkt,14,5,329,6,5,smb
2010-07-01_to_2013-07-01,2010-07-01,2013-07-01,"hml,smb,mom",mkt,14,5,329,6,6,smb
2010-07-01_to_2013-07-01,2010-07-01,2013-07-01,"hml,smb,mom",mkt,14,5,330,3,1,mom
2010-07-01_to_2013-07-01,2010-07-01,2013-07-01,"hml,smb,mom",mkt,14,5,330,3,2,mom
2010-07-01_to_2013-07-01,2010-07-01,2013-07-01,"hml,smb,mom",mkt,14,5,330,3,3,mom
2011-01-01_to_2014-01-01,2011-01-01,2014-01-01,"hml,smb,mom",mkt,14,5,6,6,1,mom
2011-01-01_to_2014-01-01,2011-01-01,2014-01-01,"hml,smb,mom",mkt,14,5,6,6,2,mom
2011-01-01_to_2014-01-01,2011-01-01,2014-01-01,"hml,smb,mom",mkt,14,5,6,6,3,mom
2011-01-01_to_2014-01-01,2011-01-01,2014-01-01,"hml,smb,mom",mkt,14,5,6,6,4,mom
2011-01-01_to_2014-01-01,2011-01-01,2014-01-01,"hml,smb,mom",mkt,14,5,6,6,5,mom
2011-01-01_to_2014-01-01,2011-01-01,2014-01-01,"hml,smb,mom",mkt,14,5,6,6,6,smb
2011-01-01_to_2014-01-01,2011-01-01,2014-01-01,"hml,smb,mom",mkt,14,5,7,6,1,mom
2011-01-01_to_2014-01-01,2011-01-01,2014-01-01,"hml,smb,mom",mkt,14,5,7,6,2,mom
2011-01-01_to_2014-01-01,2011-01-01,2014-01-01,"hml,smb,mom",mkt,14,5,7,6,3,mom
2011-01-01_to_2014-01-01,2011-01-01,2014-01-01,"hml,smb,mom",mkt,14,5,7,6,4,mom
2011-01-01_to_2014-01-01,2011-01-01,2014-01-01,"hml,smb,mom",mkt,14,5,7,6,5,mom
2011-01-01_to_2014-01-01,2011-01-01,2014-01-01,"hml,smb,mom",mkt,14,5,7,6,6,smb
2011-01-01_to_2014-01-01,2011-01-01,2014-01-01,"hml,smb,mom",mkt,14,5,9,6,1,mom
2011-01-01_to_2014-01-01,2011-01-01,2014-01-01,"hml,smb,mom",mkt,14,5,9,6,2,mom
2011-01-01_to_2014-01-01,2011-01-01,2014-01-01,"hml,smb,mom",mkt,14,5,9,6,3,mom
2011-01-01_to_2014-01-01,2011-01-01,2014-01-01,"hml,smb,mom",mkt,14,5,9,6,4,mom
2011-01-01_to_2014-01-01,2011-01-01,2014-01-01,"hml,smb,mom",mkt,14,5,9,6,5,mom
2011-01-01_to_2014-01-01,2011-01-01,2014-01-01,"hml,smb,mom",mkt,14,5,9,6,6,hml
2011-01-01_to_2014-01-01,2011-01-01,2014-01-01,"hml,smb,mom",mkt,14,5,11,7,1,mom
2011-01-01_to_2014-01-01,2011-01-01,2014-01-01,"hml,smb,mom",mkt,14,5,11,7,2,mom
2011-01-01_to_2014-01-01,2011-01-01,2014-01-01,"hml,smb,mom",mkt,14,5,11,7,3,mom
2011-01-01_to_2014-01-01,2011-01-01,2014-01-01,"hml,smb,mom",mkt,14,5,11,7,4,mom
2011-01-01_to_2014-01-01,2011-01-01,2014-01-01,"hml,smb,mom",mkt,14,5,11,7,5,mom
2011-01-01_to_2014-01-01,2011-01-01,2014-01-01,"hml,smb,mom",mkt,14,5,11,7,6,hml
2011-01-01_to_2014-01-01,2011-01-01,2014-01-01,"hml,smb,mom",mkt,14,5,11,7,7,smb
2011-01-01_to_2014-01-01,2011-01-01,2014-01-01,"hml,smb,mom",mkt,14,5,12,7,1,mom
2011-01-01_to_2014-01-01,2011-01-01,2014-01-01,"hml,smb,mom",mkt,14,5,12,7,2,mom
2011-01-01_to_2014-01-01,2011-01-01,2014-01-01,"hml,smb,mom",mkt,14,5,12,7,3,mom
2011-01-01_to_2014-01-01,2011-01-01,2014-01-01,"hml,smb,mom",mkt,14,5,12,7,4,mom
2011-01-01_to_2014-01-01,2011-01-01,2014-01-01,"hml,smb,mom",mkt,14,5,12,7,5,mom
2011-01-01_to_2014-01-01,2011-01-01,2014-01-01,"hml,smb,mom",mkt,14,5,12,7,6,hml
2011-01-01_to_2014-01-01,2011-01-01,2014-01-01,"hml,smb,mom",mkt,14,5,12,7,7,smb
2011-01-01_to_2014-01-01,2011-01-01,2014-01-01,"hml,smb,mom",mkt,14,5,15,6,1,mom
2011-01-01_to_2014-01-01,2011-01-01,2014-01-01,"hml,smb,mom",mkt,14,5,15,6,2,mom
2011-01-01_to_2014-01-01,2011-01-01,2014-01-01,"hml,smb,mom",mkt,14,5,15,6,3,mom
2011-01-01_to_2014-01-01,2011-01-01,2014-01-01,"hml,smb,mom",mkt,14,5,15,6,4,mom
2011-01-01_to_2014-01-01,2011-01-01,2014-01-01,"hml,smb,mom",mkt,14,5,15,6,5,smb
2011-01-01_to_2014-01-01,2011-01-01,2014-01-01,"hml,smb,mom",mkt,14,5,15,6,6,mom
2011-01-01_to_2014-01-01,2011-01-01,2014-01-01,"hml,smb,mom",mkt,14,5,16,6,1,mom
2011-01-01_to_2014-01-01,2011-01-01,2014-01-01,"hml,smb,mom",mkt,14,5,16,6,2,mom
2011-01-01_to_2014-01-01,2011-01-01,2014-01-01,"hml,smb,mom",mkt,14,5,16,6,3,mom
2011-01-01_to_2014-01-01,2011-01-01,2014-01-01,"hml,smb,mom",mkt,14,5,16,6,4,mom
2011-01-01_to_2014-01-01,2011-01-01,2014-01-01,"hml,smb,mom",mkt,14,5,16,6,5,smb
2011-01-01_to_2014-01-01,2011-01-01,2014-01-01,"hml,smb,mom",mkt,14,5,16,6,6,mom
2011-01-01_to_2014-01-01,2011-01-01,2014-01-01,"hml,smb,mom",mkt,14,5,19,7,1,mom
2011-01-01_to_2014-01-01,2011-01-01,2014-01-01,"hml,smb,mom",mkt,14,5,19,7,2,mom
2011-01-01_to_2014-01-01,2011-01-01,2014-01-01,"hml,smb,mom",mkt,14,5,19,7,3,mom
2011-01-01_to_2014-01-01,2011-01-01,2014-01-01,"hml,smb,mom",mkt,14,5,19,7,4,mom
2011-01-01_to_2014-01-01,2011-01-01,2014-01-01,"hml,smb,mom",mkt,14,5,19,7,5,smb
2011-01-01_to_2014-01-01,2011-01-01,2014-01-01,"hml,smb,mom",mkt,14,5,19,7,6,mom
2011-01-01_to_2014-01-01,2011-01-01,2014-01-01,"hml,smb,mom",mkt,14,5,19,7,7,hml
2011-01-01_to_2014-01-01,2011-01-01,2014-01-01,"hml,smb,mom",mkt,14,5,22,9,1,mom
2011-01-01_to_2014-01-01,2011-01-01,2014-01-01,"hml,smb,mom",mkt,14,5,22,9,2,mom
2011-01-01_to_2014-01-01,2011-01-01,2014-01-01,"hml,smb,mom",mkt,14,5,22,9,3,mom
2011-01-01_to_2014-01-01,2011-01-01,2014-01-01,"hml,smb,mom",mkt,14,5,22,9,4,mom
2011-01-01_to_2014-01-01,2011-01-01,2014-01-01,"hml,smb,mom",mkt,14,5,22,9,5,smb
2011-01-01_to_2014-01-01,2011-01-01,2014-01-01,"hml,smb,mom",mkt,14,5,22,9,6,mom
2011-01-01_to_2014-01-01,2011-01-01,2014-01-01,"hml,smb,mom",mkt,14,5,22,9,7,hml
2011-01-01_to_2014-01-01,2011-01-01,2014-01-01,"hml,smb,mom",mkt,14,5,22,9,8,mom
2011-01-01_to_2014-01-01,2011-01-01,2014-01-01,"hml,smb,mom",mkt,14,5,22,9,9,smb
2011-01-01_to_2014-01-01,2011-01-01,2014-01-01,"hml,smb,mom",mkt,14,5,23,9,1,mom
2011-01-01_to_2014-01-01,2011-01-01,2014-01-01,"hml,smb,mom",mkt,14,5,23,9,2,mom
2011-01-01_to_2014-01-01,2011-01-01,2014-01-01,"hml,smb,mom",mkt,14,5,23,9,3,mom
2011-01-01_to_2014-01-01,2011-01-01,2014-01-01,"hml,smb,mom",mkt,14,5,23,9,4,mom
2011-01-01_to_2014-01-01,2011-01-01,2014-01-01,"hml,smb,mom",mkt,14,5,23,9,5,smb
2011-01-01_to_2014-01-01,2011-01-01,2014-01-01,"hml,smb,mom",mkt,14,5,23,9,6,mom
2011-01-01_to_2014-01-01,2011-01-01,2014-01-01,"hml,smb,mom",mkt,14,5,23,9,7,hml
2011-01-01_to_2014-01-01,2011-01-01,2014-01-01,"hml,smb,mom",mkt,14,5,23,9,8,mom
2011-01-01_to_2014-01-01,2011-01-01,2014-01-01,"hml,smb,mom",mkt,14,5,23,9,9,smb
2011-01-01_to_2014-01-01,2011-01-01,2014-01-01,"hml,smb,mom",mkt,14,5,24,8,1,mom
2011-01-01_to_2014-01-01,2011-01-01,2014-01-01,"hml,smb,mom",mkt,14,5,24,8,2,mom
2011-01-01_to_2014-01-01,2011-01-01,2014-01-01,"hml,smb,mom",mkt,14,5,24,8,3,mom
2011-01-01_to_2014-01-01,2011-01-01,2014-01-01,"hml,smb,mom",mkt,14,5,24,8,4,mom
2011-01-01_to_2014-01-01,2011-01-01,2014-01-01,"hml,smb,mom",mkt,14,5,24,8,5,smb
2011-01-01_to_2014-01-01,2011-01-01,2014-01-01,"hml,smb,mom",mkt,14,5,24,8,6,mom
2011-01-01_to_2014-01-01,2011-01-01,2014-01-01,"hml,smb,mom",mkt,14,5,24,8,7,hml
2011-01-01_to_2014-01-01,2011-01-01,2014-01-01,"hml,smb,mom",mkt,14,5,24,8,8,mom
2011-01-01_to_2014-01-01,2011-01-01,2014-01-01,"hml,smb,mom",mkt,14,5,26,7,1,mom
2011-01-01_to_2014-01-01,2011-01-01,2014-01-01,"hml,smb,mom",mkt,14,5,26,7,2,mom
2011-01-01_to_2014-01-01,2011-01-01,2014-01-01,"hml,smb,mom",mkt,14,5,26,7,3,mom
2011-01-01_to_2014-01-01,2011-01-01,2014-01-01,"hml,smb,mom",mkt,14,5,26,7,4,mom
2011-01-01_to_2014-01-01,2011-01-01,2014-01-01,"hml,smb,mom",mkt,14,5,26,7,5,smb
2011-01-01_to_2014-01-01,2011-01-01,2014-01-01,"hml,smb,mom",mkt,14,5,26,7,6,mom
2011-01-01_to_2014-01-01,2011-01-01,2014-01-01,"hml,smb,mom",mkt,14,5,26,7,7,smb
2011-01-01_to_2014-01-01,2011-01-01,2014-01-01,"hml,smb,mom",mkt,14,5,28,8,1,mom
2011-01-01_to_2014-01-01,2011-01-01,2014-01-01,"hml,smb,mom",mkt,14,5,28,8,2,mom
2011-01-01_to_2014-01-01,2011-01-01,2014-01-01,"hml,smb,mom",mkt,14,5,28,8,3,mom
2011-01-01_to_2014-01-01,2011-01-01,2014-01-01,"hml,smb,mom",mkt,14,5,28,8,4,mom
2011-01-01_to_2014-01-01,2011-01-01,2014-01-01,"hml,smb,mom",mkt,14,5,28,8,5,smb
2011-01-01_to_2014-01-01,2011-01-01,2014-01-01,"hml,smb,mom",mkt,14,5,28,8,6,mom
2011-01-01_to_2014-01-01,2011-01-01,2014-01-01,"hml,smb,mom",mkt,14,5,28,8,7,smb
2011-01-01_to_2014-01-01,2011-01-01,2014-01-01,"hml,smb,mom",mkt,14,5,28,8,8,hml
2011-01-01_to_2014-01-01,2011-01-01,2014-01-01,"hml,smb,mom",mkt,14,5,29,8,1,mom
2011-01-01_to_2014-01-01,2011-01-01,2014-01-01,"hml,smb,mom",mkt,14,5,29,8,2,mom
2011-01-01_to_2014-01-01,2011-01-01,2014-01-01,"hml,smb,mom",mkt,14,5,29,8,3,mom
2011-01-01_to_2014-01-01,2011-01-01,2014-01-01,"hml,smb,mom",mkt,14,5,29,8,4,mom
2011-01-01_to_2014-01-01,2011-01-01,2014-01-01,"hml,smb,mom",mkt,14,5,29,8,5,smb
2011-01-01_to_2014-01-01,2011-01-01,2014-01-01,"hml,smb,mom",mkt,14,5,29,8,6,mom
2011-01-01_to_2014-01-01,2011-01-01,2014-01-01,"hml,smb,mom",mkt,14,5,29,8,7,smb
2011-01-01_to_2014-01-01,2011-01-01,2014-01-01,"hml,smb,mom",mkt,14,5,29,8,8,hml
2011-01-01_to_2014-01-01,2011-01-01,2014-01-01,"hml,smb,mom",mkt,14,5,33,6,1,mom
2011-01-01_to_2014-01-01,2011-01-01,2014-01-01,"hml,smb,mom",mkt,14,5,33,6,2,mom
2011-01-01_to_2014-01-01,2011-01-01,2014-01-01,"hml,smb,mom",mkt,14,5,33,6,3,mom
2011-01-01_to_2014-01-01,2011-01-01,2014-01-01,"hml,smb,mom",mkt,14,5,33,6,4,mom
2011-01-01_to_2014-01-01,2011-01-01,2014-01-01,"hml,smb,mom",mkt,14,5,33,6,5,smb
2011-01-01_to_2014-01-01,2011-01-01,2014-01-01,"hml,smb,mom",mkt,14,5,33,6,6,smb
2011-01-01_to_2014-01-01,2011-01-01,2014-01-01,"hml,smb,mom",mkt,14,5,36,8,1,mom
2011-01-01_to_2014-01-01,2011-01-01,2014-01-01,"hml,smb,mom",mkt,14,5,36,8,2,mom
2011-01-01_to_2014-01-01,2011-01-01,2014-01-01,"hml,smb,mom",mkt,14,5,36,8,3,mom
2011-01-01_to_2014-01-01,2011-01-01,2014-01-01,"hml,smb,mom",mkt,14,5,36,8,4,mom
2011-01-01_to_2014-01-01,2011-01-01,2014-01-01,"hml,smb,mom",mkt,14,5,36,8,5,smb
2011-01-01_to_2014-01-01,2011-01-01,2014-01-01,"hml,smb,mom",mkt,14,5,36,8,6,smb
2011-01-01_to_2014-01-01,2011-01-01,2014-01-01,"hml,smb,mom",mkt,14,5,36,8,7,hml
2011-01-01_to_2014-01-01,2011-01-01,2014-01-01,"hml,smb,mom",mkt,14,5,36,8,8,mom
2011-01-01_to_2014-01-01,2011-01-01,2014-01-01,"hml,smb,mom",mkt,14,5,37,8,1,mom
2011-01-01_to_2014-01-01,2011-01-01,2014-01-01,"hml,smb,mom",mkt,14,5,37,8,2,mom
2011-01-01_to_2014-01-01,2011-01-01,2014-01-01,"hml,smb,mom",mkt,14,5,37,8,3,mom
2011-01-01_to_2014-01-01,2011-01-01,2014-01-01,"hml,smb,mom",mkt,14,5,37,8,4,mom
2011-01-01_to_2014-01-01,2011-01-01,2014-01-01,"hml,smb,mom",mkt,14,5,37,8,5,smb
2011-01-01_to_2014-01-01,2011-01-01,2014-01-01,"hml,smb,mom",mkt,14,5,37,8,6,smb
2011-01-01_to_2014-01-01,2011-01-01,2014-01-01,"hml,smb,mom",mkt,14,5,37,8,7,hml
2011-01-01_to_2014-01-01,2011-01-01,2014-01-01,"hml,smb,mom",mkt,14,5,37,8,8,mom
2011-01-01_to_2014-01-01,2011-01-01,2014-01-01,"hml,smb,mom",mkt,14,5,38,7,1,mom
2011-01-01_to_2014-01-01,2011-01-01,2014-01-01,"hml,smb,mom",mkt,14,5,38,7,2,mom
2011-01-01_to_2014-01-01,2011-01-01,2014-01-01,"hml,smb,mom",mkt,14,5,38,7,3,mom
2011-01-01_to_2014-01-01,2011-01-01,2014-01-01,"hml,smb,mom",mkt,14,5,38,7,4,mom
2011-01-01_to_2014-01-01,2011-01-01,2014-01-01,"hml,smb,mom",mkt,14,5,38,7,5,smb
2011-01-01_to_2014-01-01,2011-01-01,2014-01-01,"hml,smb,mom",mkt,14,5,38,7,6,smb
2011-01-01_to_2014-01-01,2011-01-01,2014-01-01,"hml,smb,mom",mkt,14,5,38,7,7,hml
2011-01-01_to_2014-01-01,2011-01-01,2014-01-01,"hml,smb,mom",mkt,14,5,40,6,1,mom
2011-01-01_to_2014-01-01,2011-01-01,2014-01-01,"hml,smb,mom",mkt,14,5,40,6,2,mom
2011-01-01_to_2014-01-01,2011-01-01,2014-01-01,"hml,smb,mom",mkt,14,5,40,6,3,mom
2011-01-01_to_2014-01-01,2011-01-01,2014-01-01,"hml,smb,mom",mkt,14,5,40,6,4,mom
2011-01-01_to_2014-01-01,2011-01-01,2014-01-01,"hml,smb,mom",mkt,14,5,40,6,5,smb
2011-01-01_to_2014-01-01,2011-01-01,2014-01-01,"hml,smb,mom",mkt,14,5,40,6,6,smb
2011-01-01_to_2014-01-01,2011-01-01,2014-01-01,"hml,smb,mom",mkt,14,5,42,7,1,mom
2011-01-01_to_2014-01-01,2011-01-01,2014-01-01,"hml,smb,mom",mkt,14,5,42,7,2,mom
2011-01-01_to_2014-01-01,2011-01-01,2014-01-01,"hml,smb,mom",mkt,14,5,42,7,3,mom
2011-01-01_to_2014-01-01,2011-01-01,2014-01-01,"hml,smb,mom",mkt,14,5,42,7,4,mom
2011-01-01_to_2014-01-01,2011-01-01,2014-01-01,"hml,smb,mom",mkt,14,5,42,7,5,smb
2011-01-01_to_2014-01-01,2011-01-01,2014-01-01,"hml,smb,mom",mkt,14,5,42,7,6,smb
2011-01-01_to_2014-01-01,2011-01-01,2014-01-01,"hml,smb,mom",mkt,14,5,42,7,7,smb
2011-01-01_to_2014-01-01,2011-01-01,2014-01-01,"hml,smb,mom",mkt,14,5,43,7,1,mom
2011-01-01_to_2014-01-01,2011-01-01,2014-01-01,"hml,smb,mom",mkt,14,5,43,7,2,mom
2011-01-01_to_2014-01-01,2011-01-01,2014-01-01,"hml,smb,mom",mkt,14,5,43,7,3,mom
2011-01-01_to_2014-01-01,2011-01-01,2014-01-01,"hml,smb,mom",mkt,14,5,43,7,4,mom
2011-01-01_to_2014-01-01,2011-01-01,2014-01-01,"hml,smb,mom",mkt,14,5,43,7,5,smb
2011-01-01_to_2014-01-01,2011-01-01,2014-01-01,"hml,smb,mom",mkt,14,5,43,7,6,smb
2011-01-01_to_2014-01-01,2011-01-01,2014-01-01,"hml,smb,mom",mkt,14,5,43,7,7,smb
2011-01-01_to_2014-01-01,2011-01-01,2014-01-01,"hml,smb,mom",mkt,14,5,46,6,1,mom
2011-01-01_to_2014-01-01,2011-01-01,2014-01-01,"hml,smb,mom",mkt,14,5,46,6,2,mom
2011-01-01_to_2014-01-01,2011-01-01,2014-01-01,"hml,smb,mom",mkt,14,5,46,6,3,mom
2011-01-01_to_2014-01-01,2011-01-01,2014-01-01,"hml,smb,mom",mkt,14,5,46,6,4,mom
2011-01-01_to_2014-01-01,2011-01-01,2014-01-01,"hml,smb,mom",mkt,14,5,46,6,5,mom
2011-01-01_to_2014-01-01,2011-01-01,2014-01-01,"hml,smb,mom",mkt,14,5,46,6,6,hml
2011-01-01_to_2014-01-01,2011-01-01,2014-01-01,"hml,smb,mom",mkt,14,5,49,8,1,mom
2011-01-01_to_2014-01-01,2011-01-01,2014-01-01,"hml,smb,mom",mkt,14,5,49,8,2,mom
2011-01-01_to_2014-01-01,2011-01-01,2014-01-01,"hml,smb,mom",mkt,14,5,49,8,3,mom
2011-01-01_to_2014-01-01,2011-01-01,2014-01-01,"hml,smb,mom",mkt,14,5,49,8,4,mom
2011-01-01_to_2014-01-01,2011-01-01,2014-01-01,"hml,smb,mom",mkt,14,5,49,8,5,mom
2011-01-01_to_2014-01-01,2011-01-01,2014-01-01,"hml,smb,mom",mkt,14,5,49,8,6,hml
2011-01-01_to_2014-01-01,2011-01-01,2014-01-01,"hml,smb,mom",mkt,14,5,49,8,7,smb
2011-01-01_to_2014-01-01,2011-01-01,2014-01-01,"hml,smb,mom",mkt,14,5,49,8,8,smb
2011-01-01_to_2014-01-01,2011-01-01,2014-01-01,"hml,smb,mom",mkt,14,5,50,8,1,mom
2011-01-01_to_2014-01-01,2011-01-01,2014-01-01,"hml,smb,mom",mkt,14,5,50,8,2,mom
2011-01-01_to_2014-01-01,2011-01-01,2014-01-01,"hml,smb,mom",mkt,14,5,50,8,3,mom
2011-01-01_to_2014-01-01,2011-01-01,2014-01-01,"hml,smb,mom",mkt,14,5,50,8,4,mom
2011-01-01_to_2014-01-01,2011-01-01,2014-01-01,"hml,smb,mom",mkt,14,5,50,8,5,mom
2011-01-01_to_2014-01-01,2011-01-01,2014-01-01,"hml,smb,mom",mkt,14,5,50,8,6,hml
2011-01-01_to_2014-01-01,2011-01-01,2014-01-01,"hml,smb,mom",mkt,14,5,50,8,7,smb
2011-01-01_to_2014-01-01,2011-01-01,2014-01-01,"hml,smb,mom",mkt,14,5,50,8,8,smb
2011-01-01_to_2014-01-01,2011-01-01,2014-01-01,"hml,smb,mom",mkt,14,5,53,9,1,mom
2011-01-01_to_2014-01-01,2011-01-01,2014-01-01,"hml,smb,mom",mkt,14,5,53,9,2,mom
2011-01-01_to_2014-01-01,2011-01-01,2014-01-01,"hml,smb,mom",mkt,14,5,53,9,3,mom
2011-01-01_to_2014-01-01,2011-01-01,2014-01-01,"hml,smb,mom",mkt,14,5,53,9,4,mom
2011-01-01_to_2014-01-01,2011-01-01,2014-01-01,"hml,smb,mom",mkt,14,5,53,9,5,mom
2011-01-01_to_2014-01-01,2011-01-01,2014-01-01,"hml,smb,mom",mkt,14,5,53,9,6,hml
2011-01-01_to_2014-01-01,2011-01-01,2014-01-01,"hml,smb,mom",mkt,14,5,53,9,7,smb
2011-01-01_to_2014-01-01,2011-01-01,2014-01-01,"hml,smb,mom",mkt,14,5,53,9,8,mom
2011-01-01_to_2014-01-01,2011-01-01,2014-01-01,"hml,smb,mom",mkt,14,5,53,9,9,smb
2011-01-01_to_2014-01-01,2011-01-01,2014-01-01,"hml,smb,mom",mkt,14,5,54,9,1,mom
2011-01-01_to_2014-01-01,2011-01-01,2014-01-01,"hml,smb,mom",mkt,14,5,54,9,2,mom
2011-01-01_to_2014-01-01,2011-01-01,2014-01-01,"hml,smb,mom",mkt,14,5,54,9,3,mom
2011-01-01_to_2014-01-01,2011-01-01,2014-01-01,"hml,smb,mom",mkt,14,5,54,9,4,mom
2011-01-01_to_2014-01-01,2011-01-01,2014-01-01,"hml,smb,mom",mkt,14,5,54,9,5,mom
2011-01-01_to_2014-01-01,2011-01-01,2014-01-01,"hml,smb,mom",mkt,14,5,54,9,6,hml
2011-01-01_to_2014-01-01,2011-01-01,2014-01-01,"hml,smb,mom",mkt,14,5,54,9,7,smb
2011-01-01_to_2014-01-01,2011-01-01,2014-01-01,"hml,smb,mom",mkt,14,5,54,9,8,mom
2011-01-01_to_2014-01-01,2011-01-01,2014-01-01,"hml,smb,mom",mkt,14,5,54,9,9,smb
2011-01-01_to_2014-01-01,2011-01-01,2014-01-01,"hml,smb,mom",mkt,14,5,55,8,1,mom
2011-01-01_to_2014-01-01,2011-01-01,2014-01-01,"hml,smb,mom",mkt,14,5,55,8,2,mom
2011-01-01_to_2014-01-01,2011-01-01,2014-01-01,"hml,smb,mom",mkt,14,5,55,8,3,mom
2011-01-01_to_2014-01-01,2011-01-01,2014-01-01,"hml,smb,mom",mkt,14,5,55,8,4,mom
2011-01-01_to_2014-01-01,2011-01-01,2014-01-01,"hml,smb,mom",mkt,14,5,55,8,5,mom
2011-01-01_to_2014-01-01,2011-01-01,2014-01-01,"hml,smb,mom",mkt,14,5,55,8,6,hml
2011-01-01_to_2014-01-01,2011-01-01,2014-01-01,"hml,smb,mom",mkt,14,5,55,8,7,smb
2011-01-01_to_2014-01-01,2011-01-01,2014-01-01,"hml,smb,mom",mkt,14,5,55,8,8,mom
2011-01-01_to_2014-01-01,2011-01-01,2014-01-01,"hml,smb,mom",mkt,14,5,57,6,1,mom
2011-01-01_to_2014-01-01,2011-01-01,2014-01-01,"hml,smb,mom",mkt,14,5,57,6,2,mom
2011-01-01_to_2014-01-01,2011-01-01,2014-01-01,"hml,smb,mom",mkt,14,5,57,6,3,mom
2011-01-01_to_2014-01-01,2011-01-01,2014-01-01,"hml,smb,mom",mkt,14,5,57,6,4,mom
2011-01-01_to_2014-01-01,2011-01-01,2014-01-01,"hml,smb,mom",mkt,14,5,57,6,5,mom
2011-01-01_to_2014-01-01,2011-01-01,2014-01-01,"hml,smb,mom",mkt,14,5,57,6,6,smb
2011-01-01_to_2014-01-01,2011-01-01,2014-01-01,"hml,smb,mom",mkt,14,5,59,7,1,mom
2011-01-01_to_2014-01-01,2011-01-01,2014-01-01,"hml,smb,mom",mkt,14,5,59,7,2,mom
2011-01-01_to_2014-01-01,2011-01-01,2014-01-01,"hml,smb,mom",mkt,14,5,59,7,3,mom
2011-01-01_to_2014-01-01,2011-01-01,2014-01-01,"hml,smb,mom",mkt,14,5,59,7,4,mom
2011-01-01_to_2014-01-01,2011-01-01,2014-01-01,"hml,smb,mom",mkt,14,5,59,7,5,mom
2011-01-01_to_2014-01-01,2011-01-01,2014-01-01,"hml,smb,mom",mkt,14,5,59,7,6,smb
2011-01-01_to_2014-01-01,2011-01-01,2014-01-01,"hml,smb,mom",mkt,14,5,59,7,7,hml
2011-01-01_to_2014-01-01,2011-01-01,2014-01-01,"hml,smb,mom",mkt,14,5,60,7,1,mom
2011-01-01_to_2014-01-01,2011-01-01,2014-01-01,"hml,smb,mom",mkt,14,5,60,7,2,mom
2011-01-01_to_2014-01-01,2011-01-01,2014-01-01,"hml,smb,mom",mkt,14,5,60,7,3,mom
2011-01-01_to_2014-01-01,2011-01-01,2014-01-01,"hml,smb,mom",mkt,14,5,60,7,4,mom
2011-01-01_to_2014-01-01,2011-01-01,2014-01-01,"hml,smb,mom",mkt,14,5,60,7,5,mom
2011-01-01_to_2014-01-01,2011-01-01,2014-01-01,"hml,smb,mom",mkt,14,5,60,7,6,smb
2011-01-01_to_2014-01-01,2011-01-01,2014-01-01,"hml,smb,mom",mkt,14,5,60,7,7,hml
2011-01-01_to_2014-01-01,2011-01-01,2014-01-01,"hml,smb,mom",mkt,14,5,65,6,1,mom
2011-01-01_to_2014-01-01,2011-01-01,2014-01-01,"hml,smb,mom",mkt,14,5,65,6,2,mom
2011-01-01_to_2014-01-01,2011-01-01,2014-01-01,"hml,smb,mom",mkt,14,5,65,6,3,mom
2011-01-01_to_2014-01-01,2011-01-01,2014-01-01,"hml,smb,mom",mkt,14,5,65,6,4,mom
2011-01-01_to_2014-01-01,2011-01-01,2014-01-01,"hml,smb,mom",mkt,14,5,65,6,5,smb
2011-01-01_to_2014-01-01,2011-01-01,2014-01-01,"hml,smb,mom",mkt,14,5,65,6,6,smb
2011-01-01_to_2014-01-01,2011-01-01,2014-01-01,"hml,smb,mom",mkt,14,5,69,9,1,mom
2011-01-01_to_2014-01-01,2011-01-01,2014-01-01,"hml,smb,mom",mkt,14,5,69,9,2,mom
2011-01-01_to_2014-01-01,2011-01-01,2014-01-01,"hml,smb,mom",mkt,14,5,69,9,3,mom
2011-01-01_to_2014-01-01,2011-01-01,2014-01-01,"hml,smb,mom",mkt,14,5,69,9,4,mom
2011-01-01_to_2014-01-01,2011-01-01,2014-01-01,"hml,smb,mom",mkt,14,5,69,9,5,smb
2011-01-01_to_2014-01-01,2011-01-01,2014-01-01,"hml,smb,mom",mkt,14,5,69,9,6,smb
2011-01-01_to_2014-01-01,2011-01-01,2014-01-01,"hml,smb,mom",mkt,14,5,69,9,7,mom
2011-01-01_to_2014-01-01,2011-01-01,2014-01-01,"hml,smb,mom",mkt,14,5,69,9,8,hml
2011-01-01_to_2014-01-01,2011-01-01,2014-01-01,"hml,smb,mom",mkt,14,5,69,9,9,hml
2011-01-01_to_2014-01-01,2011-01-01,2014-01-01,"hml,smb,mom",mkt,14,5,70,9,1,mom
2011-01-01_to_2014-01-01,2011-01-01,2014-01-01,"hml,smb,mom",mkt,14,5,70,9,2,mom
2011-01-01_to_2014-01-01,2011-01-01,2014-01-01,"hml,smb,mom",mkt,14,5,70,9,3,mom
2011-01-01_to_2014-01-01,2011-01-01,2014-01-01,"hml,smb,mom",mkt,14,5,70,9,4,mom
2011-01-01_to_2014-01-01,2011-01-01,2014-01-01,"hml,smb,mom",mkt,14,5,70,9,5,smb
2011-01-01_to_2014-01-01,2011-01-01,2014-01-01,"hml,smb,mom",mkt,14,5,70,9,6,smb
2011-01-01_to_2014-01-01,2011-01-01,2014-01-01,"hml,smb,mom",mkt,14,5,70,9,7,mom
2011-01-01_to_2014-01-01,2011-01-01,2014-01-01,"hml,smb,mom",mkt,14,5,70,9,8,hml
2011-01-01_to_2014-01-01,2011-01-01,2014-01-01,"hml,smb,mom",mkt,14,5,70,9,9,hml
2011-01-01_to_2014-01-01,2011-01-01,2014-01-01,"hml,smb,mom",mkt,14,5,72,9,1,mom
2011-01-01_to_2014-01-01,2011-01-01,2014-01-01,"hml,smb,mom",mkt,14,5,72,9,2,mom
2011-01-01_to_2014-01-01,2011-01-01,2014-01-01,"hml,smb,mom",mkt,14,5,72,9,3,mom
2011-01-01_to_2014-01-01,2011-01-01,2014-01-01,"hml,smb,mom",mkt,14,5,72,9,4,mom
2011-01-01_to_2014-01-01,2011-01-01,2014-01-01,"hml,smb,mom",mkt,14,5,72,9,5,smb
2011-01-01_to_2014-01-01,2011-01-01,2014-01-01,"hml,smb,mom",mkt,14,5,72,9,6,smb
2011-01-01_to_2014-01-01,2011-01-01,2014-01-01,"hml,smb,mom",mkt,14,5,72,9,7,mom
2011-01-01_to_2014-01-01,2011-01-01,2014-01-01,"hml,smb,mom",mkt,14,5,72,9,8,hml
2011-01-01_to_2014-01-01,2011-01-01,2014-01-01,"hml,smb,mom",mkt,14,5,72,9,9,mom
2011-01-01_to_2014-01-01,2011-01-01,2014-01-01,"hml,smb,mom",mkt,14,5,73,9,1,mom
2011-01-01_to_2014-01-01,2011-01-01,2014-01-01,"hml,smb,mom",mkt,14,5,73,9,2,mom
2011-01-01_to_2014-01-01,2011-01-01,2014-01-01,"hml,smb,mom",mkt,14,5,73,9,3,mom
2011-01-01_to_2014-01-01,2011-01-01,2014-01-01,"hml,smb,mom",mkt,14,5,73,9,4,mom
2011-01-01_to_2014-01-01,2011-01-01,2014-01-01,"hml,smb,mom",mkt,14,5,73,9,5,smb
2011-01-01_to_2014-01-01,2011-01-01,2014-01-01,"hml,smb,mom",mkt,14,5,73,9,6,smb
2011-01-01_to_2014-01-01,2011-01-01,2014-01-01,"hml,smb,mom",mkt,14,5,73,9,7,mom
2011-01-01_to_2014-01-01,2011-01-01,2014-01-01,"hml,smb,mom",mkt,14,5,73,9,8,hml
2011-01-01_to_2014-01-01,2011-01-01,2014-01-01,"hml,smb,mom",mkt,14,5,73,9,9,mom
2011-01-01_to_2014-01-01,2011-01-01,2014-01-01,"hml,smb,mom",mkt,14,5,75,8,1,mom
2011-01-01_to_2014-01-01,2011-01-01,2014-01-01,"hml,smb,mom",mkt,14,5,75,8,2,mom
2011-01-01_to_2014-01-01,2011-01-01,2014-01-01,"hml,smb,mom",mkt,14,5,75,8,3,mom
2011-01-01_to_2014-01-01,2011-01-01,2014-01-01,"hml,smb,mom",mkt,14,5,75,8,4,mom
2011-01-01_to_2014-01-01,2011-01-01,2014-01-01,"hml,smb,mom",mkt,14,5,75,8,5,smb
2011-01-01_to_2014-01-01,2011-01-01,2014-01-01,"hml,smb,mom",mkt,14,5,75,8,6,smb
2011-01-01_to_2014-01-01,2011-01-01,2014-01-01,"hml,smb,mom",mkt,14,5,75,8,7,mom
2011-01-01_to_2014-01-01,2011-01-01,2014-01-01,"hml,smb,mom",mkt,14,5,75,8,8,mom
2011-01-01_to_2014-01-01,2011-01-01,2014-01-01,"hml,smb,mom",mkt,14,5,78,10,1,mom
2011-01-01_to_2014-01-01,2011-01-01,2014-01-01,"hml,smb,mom",mkt,14,5,78,10,2,mom
2011-01-01_to_2014-01-01,2011-01-01,2014-01-01,"hml,smb,mom",mkt,14,5,78,10,3,mom
2011-01-01_to_2014-01-01,2011-01-01,2014-01-01,"hml,smb,mom",mkt,14,5,78,10,4,mom
2011-01-01_to_2014-01-01,2011-01-01,2014-01-01,"hml,smb,mom",mkt,14,5,78,10,5,smb
2011-01-01_to_2014-01-01,2011-01-01,2014-01-01,"hml,smb,mom",mkt,14,5,78,10,6,smb
2011-01-01_to_2014-01-01,2011-01-01,2014-01-01,"hml,smb,mom",mkt,14,5,78,10,7,mom
2011-01-01_to_2014-01-01,2011-01-01,2014-01-01,"hml,smb,mom",mkt,14,5,78,10,8,mom
2011-01-01_to_2014-01-01,2011-01-01,2014-01-01,"hml,smb,mom",mkt,14,5,78,10,9,hml
2011-01-01_to_2014-01-01,2011-01-01,2014-01-01,"hml,smb,mom",mkt,14,5,78,10,10,smb
2011-01-01_to_2014-01-01,2011-01-01,2014-01-01,"hml,smb,mom",mkt,14,5,79,10,1,mom
2011-01-01_to_2014-01-01,2011-01-01,2014-01-01,"hml,smb,mom",mkt,14,5,79,10,2,mom
2011-01-01_to_2014-01-01,2011-01-01,2014-01-01,"hml,smb,mom",mkt,14,5,79,10,3,mom
2011-01-01_to_2014-01-01,2011-01-01,2014-01-01,"hml,smb,mom",mkt,14,5,79,10,4,mom
2011-01-01_to_2014-01-01,2011-01-01,2014-01-01,"hml,smb,mom",mkt,14,5,79,10,5,smb
2011-01-01_to_2014-01-01,2011-01-01,2014-01-01,"hml,smb,mom",mkt,14,5,79,10,6,smb
2011-01-01_to_2014-01-01,2011-01-01,2014-01-01,"hml,smb,mom",mkt,14,5,79,10,7,mom
2011-01-01_to_2014-01-01,2011-01-01,2014-01-01,"hml,smb,mom",mkt,14,5,79,10,8,mom
2011-01-01_to_2014-01-01,2011-01-01,2014-01-01,"hml,smb,mom",mkt,14,5,79,10,9,hml
2011-01-01_to_2014-01-01,2011-01-01,2014-01-01,"hml,smb,mom",mkt,14,5,79,10,10,smb
2011-01-01_to_2014-01-01,2011-01-01,2014-01-01,"hml,smb,mom",mkt,14,5,80,9,1,mom
2011-01-01_to_2014-01-01,2011-01-01,2014-01-01,"hml,smb,mom",mkt,14,5,80,9,2,mom
2011-01-01_to_2014-01-01,2011-01-01,2014-01-01,"hml,smb,mom",mkt,14,5,80,9,3,mom
2011-01-01_to_2014-01-01,2011-01-01,2014-01-01,"hml,smb,mom",mkt,14,5,80,9,4,mom
2011-01-01_to_2014-01-01,2011-01-01,2014-01-01,"hml,smb,mom",mkt,14,5,80,9,5,smb
2011-01-01_to_2014-01-01,2011-01-01,2014-01-01,"hml,smb,mom",mkt,14,5,80,9,6,smb
2011-01-01_to_2014-01-01,2011-01-01,2014-01-01,"hml,smb,mom",mkt,14,5,80,9,7,mom
2011-01-01_to_2014-01-01,2011-01-01,2014-01-01,"hml,smb,mom",mkt,14,5,80,9,8,mom
2011-01-01_to_2014-01-01,2011-01-01,2014-01-01,"hml,smb,mom",mkt,14,5,80,9,9,hml
2011-01-01_to_2014-01-01,2011-01-01,2014-01-01,"hml,smb,mom",mkt,14,5,83,7,1,mom
2011-01-01_to_2014-01-01,2011-01-01,2014-01-01,"hml,smb,mom",mkt,14,5,83,7,2,mom
2011-01-01_to_2014-01-01,2011-01-01,2014-01-01,"hml,smb,mom",mkt,14,5,83,7,3,mom
2011-01-01_to_2014-01-01,2011-01-01,2014-01-01,"hml,smb,mom",mkt,14,5,83,7,4,mom
2011-01-01_to_2014-01-01,2011-01-01,2014-01-01,"hml,smb,mom",mkt,14,5,83,7,5,smb
2011-01-01_to_2014-01-01,2011-01-01,2014-01-01,"hml,smb,mom",mkt,14,5,83,7,6,hml
2011-01-01_to_2014-01-01,2011-01-01,2014-01-01,"hml,smb,mom",mkt,14,5,83,7,7,mom
2011-01-01_to_2014-01-01,2011-01-01,2014-01-01,"hml,smb,mom",mkt,14,5,84,7,1,mom
2011-01-01_to_2014-01-01,2011-01-01,2014-01-01,"hml,smb,mom",mkt,14,5,84,7,2,mom
2011-01-01_to_2014-01-01,2011-01-01,2014-01-01,"hml,smb,mom",mkt,14,5,84,7,3,mom
2011-01-01_to_2014-01-01,2011-01-01,2014-01-01,"hml,smb,mom",mkt,14,5,84,7,4,mom
2011-01-01_to_2014-01-01,2011-01-01,2014-01-01,"hml,smb,mom",mkt,14,5,84,7,5,smb
2011-01-01_to_2014-01-01,2011-01-01,2014-01-01,"hml,smb,mom",mkt,14,5,84,7,6,hml
2011-01-01_to_2014-01-01,2011-01-01,2014-01-01,"hml,smb,mom",mkt,14,5,84,7,7,mom
2011-01-01_to_2014-01-01,2011-01-01,2014-01-01,"hml,smb,mom",mkt,14,5,86,7,1,mom
2011-01-01_to_2014-01-01,2011-01-01,2014-01-01,"hml,smb,mom",mkt,14,5,86,7,2,mom
2011-01-01_to_2014-01-01,2011-01-01,2014-01-01,"hml,smb,mom",mkt,14,5,86,7,3,mom
2011-01-01_to_2014-01-01,2011-01-01,2014-01-01,"hml,smb,mom",mkt,14,5,86,7,4,mom
2011-01-01_to_2014-01-01,2011-01-01,2014-01-01,"hml,smb,mom",mkt,14,5,86,7,5,smb
2011-01-01_to_2014-01-01,2011-01-01,2014-01-01,"hml,smb,mom",mkt,14,5,86,7,6,hml
2011-01-01_to_2014-01-01,2011-01-01,2014-01-01,"hml,smb,mom",mkt,14,5,86,7,7,smb
2011-01-01_to_2014-01-01,2011-01-01,2014-01-01,"hml,smb,mom",mkt,14,5,87,7,1,mom
2011-01-01_to_2014-01-01,2011-01-01,2014-01-01,"hml,smb,mom",mkt,14,5,87,7,2,mom
2011-01-01_to_2014-01-01,2011-01-01,2014-01-01,"hml,smb,mom",mkt,14,5,87,7,3,mom
2011-01-01_to_2014-01-01,2011-01-01,2014-01-01,"hml,smb,mom",mkt,14,5,87,7,4,mom
2011-01-01_to_2014-01-01,2011-01-01,2014-01-01,"hml,smb,mom",mkt,14,5,87,7,5,smb
2011-01-01_to_2014-01-01,2011-01-01,2014-01-01,"hml,smb,mom",mkt,14,5,87,7,6,hml
2011-01-01_to_2014-01-01,2011-01-01,2014-01-01,"hml,smb,mom",mkt,14,5,87,7,7,smb
2011-01-01_to_2014-01-01,2011-01-01,2014-01-01,"hml,smb,mom",mkt,14,5,90,6,1,mom
2011-01-01_to_2014-01-01,2011-01-01,2014-01-01,"hml,smb,mom",mkt,14,5,90,6,2,mom
2011-01-01_to_2014-01-01,2011-01-01,2014-01-01,"hml,smb,mom",mkt,14,5,90,6,3,mom
2011-01-01_to_2014-01-01,2011-01-01,2014-01-01,"hml,smb,mom",mkt,14,5,90,6,4,mom
2011-01-01_to_2014-01-01,2011-01-01,2014-01-01,"hml,smb,mom",mkt,14,5,90,6,5,smb
2011-01-01_to_2014-01-01,2011-01-01,2014-01-01,"hml,smb,mom",mkt,14,5,90,6,6,mom
2011-01-01_to_2014-01-01,2011-01-01,2014-01-01,"hml,smb,mom",mkt,14,5,91,6,1,mom
2011-01-01_to_2014-01-01,2011-01-01,2014-01-01,"hml,smb,mom",mkt,14,5,91,6,2,mom
2011-01-01_to_2014-01-01,2011-01-01,2014-01-01,"hml,smb,mom",mkt,14,5,91,6,3,mom
2011-01-01_to_2014-01-01,2011-01-01,2014-01-01,"hml,smb,mom",mkt,14,5,91,6,4,mom
2011-01-01_to_2014-01-01,2011-01-01,2014-01-01,"hml,smb,mom",mkt,14,5,91,6,5,smb
2011-01-01_to_2014-01-01,2011-01-01,2014-01-01,"hml,smb,mom",mkt,14,5,91,6,6,mom
2011-01-01_to_2014-01-01,2011-01-01,2014-01-01,"hml,smb,mom",mkt,14,5,96,9,1,mom
2011-01-01_to_2014-01-01,2011-01-01,2014-01-01,"hml,smb,mom",mkt,14,5,96,9,2,mom
2011-01-01_to_2014-01-01,2011-01-01,2014-01-01,"hml,smb,mom",mkt,14,5,96,9,3,mom
2011-01-01_to_2014-01-01,2011-01-01,2014-01-01,"hml,smb,mom",mkt,14,5,96,9,4,mom
2011-01-01_to_2014-01-01,2011-01-01,2014-01-01,"hml,smb,mom",mkt,14,5,96,9,5,smb
2011-01-01_to_2014-01-01,2011-01-01,2014-01-01,"hml,smb,mom",mkt,14,5,96,9,6,mom
2011-01-01_to_2014-01-01,2011-01-01,2014-01-01,"hml,smb,mom",mkt,14,5,96,9,7,smb
2011-01-01_to_2014-01-01,2011-01-01,2014-01-01,"hml,smb,mom",mkt,14,5,96,9,8,smb
2011-01-01_to_2014-01-01,2011-01-01,2014-01-01,"hml,smb,mom",mkt,14,5,96,9,9,hml
2011-01-01_to_2014-01-01,2011-01-01,2014-01-01,"hml,smb,mom",mkt,14,5,98,10,1,mom
2011-01-01_to_2014-01-01,2011-01-01,2014-01-01,"hml,smb,mom",mkt,14,5,98,10,2,mom
2011-01-01_to_2014-01-01,2011-01-01,2014-01-01,"hml,smb,mom",mkt,14,5,98,10,3,mom
2011-01-01_to_2014-01-01,2011-01-01,2014-01-01,"hml,smb,mom",mkt,14,5,98,10,4,mom
2011-01-01_to_2014-01-01,2011-01-01,2014-01-01,"hml,smb,mom",mkt,14,5,98,10,5,smb
2011-01-01_to_2014-01-01,2011-01-01,2014-01-01,"hml,smb,mom",mkt,14,5,98,10,6,mom
2011-01-01_to_2014-01-01,2011-01-01,2014-01-01,"hml,smb,mom",mkt,14,5,98,10,7,smb
2011-01-01_to_2014-01-01,2011-01-01,2014-01-01,"hml,smb,mom",mkt,14,5,98,10,8,smb
2011-01-01_to_2014-01-01,2011-01-01,2014-01-01,"hml,smb,mom",mkt,14,5,98,10,9,hml
2011-01-01_to_2014-01-01,2011-01-01,2014-01-01,"hml,smb,mom",mkt,14,5,98,10,10,smb
2011-01-01_to_2014-01-01,2011-01-01,2014-01-01,"hml,smb,mom",mkt,14,5,100,11,1,mom
2011-01-01_to_2014-01-01,2011-01-01,2014-01-01,"hml,smb,mom",mkt,14,5,100,11,2,mom
2011-01-01_to_2014-01-01,2011-01-01,2014-01-01,"hml,smb,mom",mkt,14,5,100,11,3,mom
2011-01-01_to_2014-01-01,2011-01-01,2014-01-01,"hml,smb,mom",mkt,14,5,100,11,4,mom
2011-01-01_to_2014-01-01,2011-01-01,2014-01-01,"hml,smb,mom",mkt,14,5,100,11,5,smb
2011-01-01_to_2014-01-01,2011-01-01,2014-01-01,"hml,smb,mom",mkt,14,5,100,11,6,mom
2011-01-01_to_2014-01-01,2011-01-01,2014-01-01,"hml,smb,mom",mkt,14,5,100,11,7,smb
2011-01-01_to_2014-01-01,2011-01-01,2014-01-01,"hml,smb,mom",mkt,14,5,100,11,8,smb
2011-01-01_to_2014-01-01,2011-01-01,2014-01-01,"hml,smb,mom",mkt,14,5,100,11,9,hml
2011-01-01_to_2014-01-01,2011-01-01,2014-01-01,"hml,smb,mom",mkt,14,5,100,11,10,smb
2011-01-01_to_2014-01-01,2011-01-01,2014-01-01,"hml,smb,mom",mkt,14,5,100,11,11,smb
2011-01-01_to_2014-01-01,2011-01-01,2014-01-01,"hml,smb,mom",mkt,14,5,101,11,1,mom
2011-01-01_to_2014-01-01,2011-01-01,2014-01-01,"hml,smb,mom",mkt,14,5,101,11,2,mom
2011-01-01_to_2014-01-01,2011-01-01,2014-01-01,"hml,smb,mom",mkt,14,5,101,11,3,mom
2011-01-01_to_2014-01-01,2011-01-01,2014-01-01,"hml,smb,mom",mkt,14,5,101,11,4,mom
2011-01-01_to_2014-01-01,2011-01-01,2014-01-01,"hml,smb,mom",mkt,14,5,101,11,5,smb
2011-01-01_to_2014-01-01,2011-01-01,2014-01-01,"hml,smb,mom",mkt,14,5,101,11,6,mom
2011-01-01_to_2014-01-01,2011-01-01,2014-01-01,"hml,smb,mom",mkt,14,5,101,11,7,smb
2011-01-01_to_2014-01-01,2011-01-01,2014-01-01,"hml,smb,mom",mkt,14,5,101,11,8,smb
2011-01-01_to_2014-01-01,2011-01-01,2014-01-01,"hml,smb,mom",mkt,14,5,101,11,9,hml
2011-01-01_to_2014-01-01,2011-01-01,2014-01-01,"hml,smb,mom",mkt,14,5,101,11,10,smb
2011-01-01_to_2014-01-01,2011-01-01,2014-01-01,"hml,smb,mom",mkt,14,5,101,11,11,smb
2011-01-01_to_2014-01-01,2011-01-01,2014-01-01,"hml,smb,mom",mkt,14,5,102,8,1,mom
2011-01-01_to_2014-01-01,2011-01-01,2014-01-01,"hml,smb,mom",mkt,14,5,102,8,2,mom
2011-01-01_to_2014-01-01,2011-01-01,2014-01-01,"hml,smb,mom",mkt,14,5,102,8,3,mom
2011-01-01_to_2014-01-01,2011-01-01,2014-01-01,"hml,smb,mom",mkt,14,5,102,8,4,mom
2011-01-01_to_2014-01-01,2011-01-01,2014-01-01,"hml,smb,mom",mkt,14,5,102,8,5,smb
2011-01-01_to_2014-01-01,2011-01-01,2014-01-01,"hml,smb,mom",mkt,14,5,102,8,6,mom
2011-01-01_to_2014-01-01,2011-01-01,2014-01-01,"hml,smb,mom",mkt,14,5,102,8,7,smb
2011-01-01_to_2014-01-01,2011-01-01,2014-01-01,"hml,smb,mom",mkt,14,5,102,8,8,smb
2011-01-01_to_2014-01-01,2011-01-01,2014-01-01,"hml,smb,mom",mkt,14,5,104,8,1,mom
2011-01-01_to_2014-01-01,2011-01-01,2014-01-01,"hml,smb,mom",mkt,14,5,104,8,2,mom
2011-01-01_to_2014-01-01,2011-01-01,2014-01-01,"hml,smb,mom",mkt,14,5,104,8,3,mom
2011-01-01_to_2014-01-01,2011-01-01,2014-01-01,"hml,smb,mom",mkt,14,5,104,8,4,mom
2011-01-01_to_2014-01-01,2011-01-01,2014-01-01,"hml,smb,mom",mkt,14,5,104,8,5,smb
2011-01-01_to_2014-01-01,2011-01-01,2014-01-01,"hml,smb,mom",mkt,14,5,104,8,6,mom
2011-01-01_to_2014-01-01,2011-01-01,2014-01-01,"hml,smb,mom",mkt,14,5,104,8,7,smb
2011-01-01_to_2014-01-01,2011-01-01,2014-01-01,"hml,smb,mom",mkt,14,5,104,8,8,hml
2011-01-01_to_2014-01-01,2011-01-01,2014-01-01,"hml,smb,mom",mkt,14,5,106,9,1,mom
2011-01-01_to_2014-01-01,2011-01-01,2014-01-01,"hml,smb,mom",mkt,14,5,106,9,2,mom
2011-01-01_to_2014-01-01,2011-01-01,2014-01-01,"hml,smb,mom",mkt,14,5,106,9,3,mom
2011-01-01_to_2014-01-01,2011-01-01,2014-01-01,"hml,smb,mom",mkt,14,5,106,9,4,mom
2011-01-01_to_2014-01-01,2011-01-01,2014-01-01,"hml,smb,mom",mkt,14,5,106,9,5,smb
2011-01-01_to_2014-01-01,2011-01-01,2014-01-01,"hml,smb,mom",mkt,14,5,106,9,6,mom
2011-01-01_to_2014-01-01,2011-01-01,2014-01-01,"hml,smb,mom",mkt,14,5,106,9,7,smb
2011-01-01_to_2014-01-01,2011-01-01,2014-01-01,"hml,smb,mom",mkt,14,5,106,9,8,hml
2011-01-01_to_2014-01-01,2011-01-01,2014-01-01,"hml,smb,mom",mkt,14,5,106,9,9,hml
2011-01-01_to_2014-01-01,2011-01-01,2014-01-01,"hml,smb,mom",mkt,14,5,108,10,1,mom
2011-01-01_to_2014-01-01,2011-01-01,2014-01-01,"hml,smb,mom",mkt,14,5,108,10,2,mom
2011-01-01_to_2014-01-01,2011-01-01,2014-01-01,"hml,smb,mom",mkt,14,5,108,10,3,mom
2011-01-01_to_2014-01-01,2011-01-01,2014-01-01,"hml,smb,mom",mkt,14,5,108,10,4,mom
2011-01-01_to_2014-01-01,2011-01-01,2014-01-01,"hml,smb,mom",mkt,14,5,108,10,5,smb
2011-01-01_to_2014-01-01,2011-01-01,2014-01-01,"hml,smb,mom",mkt,14,5,108,10,6,mom
2011-01-01_to_2014-01-01,2011-01-01,2014-01-01,"hml,smb,mom",mkt,14,5,108,10,7,smb
2011-01-01_to_2014-01-01,2011-01-01,2014-01-01,"hml,smb,mom",mkt,14,5,108,10,8,hml
2011-01-01_to_2014-01-01,2011-01-01,2014-01-01,"hml,smb,mom",mkt,14,5,108,10,9,hml
2011-01-01_to_2014-01-01,2011-01-01,2014-01-01,"hml,smb,mom",mkt,14,5,108,10,10,smb
2011-01-01_to_2014-01-01,2011-01-01,2014-01-01,"hml,smb,mom",mkt,14,5,109,10,1,mom
2011-01-01_to_2014-01-01,2011-01-01,2014-01-01,"hml,smb,mom",mkt,14,5,109,10,2,mom
2011-01-01_to_2014-01-01,2011-01-01,2014-01-01,"hml,smb,mom",mkt,14,5,109,10,3,mom
2011-01-01_to_2014-01-01,2011-01-01,2014-01-01,"hml,smb,mom",mkt,14,5,109,10,4,mom
2011-01-01_to_2014-01-01,2011-01-01,2014-01-01,"hml,smb,mom",mkt,14,5,109,10,5,smb
2011-01-01_to_2014-01-01,2011-01-01,2014-01-01,"hml,smb,mom",mkt,14,5,109,10,6,mom
2011-01-01_to_2014-01-01,2011-01-01,2014-01-01,"hml,smb,mom",mkt,14,5,109,10,7,smb
2011-01-01_to_2014-01-01,2011-01-01,2014-01-01,"hml,smb,mom",mkt,14,5,109,10,8,hml
2011-01-01_to_2014-01-01,2011-01-01,2014-01-01,"hml,smb,mom",mkt,14,5,109,10,9,hml
2011-01-01_to_2014-01-01,2011-01-01,2014-01-01,"hml,smb,mom",mkt,14,5,109,10,10,smb
2011-01-01_to_2014-01-01,2011-01-01,2014-01-01,"hml,smb,mom",mkt,14,5,110,6,1,mom
2011-01-01_to_2014-01-01,2011-01-01,2014-01-01,"hml,smb,mom",mkt,14,5,110,6,2,mom
2011-01-01_to_2014-01-01,2011-01-01,2014-01-01,"hml,smb,mom",mkt,14,5,110,6,3,mom
2011-01-01_to_2014-01-01,2011-01-01,2014-01-01,"hml,smb,mom",mkt,14,5,110,6,4,mom
2011-01-01_to_2014-01-01,2011-01-01,2014-01-01,"hml,smb,mom",mkt,14,5,110,6,5,smb
2011-01-01_to_2014-01-01,2011-01-01,2014-01-01,"hml,smb,mom",mkt,14,5,110,6,6,mom
2011-01-01_to_2014-01-01,2011-01-01,2014-01-01,"hml,smb,mom",mkt,14,5,114,6,1,mom
2011-01-01_to_2014-01-01,2011-01-01,2014-01-01,"hml,smb,mom",mkt,14,5,114,6,2,mom
2011-01-01_to_2014-01-01,2011-01-01,2014-01-01,"hml,smb,mom",mkt,14,5,114,6,3,mom
2011-01-01_to_2014-01-01,2011-01-01,2014-01-01,"hml,smb,mom",mkt,14,5,114,6,4,mom
2011-01-01_to_2014-01-01,2011-01-01,2014-01-01,"hml,smb,mom",mkt,14,5,114,6,5,smb
2011-01-01_to_2014-01-01,2011-01-01,2014-01-01,"hml,smb,mom",mkt,14,5,114,6,6,mom
2011-01-01_to_2014-01-01,2011-01-01,2014-01-01,"hml,smb,mom",mkt,14,5,116,7,1,mom
2011-01-01_to_2014-01-01,2011-01-01,2014-01-01,"hml,smb,mom",mkt,14,5,116,7,2,mom
2011-01-01_to_2014-01-01,2011-01-01,2014-01-01,"hml,smb,mom",mkt,14,5,116,7,3,mom
2011-01-01_to_2014-01-01,2011-01-01,2014-01-01,"hml,smb,mom",mkt,14,5,116,7,4,mom
2011-01-01_to_2014-01-01,2011-01-01,2014-01-01,"hml,smb,mom",mkt,14,5,116,7,5,smb
2011-01-01_to_2014-01-01,2011-01-01,2014-01-01,"hml,smb,mom",mkt,14,5,116,7,6,mom
2011-01-01_to_2014-01-01,2011-01-01,2014-01-01,"hml,smb,mom",mkt,14,5,116,7,7,smb
2011-01-01_to_2014-01-01,2011-01-01,2014-01-01,"hml,smb,mom",mkt,14,5,119,9,1,mom
2011-01-01_to_2014-01-01,2011-01-01,2014-01-01,"hml,smb,mom",mkt,14,5,119,9,2,mom
2011-01-01_to_2014-01-01,2011-01-01,2014-01-01,"hml,smb,mom",mkt,14,5,119,9,3,mom
2011-01-01_to_2014-01-01,2011-01-01,2014-01-01,"hml,smb,mom",mkt,14,5,119,9,4,mom
2011-01-01_to_2014-01-01,2011-01-01,2014-01-01,"hml,smb,mom",mkt,14,5,119,9,5,smb
2011-01-01_to_2014-01-01,2011-01-01,2014-01-01,"hml,smb,mom",mkt,14,5,119,9,6,mom
2011-01-01_to_2014-01-01,2011-01-01,2014-01-01,"hml,smb,mom",mkt,14,5,119,9,7,smb
2011-01-01_to_2014-01-01,2011-01-01,2014-01-01,"hml,smb,mom",mkt,14,5,119,9,8,hml
2011-01-01_to_2014-01-01,2011-01-01,2014-01-01,"hml,smb,mom",mkt,14,5,119,9,9,hml
2011-01-01_to_2014-01-01,2011-01-01,2014-01-01,"hml,smb,mom",mkt,14,5,120,9,1,mom
2011-01-01_to_2014-01-01,2011-01-01,2014-01-01,"hml,smb,mom",mkt,14,5,120,9,2,mom
2011-01-01_to_2014-01-01,2011-01-01,2014-01-01,"hml,smb,mom",mkt,14,5,120,9,3,mom
2011-01-01_to_2014-01-01,2011-01-01,2014-01-01,"hml,smb,mom",mkt,14,5,120,9,4,mom
2011-01-01_to_2014-01-01,2011-01-01,2014-01-01,"hml,smb,mom",mkt,14,5,120,9,5,smb
2011-01-01_to_2014-01-01,2011-01-01,2014-01-01,"hml,smb,mom",mkt,14,5,120,9,6,mom
2011-01-01_to_2014-01-01,2011-01-01,2014-01-01,"hml,smb,mom",mkt,14,5,120,9,7,smb
2011-01-01_to_2014-01-01,2011-01-01,2014-01-01,"hml,smb,mom",mkt,14,5,120,9,8,hml
2011-01-01_to_2014-01-01,2011-01-01,2014-01-01,"hml,smb,mom",mkt,14,5,120,9,9,hml
2011-01-01_to_2014-01-01,2011-01-01,2014-01-01,"hml,smb,mom",mkt,14,5,121,8,1,mom
2011-01-01_to_2014-01-01,2011-01-01,2014-01-01,"hml,smb,mom",mkt,14,5,121,8,2,mom
2011-01-01_to_2014-01-01,2011-01-01,2014-01-01,"hml,smb,mom",mkt,14,5,121,8,3,mom
2011-01-01_to_2014-01-01,2011-01-01,2014-01-01,"hml,smb,mom",mkt,14,5,121,8,4,mom
2011-01-01_to_2014-01-01,2011-01-01,2014-01-01,"hml,smb,mom",mkt,14,5,121,8,5,smb
2011-01-01_to_2014-01-01,2011-01-01,2014-01-01,"hml,smb,mom",mkt,14,5,121,8,6,mom
2011-01-01_to_2014-01-01,2011-01-01,2014-01-01,"hml,smb,mom",mkt,14,5,121,8,7,smb
2011-01-01_to_2014-01-01,2011-01-01,2014-01-01,"hml,smb,mom",mkt,14,5,121,8,8,hml
2011-01-01_to_2014-01-01,2011-01-01,2014-01-01,"hml,smb,mom",mkt,14,5,124,7,1,mom
2011-01-01_to_2014-01-01,2011-01-01,2014-01-01,"hml,smb,mom",mkt,14,5,124,7,2,mom
2011-01-01_to_2014-01-01,2011-01-01,2014-01-01,"hml,smb,mom",mkt,14,5,124,7,3,mom
2011-01-01_to_2014-01-01,2011-01-01,2014-01-01,"hml,smb,mom",mkt,14,5,124,7,4,mom
2011-01-01_to_2014-01-01,2011-01-01,2014-01-01,"hml,smb,mom",mkt,14,5,124,7,5,smb
2011-01-01_to_2014-01-01,2011-01-01,2014-01-01,"hml,smb,mom",mkt,14,5,124,7,6,hml
2011-01-01_to_2014-01-01,2011-01-01,2014-01-01,"hml,smb,mom",mkt,14,5,124,7,7,hml
2011-01-01_to_2014-01-01,2011-01-01,2014-01-01,"hml,smb,mom",mkt,14,5,125,7,1,mom
2011-01-01_to_2014-01-01,2011-01-01,2014-01-01,"hml,smb,mom",mkt,14,5,125,7,2,mom
2011-01-01_to_2014-01-01,2011-01-01,2014-01-01,"hml,smb,mom",mkt,14,5,125,7,3,mom
2011-01-01_to_2014-01-01,2011-01-01,2014-01-01,"hml,smb,mom",mkt,14,5,125,7,4,mom
2011-01-01_to_2014-01-01,2011-01-01,2014-01-01,"hml,smb,mom",mkt,14,5,125,7,5,smb
2011-01-01_to_2014-01-01,2011-01-01,2014-01-01,"hml,smb,mom",mkt,14,5,125,7,6,hml
2011-01-01_to_2014-01-01,2011-01-01,2014-01-01,"hml,smb,mom",mkt,14,5,125,7,7,hml
2011-01-01_to_2014-01-01,2011-01-01,2014-01-01,"hml,smb,mom",mkt,14,5,127,7,1,mom
2011-01-01_to_2014-01-01,2011-01-01,2014-01-01,"hml,smb,mom",mkt,14,5,127,7,2,mom
2011-01-01_to_2014-01-01,2011-01-01,2014-01-01,"hml,smb,mom",mkt,14,5,127,7,3,mom
2011-01-01_to_2014-01-01,2011-01-01,2014-01-01,"hml,smb,mom",mkt,14,5,127,7,4,mom
2011-01-01_to_2014-01-01,2011-01-01,2014-01-01,"hml,smb,mom",mkt,14,5,127,7,5,smb
2011-01-01_to_2014-01-01,2011-01-01,2014-01-01,"hml,smb,mom",mkt,14,5,127,7,6,hml
2011-01-01_to_2014-01-01,2011-01-01,2014-01-01,"hml,smb,mom",mkt,14,5,127,7,7,hml
2011-01-01_to_2014-01-01,2011-01-01,2014-01-01,"hml,smb,mom",mkt,14,5,129,8,1,mom
2011-01-01_to_2014-01-01,2011-01-01,2014-01-01,"hml,smb,mom",mkt,14,5,129,8,2,mom
2011-01-01_to_2014-01-01,2011-01-01,2014-01-01,"hml,smb,mom",mkt,14,5,129,8,3,mom
2011-01-01_to_2014-01-01,2011-01-01,2014-01-01,"hml,smb,mom",mkt,14,5,129,8,4,mom
2011-01-01_to_2014-01-01,2011-01-01,2014-01-01,"hml,smb,mom",mkt,14,5,129,8,5,smb
2011-01-01_to_2014-01-01,2011-01-01,2014-01-01,"hml,smb,mom",mkt,14,5,129,8,6,hml
2011-01-01_to_2014-01-01,2011-01-01,2014-01-01,"hml,smb,mom",mkt,14,5,129,8,7,hml
2011-01-01_to_2014-01-01,2011-01-01,2014-01-01,"hml,smb,mom",mkt,14,5,129,8,8,smb
2011-01-01_to_2014-01-01,2011-01-01,2014-01-01,"hml,smb,mom",mkt,14,5,130,8,1,mom
2011-01-01_to_2014-01-01,2011-01-01,2014-01-01,"hml,smb,mom",mkt,14,5,130,8,2,mom
2011-01-01_to_2014-01-01,2011-01-01,2014-01-01,"hml,smb,mom",mkt,14,5,130,8,3,mom
2011-01-01_to_2014-01-01,2011-01-01,2014-01-01,"hml,smb,mom",mkt,14,5,130,8,4,mom
2011-01-01_to_2014-01-01,2011-01-01,2014-01-01,"hml,smb,mom",mkt,14,5,130,8,5,smb
2011-01-01_to_2014-01-01,2011-01-01,2014-01-01,"hml,smb,mom",mkt,14,5,130,8,6,hml
2011-01-01_to_2014-01-01,2011-01-01,2014-01-01,"hml,smb,mom",mkt,14,5,130,8,7,hml
2011-01-01_to_2014-01-01,2011-01-01,2014-01-01,"hml,smb,mom",mkt,14,5,130,8,8,smb
2011-01-01_to_2014-01-01,2011-01-01,2014-01-01,"hml,smb,mom",mkt,14,5,133,6,1,mom
2011-01-01_to_2014-01-01,2011-01-01,2014-01-01,"hml,smb,mom",mkt,14,5,133,6,2,mom
2011-01-01_to_2014-01-01,2011-01-01,2014-01-01,"hml,smb,mom",mkt,14,5,133,6,3,mom
2011-01-01_to_2014-01-01,2011-01-01,2014-01-01,"hml,smb,mom",mkt,14,5,133,6,4,mom
2011-01-01_to_2014-01-01,2011-01-01,2014-01-01,"hml,smb,mom",mkt,14,5,133,6,5,hml
2011-01-01_to_2014-01-01,2011-01-01,2014-01-01,"hml,smb,mom",mkt,14,5,133,6,6,hml
2011-01-01_to_2014-01-01,2011-01-01,2014-01-01,"hml,smb,mom",mkt,14,5,134,6,1,mom
2011-01-01_to_2014-01-01,2011-01-01,2014-01-01,"hml,smb,mom",mkt,14,5,134,6,2,mom
2011-01-01_to_2014-01-01,2011-01-01,2014-01-01,"hml,smb,mom",mkt,14,5,134,6,3,mom
2011-01-01_to_2014-01-01,2011-01-01,2014-01-01,"hml,smb,mom",mkt,14,5,134,6,4,mom
2011-01-01_to_2014-01-01,2011-01-01,2014-01-01,"hml,smb,mom",mkt,14,5,134,6,5,hml
2011-01-01_to_2014-01-01,2011-01-01,2014-01-01,"hml,smb,mom",mkt,14,5,134,6,6,hml
2011-01-01_to_2014-01-01,2011-01-01,2014-01-01,"hml,smb,mom",mkt,14,5,138,8,1,mom
2011-01-01_to_2014-01-01,2011-01-01,2014-01-01,"hml,smb,mom",mkt,14,5,138,8,2,mom
2011-01-01_to_2014-01-01,2011-01-01,2014-01-01,"hml,smb,mom",mkt,14,5,138,8,3,mom
2011-01-01_to_2014-01-01,2011-01-01,2014-01-01,"hml,smb,mom",mkt,14,5,138,8,4,mom
2011-01-01_to_2014-01-01,2011-01-01,2014-01-01,"hml,smb,mom",mkt,14,5,138,8,5,hml
2011-01-01_to_2014-01-01,2011-01-01,2014-01-01,"hml,smb,mom",mkt,14,5,138,8,6,hml
2011-01-01_to_2014-01-01,2011-01-01,2014-01-01,"hml,smb,mom",mkt,14,5,138,8,7,smb
2011-01-01_to_2014-01-01,2011-01-01,2014-01-01,"hml,smb,mom",mkt,14,5,138,8,8,mom
2011-01-01_to_2014-01-01,2011-01-01,2014-01-01,"hml,smb,mom",mkt,14,5,141,10,1,mom
2011-01-01_to_2014-01-01,2011-01-01,2014-01-01,"hml,smb,mom",mkt,14,5,141,10,2,mom
2011-01-01_to_2014-01-01,2011-01-01,2014-01-01,"hml,smb,mom",mkt,14,5,141,10,3,mom
2011-01-01_to_2014-01-01,2011-01-01,2014-01-01,"hml,smb,mom",mkt,14,5,141,10,4,mom
2011-01-01_to_2014-01-01,2011-01-01,2014-01-01,"hml,smb,mom",mkt,14,5,141,10,5,hml
2011-01-01_to_2014-01-01,2011-01-01,2014-01-01,"hml,smb,mom",mkt,14,5,141,10,6,hml
2011-01-01_to_2014-01-01,2011-01-01,2014-01-01,"hml,smb,mom",mkt,14,5,141,10,7,smb
2011-01-01_to_2014-01-01,2011-01-01,2014-01-01,"hml,smb,mom",mkt,14,5,141,10,8,mom
2011-01-01_to_2014-01-01,2011-01-01,2014-01-01,"hml,smb,mom",mkt,14,5,141,10,9,mom
2011-01-01_to_2014-01-01,2011-01-01,2014-01-01,"hml,smb,mom",mkt,14,5,141,10,10,smb
2011-01-01_to_2014-01-01,2011-01-01,2014-01-01,"hml,smb,mom",mkt,14,5,142,10,1,mom
2011-01-01_to_2014-01-01,2011-01-01,2014-01-01,"hml,smb,mom",mkt,14,5,142,10,2,mom
2011-01-01_to_2014-01-01,2011-01-01,2014-01-01,"hml,smb,mom",mkt,14,5,142,10,3,mom
2011-01-01_to_2014-01-01,2011-01-01,2014-01-01,"hml,smb,mom",mkt,14,5,142,10,4,mom
2011-01-01_to_2014-01-01,2011-01-01,2014-01-01,"hml,smb,mom",mkt,14,5,142,10,5,hml
2011-01-01_to_2014-01-01,2011-01-01,2014-01-01,"hml,smb,mom",mkt,14,5,142,10,6,hml
2011-01-01_to_2014-01-01,2011-01-01,2014-01-01,"hml,smb,mom",mkt,14,5,142,10,7,smb
2011-01-01_to_2014-01-01,2011-01-01,2014-01-01,"hml,smb,mom",mkt,14,5,142,10,8,mom
2011-01-01_to_2014-01-01,2011-01-01,2014-01-01,"hml,smb,mom",mkt,14,5,142,10,9,mom
2011-01-01_to_2014-01-01,2011-01-01,2014-01-01,"hml,smb,mom",mkt,14,5,142,10,10,smb
2011-01-01_to_2014-01-01,2011-01-01,2014-01-01,"hml,smb,mom",mkt,14,5,143,9,1,mom
2011-01-01_to_2014-01-01,2011-01-01,2014-01-01,"hml,smb,mom",mkt,14,5,143,9,2,mom
2011-01-01_to_2014-01-01,2011-01-01,2014-01-01,"hml,smb,mom",mkt,14,5,143,9,3,mom
2011-01-01_to_2014-01-01,2011-01-01,2014-01-01,"hml,smb,mom",mkt,14,5,143,9,4,mom
2011-01-01_to_2014-01-01,2011-01-01,2014-01-01,"hml,smb,mom",mkt,14,5,143,9,5,hml
2011-01-01_to_2014-01-01,2011-01-01,2014-01-01,"hml,smb,mom",mkt,14,5,143,9,6,hml
2011-01-01_to_2014-01-01,2011-01-01,2014-01-01,"hml,smb,mom",mkt,14,5,143,9,7,smb
2011-01-01_to_2014-01-01,2011-01-01,2014-01-01,"hml,smb,mom",mkt,14,5,143,9,8,mom
2011-01-01_to_2014-01-01,2011-01-01,2014-01-01,"hml,smb,mom",mkt,14,5,143,9,9,mom
2011-01-01_to_2014-01-01,2011-01-01,2014-01-01,"hml,smb,mom",mkt,14,5,145,8,1,mom
2011-01-01_to_2014-01-01,2011-01-01,2014-01-01,"hml,smb,mom",mkt,14,5,145,8,2,mom
2011-01-01_to_2014-01-01,2011-01-01,2014-01-01,"hml,smb,mom",mkt,14,5,145,8,3,mom
2011-01-01_to_2014-01-01,2011-01-01,2014-01-01,"hml,smb,mom",mkt,14,5,145,8,4,mom
2011-01-01_to_2014-01-01,2011-01-01,2014-01-01,"hml,smb,mom",mkt,14,5,145,8,5,hml
2011-01-01_to_2014-01-01,2011-01-01,2014-01-01,"hml,smb,mom",mkt,14,5,145,8,6,hml
2011-01-01_to_2014-01-01,2011-01-01,2014-01-01,"hml,smb,mom",mkt,14,5,145,8,7,smb
2011-01-01_to_2014-01-01,2011-01-01,2014-01-01,"hml,smb,mom",mkt,14,5,145,8,8,mom
2011-01-01_to_2014-01-01,2011-01-01,2014-01-01,"hml,smb,mom",mkt,14,5,146,8,1,mom
2011-01-01_to_2014-01-01,2011-01-01,2014-01-01,"hml,smb,mom",mkt,14,5,146,8,2,mom
2011-01-01_to_2014-01-01,2011-01-01,2014-01-01,"hml,smb,mom",mkt,14,5,146,8,3,mom
2011-01-01_to_2014-01-01,2011-01-01,2014-01-01,"hml,smb,mom",mkt,14,5,146,8,4,mom
2011-01-01_to_2014-01-01,2011-01-01,2014-01-01,"hml,smb,mom",mkt,14,5,146,8,5,hml
2011-01-01_to_2014-01-01,2011-01-01,2014-01-01,"hml,smb,mom",mkt,14,5,146,8,6,hml
2011-01-01_to_2014-01-01,2011-01-01,2014-01-01,"hml,smb,mom",mkt,14,5,146,8,7,smb
2011-01-01_to_2014-01-01,2011-01-01,2014-01-01,"hml,smb,mom",mkt,14,5,146,8,8,mom
2011-01-01_to_2014-01-01,2011-01-01,2014-01-01,"hml,smb,mom",mkt,14,5,151,10,1,mom
2011-01-01_to_2014-01-01,2011-01-01,2014-01-01,"hml,smb,mom",mkt,14,5,151,10,2,mom
2011-01-01_to_2014-01-01,2011-01-01,2014-01-01,"hml,smb,mom",mkt,14,5,151,10,3,mom
2011-01-01_to_2014-01-01,2011-01-01,2014-01-01,"hml,smb,mom",mkt,14,5,151,10,4,mom
2011-01-01_to_2014-01-01,2011-01-01,2014-01-01,"hml,smb,mom",mkt,14,5,151,10,5,hml
2011-01-01_to_2014-01-01,2011-01-01,2014-01-01,"hml,smb,mom",mkt,14,5,151,10,6,hml
2011-01-01_to_2014-01-01,2011-01-01,2014-01-01,"hml,smb,mom",mkt,14,5,151,10,7,smb
2011-01-01_to_2014-01-01,2011-01-01,2014-01-01,"hml,smb,mom",mkt,14,5,151,10,8,smb
2011-01-01_to_2014-01-01,2011-01-01,2014-01-01,"hml,smb,mom",mkt,14,5,151,10,9,mom
2011-01-01_to_2014-01-01,2011-01-01,2014-01-01,"hml,smb,mom",mkt,14,5,151,10,10,smb
2011-01-01_to_2014-01-01,2011-01-01,2014-01-01,"hml,smb,mom",mkt,14,5,153,11,1,mom
2011-01-01_to_2014-01-01,2011-01-01,2014-01-01,"hml,smb,mom",mkt,14,5,153,11,2,mom
2011-01-01_to_2014-01-01,2011-01-01,2014-01-01,"hml,smb,mom",mkt,14,5,153,11,3,mom
2011-01-01_to_2014-01-01,2011-01-01,2014-01-01,"hml,smb,mom",mkt,14,5,153,11,4,mom
2011-01-01_to_2014-01-01,2011-01-01,2014-01-01,"hml,smb,mom",mkt,14,5,153,11,5,hml
2011-01-01_to_2014-01-01,2011-01-01,2014-01-01,"hml,smb,mom",mkt,14,5,153,11,6,hml
2011-01-01_to_2014-01-01,2011-01-01,2014-01-01,"hml,smb,mom",mkt,14,5,153,11,7,smb
2011-01-01_to_2014-01-01,2011-01-01,2014-01-01,"hml,smb,mom",mkt,14,5,153,11,8,smb
2011-01-01_to_2014-01-01,2011-01-01,2014-01-01,"hml,smb,mom",mkt,14,5,153,11,9,mom
2011-01-01_to_2014-01-01,2011-01-01,2014-01-01,"hml,smb,mom",mkt,14,5,153,11,10,smb
2011-01-01_to_2014-01-01,2011-01-01,2014-01-01,"hml,smb,mom",mkt,14,5,153,11,11,smb
2011-01-01_to_2014-01-01,2011-01-01,2014-01-01,"hml,smb,mom",mkt,14,5,154,11,1,mom
2011-01-01_to_2014-01-01,2011-01-01,2014-01-01,"hml,smb,mom",mkt,14,5,154,11,2,mom
2011-01-01_to_2014-01-01,2011-01-01,2014-01-01,"hml,smb,mom",mkt,14,5,154,11,3,mom
2011-01-01_to_2014-01-01,2011-01-01,2014-01-01,"hml,smb,mom",mkt,14,5,154,11,4,mom
2011-01-01_to_2014-01-01,2011-01-01,2014-01-01,"hml,smb,mom",mkt,14,5,154,11,5,hml
2011-01-01_to_2014-01-01,2011-01-01,2014-01-01,"hml,smb,mom",mkt,14,5,154,11,6,hml
2011-01-01_to_2014-01-01,2011-01-01,2014-01-01,"hml,smb,mom",mkt,14,5,154,11,7,smb
2011-01-01_to_2014-01-01,2011-01-01,2014-01-01,"hml,smb,mom",mkt,14,5,154,11,8,smb
2011-01-01_to_2014-01-01,2011-01-01,2014-01-01,"hml,smb,mom",mkt,14,5,154,11,9,mom
2011-01-01_to_2014-01-01,2011-01-01,2014-01-01,"hml,smb,mom",mkt,14,5,154,11,10,smb
2011-01-01_to_2014-01-01,2011-01-01,2014-01-01,"hml,smb,mom",mkt,14,5,154,11,11,smb
2011-01-01_to_2014-01-01,2011-01-01,2014-01-01,"hml,smb,mom",mkt,14,5,155,9,1,mom
2011-01-01_to_2014-01-01,2011-01-01,2014-01-01,"hml,smb,mom",mkt,14,5,155,9,2,mom
2011-01-01_to_2014-01-01,2011-01-01,2014-01-01,"hml,smb,mom",mkt,14,5,155,9,3,mom
2011-01-01_to_2014-01-01,2011-01-01,2014-01-01,"hml,smb,mom",mkt,14,5,155,9,4,mom
2011-01-01_to_2014-01-01,2011-01-01,2014-01-01,"hml,smb,mom",mkt,14,5,155,9,5,hml
2011-01-01_to_2014-01-01,2011-01-01,2014-01-01,"hml,smb,mom",mkt,14,5,155,9,6,hml
2011-01-01_to_2014-01-01,2011-01-01,2014-01-01,"hml,smb,mom",mkt,14,5,155,9,7,smb
2011-01-01_to_2014-01-01,2011-01-01,2014-01-01,"hml,smb,mom",mkt,14,5,155,9,8,smb
2011-01-01_to_2014-01-01,2011-01-01,2014-01-01,"hml,smb,mom",mkt,14,5,155,9,9,mom
2011-01-01_to_2014-01-01,2011-01-01,2014-01-01,"hml,smb,mom",mkt,14,5,156,8,1,mom
2011-01-01_to_2014-01-01,2011-01-01,2014-01-01,"hml,smb,mom",mkt,14,5,156,8,2,mom
2011-01-01_to_2014-01-01,2011-01-01,2014-01-01,"hml,smb,mom",mkt,14,5,156,8,3,mom
2011-01-01_to_2014-01-01,2011-01-01,2014-01-01,"hml,smb,mom",mkt,14,5,156,8,4,mom
2011-01-01_to_2014-01-01,2011-01-01,2014-01-01,"hml,smb,mom",mkt,14,5,156,8,5,hml
2011-01-01_to_2014-01-01,2011-01-01,2014-01-01,"hml,smb,mom",mkt,14,5,156,8,6,hml
2011-01-01_to_2014-01-01,2011-01-01,2014-01-01,"hml,smb,mom",mkt,14,5,156,8,7,smb
2011-01-01_to_2014-01-01,2011-01-01,2014-01-01,"hml,smb,mom",mkt,14,5,156,8,8,smb
2011-01-01_to_2014-01-01,2011-01-01,2014-01-01,"hml,smb,mom",mkt,14,5,159,9,1,mom
2011-01-01_to_2014-01-01,2011-01-01,2014-01-01,"hml,smb,mom",mkt,14,5,159,9,2,mom
2011-01-01_to_2014-01-01,2011-01-01,2014-01-01,"hml,smb,mom",mkt,14,5,159,9,3,mom
2011-01-01_to_2014-01-01,2011-01-01,2014-01-01,"hml,smb,mom",mkt,14,5,159,9,4,mom
2011-01-01_to_2014-01-01,2011-01-01,2014-01-01,"hml,smb,mom",mkt,14,5,159,9,5,hml
2011-01-01_to_2014-01-01,2011-01-01,2014-01-01,"hml,smb,mom",mkt,14,5,159,9,6,hml
2011-01-01_to_2014-01-01,2011-01-01,2014-01-01,"hml,smb,mom",mkt,14,5,159,9,7,smb
2011-01-01_to_2014-01-01,2011-01-01,2014-01-01,"hml,smb,mom",mkt,14,5,159,9,8,smb
2011-01-01_to_2014-01-01,2011-01-01,2014-01-01,"hml,smb,mom",mkt,14,5,159,9,9,smb
2011-01-01_to_2014-01-01,2011-01-01,2014-01-01,"hml,smb,mom",mkt,14,5,160,9,1,mom
2011-01-01_to_2014-01-01,2011-01-01,2014-01-01,"hml,smb,mom",mkt,14,5,160,9,2,mom
2011-01-01_to_2014-01-01,2011-01-01,2014-01-01,"hml,smb,mom",mkt,14,5,160,9,3,mom
2011-01-01_to_2014-01-01,2011-01-01,2014-01-01,"hml,smb,mom",mkt,14,5,160,9,4,mom
2011-01-01_to_2014-01-01,2011-01-01,2014-01-01,"hml,smb,mom",mkt,14,5,160,9,5,hml
2011-01-01_to_2014-01-01,2011-01-01,2014-01-01,"hml,smb,mom",mkt,14,5,160,9,6,hml
2011-01-01_to_2014-01-01,2011-01-01,2014-01-01,"hml,smb,mom",mkt,14,5,160,9,7,smb
2011-01-01_to_2014-01-01,2011-01-01,2014-01-01,"hml,smb,mom",mkt,14,5,160,9,8,smb
2011-01-01_to_2014-01-01,2011-01-01,2014-01-01,"hml,smb,mom",mkt,14,5,160,9,9,smb
2011-01-01_to_2014-01-01,2011-01-01,2014-01-01,"hml,smb,mom",mkt,14,5,163,10,1,mom
2011-01-01_to_2014-01-01,2011-01-01,2014-01-01,"hml,smb,mom",mkt,14,5,163,10,2,mom
2011-01-01_to_2014-01-01,2011-01-01,2014-01-01,"hml,smb,mom",mkt,14,5,163,10,3,mom
2011-01-01_to_2014-01-01,2011-01-01,2014-01-01,"hml,smb,mom",mkt,14,5,163,10,4,mom
2011-01-01_to_2014-01-01,2011-01-01,2014-01-01,"hml,smb,mom",mkt,14,5,163,10,5,hml
2011-01-01_to_2014-01-01,2011-01-01,2014-01-01,"hml,smb,mom",mkt,14,5,163,10,6,hml
2011-01-01_to_2014-01-01,2011-01-01,2014-01-01,"hml,smb,mom",mkt,14,5,163,10,7,smb
2011-01-01_to_2014-01-01,2011-01-01,2014-01-01,"hml,smb,mom",mkt,14,5,163,10,8,smb
2011-01-01_to_2014-01-01,2011-01-01,2014-01-01,"hml,smb,mom",mkt,14,5,163,10,9,hml
2011-01-01_to_2014-01-01,2011-01-01,2014-01-01,"hml,smb,mom",mkt,14,5,163,10,10,mom
2011-01-01_to_2014-01-01,2011-01-01,2014-01-01,"hml,smb,mom",mkt,14,5,165,11,1,mom
2011-01-01_to_2014-01-01,2011-01-01,2014-01-01,"hml,smb,mom",mkt,14,5,165,11,2,mom
2011-01-01_to_2014-01-01,2011-01-01,2014-01-01,"hml,smb,mom",mkt,14,5,165,11,3,mom
2011-01-01_to_2014-01-01,2011-01-01,2014-01-01,"hml,smb,mom",mkt,14,5,165,11,4,mom
2011-01-01_to_2014-01-01,2011-01-01,2014-01-01,"hml,smb,mom",mkt,14,5,165,11,5,hml
2011-01-01_to_2014-01-01,2011-01-01,2014-01-01,"hml,smb,mom",mkt,14,5,165,11,6,hml
2011-01-01_to_2014-01-01,2011-01-01,2014-01-01,"hml,smb,mom",mkt,14,5,165,11,7,smb
2011-01-01_to_2014-01-01,2011-01-01,2014-01-01,"hml,smb,mom",mkt,14,5,165,11,8,smb
2011-01-01_to_2014-01-01,2011-01-01,2014-01-01,"hml,smb,mom",mkt,14,5,165,11,9,hml
2011-01-01_to_2014-01-01,2011-01-01,2014-01-01,"hml,smb,mom",mkt,14,5,165,11,10,mom
2011-01-01_to_2014-01-01,2011-01-01,2014-01-01,"hml,smb,mom",mkt,14,5,165,11,11,smb
2011-01-01_to_2014-01-01,2011-01-01,2014-01-01,"hml,smb,mom",mkt,14,5,166,11,1,mom
2011-01-01_to_2014-01-01,2011-01-01,2014-01-01,"hml,smb,mom",mkt,14,5,166,11,2,mom
2011-01-01_to_2014-01-01,2011-01-01,2014-01-01,"hml,smb,mom",mkt,14,5,166,11,3,mom
2011-01-01_to_2014-01-01,2011-01-01,2014-01-01,"hml,smb,mom",mkt,14,5,166,11,4,mom
2011-01-01_to_2014-01-01,2011-01-01,2014-01-01,"hml,smb,mom",mkt,14,5,166,11,5,hml
2011-01-01_to_2014-01-01,2011-01-01,2014-01-01,"hml,smb,mom",mkt,14,5,166,11,6,hml
2011-01-01_to_2014-01-01,2011-01-01,2014-01-01,"hml,smb,mom",mkt,14,5,166,11,7,smb
2011-01-01_to_2014-01-01,2011-01-01,2014-01-01,"hml,smb,mom",mkt,14,5,166,11,8,smb
2011-01-01_to_2014-01-01,2011-01-01,2014-01-01,"hml,smb,mom",mkt,14,5,166,11,9,hml
2011-01-01_to_2014-01-01,2011-01-01,2014-01-01,"hml,smb,mom",mkt,14,5,166,11,10,mom
2011-01-01_to_2014-01-01,2011-01-01,2014-01-01,"hml,smb,mom",mkt,14,5,166,11,11,smb
2011-01-01_to_2014-01-01,2011-01-01,2014-01-01,"hml,smb,mom",mkt,14,5,167,9,1,mom
2011-01-01_to_2014-01-01,2011-01-01,2014-01-01,"hml,smb,mom",mkt,14,5,167,9,2,mom
2011-01-01_to_2014-01-01,2011-01-01,2014-01-01,"hml,smb,mom",mkt,14,5,167,9,3,mom
2011-01-01_to_2014-01-01,2011-01-01,2014-01-01,"hml,smb,mom",mkt,14,5,167,9,4,mom
2011-01-01_to_2014-01-01,2011-01-01,2014-01-01,"hml,smb,mom",mkt,14,5,167,9,5,hml
2011-01-01_to_2014-01-01,2011-01-01,2014-01-01,"hml,smb,mom",mkt,14,5,167,9,6,hml
2011-01-01_to_2014-01-01,2011-01-01,2014-01-01,"hml,smb,mom",mkt,14,5,167,9,7,smb
2011-01-01_to_2014-01-01,2011-01-01,2014-01-01,"hml,smb,mom",mkt,14,5,167,9,8,smb
2011-01-01_to_2014-01-01,2011-01-01,2014-01-01,"hml,smb,mom",mkt,14,5,167,9,9,hml
2011-01-01_to_2014-01-01,2011-01-01,2014-01-01,"hml,smb,mom",mkt,14,5,176,9,1,mom
2011-01-01_to_2014-01-01,2011-01-01,2014-01-01,"hml,smb,mom",mkt,14,5,176,9,2,mom
2011-01-01_to_2014-01-01,2011-01-01,2014-01-01,"hml,smb,mom",mkt,14,5,176,9,3,mom
2011-01-01_to_2014-01-01,2011-01-01,2014-01-01,"hml,smb,mom",mkt,14,5,176,9,4,smb
2011-01-01_to_2014-01-01,2011-01-01,2014-01-01,"hml,smb,mom",mkt,14,5,176,9,5,mom
2011-01-01_to_2014-01-01,2011-01-01,2014-01-01,"hml,smb,mom",mkt,14,5,176,9,6,smb
2011-01-01_to_2014-01-01,2011-01-01,2014-01-01,"hml,smb,mom",mkt,14,5,176,9,7,smb
2011-01-01_to_2014-01-01,2011-01-01,2014-01-01,"hml,smb,mom",mkt,14,5,176,9,8,hml
2011-01-01_to_2014-01-01,2011-01-01,2014-01-01,"hml,smb,mom",mkt,14,5,176,9,9,mom
2011-01-01_to_2014-01-01,2011-01-01,2014-01-01,"hml,smb,mom",mkt,14,5,177,9,1,mom
2011-01-01_to_2014-01-01,2011-01-01,2014-01-01,"hml,smb,mom",mkt,14,5,177,9,2,mom
2011-01-01_to_2014-01-01,2011-01-01,2014-01-01,"hml,smb,mom",mkt,14,5,177,9,3,mom
2011-01-01_to_2014-01-01,2011-01-01,2014-01-01,"hml,smb,mom",mkt,14,5,177,9,4,smb
2011-01-01_to_2014-01-01,2011-01-01,2014-01-01,"hml,smb,mom",mkt,14,5,177,9,5,mom
2011-01-01_to_2014-01-01,2011-01-01,2014-01-01,"hml,smb,mom",mkt,14,5,177,9,6,smb
2011-01-01_to_2014-01-01,2011-01-01,2014-01-01,"hml,smb,mom",mkt,14,5,177,9,7,smb
2011-01-01_to_2014-01-01,2011-01-01,2014-01-01,"hml,smb,mom",mkt,14,5,177,9,8,hml
2011-01-01_to_2014-01-01,2011-01-01,2014-01-01,"hml,smb,mom",mkt,14,5,177,9,9,mom
2011-01-01_to_2014-01-01,2011-01-01,2014-01-01,"hml,smb,mom",mkt,14,5,179,9,1,mom
2011-01-01_to_2014-01-01,2011-01-01,2014-01-01,"hml,smb,mom",mkt,14,5,179,9,2,mom
2011-01-01_to_2014-01-01,2011-01-01,2014-01-01,"hml,smb,mom",mkt,14,5,179,9,3,mom
2011-01-01_to_2014-01-01,2011-01-01,2014-01-01,"hml,smb,mom",mkt,14,5,179,9,4,smb
2011-01-01_to_2014-01-01,2011-01-01,2014-01-01,"hml,smb,mom",mkt,14,5,179,9,5,mom
2011-01-01_to_2014-01-01,2011-01-01,2014-01-01,"hml,smb,mom",mkt,14,5,179,9,6,smb
2011-01-01_to_2014-01-01,2011-01-01,2014-01-01,"hml,smb,mom",mkt,14,5,179,9,7,smb
2011-01-01_to_2014-01-01,2011-01-01,2014-01-01,"hml,smb,mom",mkt,14,5,179,9,8,hml
2011-01-01_to_2014-01-01,2011-01-01,2014-01-01,"hml,smb,mom",mkt,14,5,179,9,9,mom
2011-01-01_to_2014-01-01,2011-01-01,2014-01-01,"hml,smb,mom",mkt,14,5,180,9,1,mom
2011-01-01_to_2014-01-01,2011-01-01,2014-01-01,"hml,smb,mom",mkt,14,5,180,9,2,mom
2011-01-01_to_2014-01-01,2011-01-01,2014-01-01,"hml,smb,mom",mkt,14,5,180,9,3,mom
2011-01-01_to_2014-01-01,2011-01-01,2014-01-01,"hml,smb,mom",mkt,14,5,180,9,4,smb
2011-01-01_to_2014-01-01,2011-01-01,2014-01-01,"hml,smb,mom",mkt,14,5,180,9,5,mom
2011-01-01_to_2014-01-01,2011-01-01,2014-01-01,"hml,smb,mom",mkt,14,5,180,9,6,smb
2011-01-01_to_2014-01-01,2011-01-01,2014-01-01,"hml,smb,mom",mkt,14,5,180,9,7,smb
2011-01-01_to_2014-01-01,2011-01-01,2014-01-01,"hml,smb,mom",mkt,14,5,180,9,8,hml
2011-01-01_to_2014-01-01,2011-01-01,2014-01-01,"hml,smb,mom",mkt,14,5,180,9,9,mom
2011-01-01_to_2014-01-01,2011-01-01,2014-01-01,"hml,smb,mom",mkt,14,5,181,7,1,mom
2011-01-01_to_2014-01-01,2011-01-01,2014-01-01,"hml,smb,mom",mkt,14,5,181,7,2,mom
2011-01-01_to_2014-01-01,2011-01-01,2014-01-01,"hml,smb,mom",mkt,14,5,181,7,3,mom
2011-01-01_to_2014-01-01,2011-01-01,2014-01-01,"hml,smb,mom",mkt,14,5,181,7,4,smb
2011-01-01_to_2014-01-01,2011-01-01,2014-01-01,"hml,smb,mom",mkt,14,5,181,7,5,mom
2011-01-01_to_2014-01-01,2011-01-01,2014-01-01,"hml,smb,mom",mkt,14,5,181,7,6,smb
2011-01-01_to_2014-01-01,2011-01-01,2014-01-01,"hml,smb,mom",mkt,14,5,181,7,7,smb
2011-01-01_to_2014-01-01,2011-01-01,2014-01-01,"hml,smb,mom",mkt,14,5,184,8,1,mom
2011-01-01_to_2014-01-01,2011-01-01,2014-01-01,"hml,smb,mom",mkt,14,5,184,8,2,mom
2011-01-01_to_2014-01-01,2011-01-01,2014-01-01,"hml,smb,mom",mkt,14,5,184,8,3,mom
2011-01-01_to_2014-01-01,2011-01-01,2014-01-01,"hml,smb,mom",mkt,14,5,184,8,4,smb
2011-01-01_to_2014-01-01,2011-01-01,2014-01-01,"hml,smb,mom",mkt,14,5,184,8,5,mom
2011-01-01_to_2014-01-01,2011-01-01,2014-01-01,"hml,smb,mom",mkt,14,5,184,8,6,smb
2011-01-01_to_2014-01-01,2011-01-01,2014-01-01,"hml,smb,mom",mkt,14,5,184,8,7,mom
2011-01-01_to_2014-01-01,2011-01-01,2014-01-01,"hml,smb,mom",mkt,14,5,184,8,8,smb
2011-01-01_to_2014-01-01,2011-01-01,2014-01-01,"hml,smb,mom",mkt,14,5,186,9,1,mom
2011-01-01_to_2014-01-01,2011-01-01,2014-01-01,"hml,smb,mom",mkt,14,5,186,9,2,mom
2011-01-01_to_2014-01-01,2011-01-01,2014-01-01,"hml,smb,mom",mkt,14,5,186,9,3,mom
2011-01-01_to_2014-01-01,2011-01-01,2014-01-01,"hml,smb,mom",mkt,14,5,186,9,4,smb
2011-01-01_to_2014-01-01,2011-01-01,2014-01-01,"hml,smb,mom",mkt,14,5,186,9,5,mom
2011-01-01_to_2014-01-01,2011-01-01,2014-01-01,"hml,smb,mom",mkt,14,5,186,9,6,smb
2011-01-01_to_2014-01-01,2011-01-01,2014-01-01,"hml,smb,mom",mkt,14,5,186,9,7,mom
2011-01-01_to_2014-01-01,2011-01-01,2014-01-01,"hml,smb,mom",mkt,14,5,186,9,8,smb
2011-01-01_to_2014-01-01,2011-01-01,2014-01-01,"hml,smb,mom",mkt,14,5,186,9,9,hml
2011-01-01_to_2014-01-01,2011-01-01,2014-01-01,"hml,smb,mom",mkt,14,5,187,9,1,mom
2011-01-01_to_2014-01-01,2011-01-01,2014-01-01,"hml,smb,mom",mkt,14,5,187,9,2,mom
2011-01-01_to_2014-01-01,2011-01-01,2014-01-01,"hml,smb,mom",mkt,14,5,187,9,3,mom
2011-01-01_to_2014-01-01,2011-01-01,2014-01-01,"hml,smb,mom",mkt,14,5,187,9,4,smb
2011-01-01_to_2014-01-01,2011-01-01,2014-01-01,"hml,smb,mom",mkt,14,5,187,9,5,mom
2011-01-01_to_2014-01-01,2011-01-01,2014-01-01,"hml,smb,mom",mkt,14,5,187,9,6,smb
2011-01-01_to_2014-01-01,2011-01-01,2014-01-01,"hml,smb,mom",mkt,14,5,187,9,7,mom
2011-01-01_to_2014-01-01,2011-01-01,2014-01-01,"hml,smb,mom",mkt,14,5,187,9,8,smb
2011-01-01_to_2014-01-01,2011-01-01,2014-01-01,"hml,smb,mom",mkt,14,5,187,9,9,hml
2011-01-01_to_2014-01-01,2011-01-01,2014-01-01,"hml,smb,mom",mkt,14,5,191,10,1,mom
2011-01-01_to_2014-01-01,2011-01-01,2014-01-01,"hml,smb,mom",mkt,14,5,191,10,2,mom
2011-01-01_to_2014-01-01,2011-01-01,2014-01-01,"hml,smb,mom",mkt,14,5,191,10,3,mom
2011-01-01_to_2014-01-01,2011-01-01,2014-01-01,"hml,smb,mom",mkt,14,5,191,10,4,smb
2011-01-01_to_2014-01-01,2011-01-01,2014-01-01,"hml,smb,mom",mkt,14,5,191,10,5,mom
2011-01-01_to_2014-01-01,2011-01-01,2014-01-01,"hml,smb,mom",mkt,14,5,191,10,6,smb
2011-01-01_to_2014-01-01,2011-01-01,2014-01-01,"hml,smb,mom",mkt,14,5,191,10,7,mom
2011-01-01_to_2014-01-01,2011-01-01,2014-01-01,"hml,smb,mom",mkt,14,5,191,10,8,hml
2011-01-01_to_2014-01-01,2011-01-01,2014-01-01,"hml,smb,mom",mkt,14,5,191,10,9,mom
2011-01-01_to_2014-01-01,2011-01-01,2014-01-01,"hml,smb,mom",mkt,14,5,191,10,10,hml
2011-01-01_to_2014-01-01,2011-01-01,2014-01-01,"hml,smb,mom",mkt,14,5,192,10,1,mom
2011-01-01_to_2014-01-01,2011-01-01,2014-01-01,"hml,smb,mom",mkt,14,5,192,10,2,mom
2011-01-01_to_2014-01-01,2011-01-01,2014-01-01,"hml,smb,mom",mkt,14,5,192,10,3,mom
2011-01-01_to_2014-01-01,2011-01-01,2014-01-01,"hml,smb,mom",mkt,14,5,192,10,4,smb
2011-01-01_to_2014-01-01,2011-01-01,2014-01-01,"hml,smb,mom",mkt,14,5,192,10,5,mom
2011-01-01_to_2014-01-01,2011-01-01,2014-01-01,"hml,smb,mom",mkt,14,5,192,10,6,smb
2011-01-01_to_2014-01-01,2011-01-01,2014-01-01,"hml,smb,mom",mkt,14,5,192,10,7,mom
2011-01-01_to_2014-01-01,2011-01-01,2014-01-01,"hml,smb,mom",mkt,14,5,192,10,8,hml
2011-01-01_to_2014-01-01,2011-01-01,2014-01-01,"hml,smb,mom",mkt,14,5,192,10,9,mom
2011-01-01_to_2014-01-01,2011-01-01,2014-01-01,"hml,smb,mom",mkt,14,5,192,10,10,hml
2011-01-01_to_2014-01-01,2011-01-01,2014-01-01,"hml,smb,mom",mkt,14,5,193,9,1,mom
2011-01-01_to_2014-01-01,2011-01-01,2014-01-01,"hml,smb,mom",mkt,14,5,193,9,2,mom
2011-01-01_to_2014-01-01,2011-01-01,2014-01-01,"hml,smb,mom",mkt,14,5,193,9,3,mom
2011-01-01_to_2014-01-01,2011-01-01,2014-01-01,"hml,smb,mom",mkt,14,5,193,9,4,smb
2011-01-01_to_2014-01-01,2011-01-01,2014-01-01,"hml,smb,mom",mkt,14,5,193,9,5,mom
2011-01-01_to_2014-01-01,2011-01-01,2014-01-01,"hml,smb,mom",mkt,14,5,193,9,6,smb
2011-01-01_to_2014-01-01,2011-01-01,2014-01-01,"hml,smb,mom",mkt,14,5,193,9,7,mom
2011-01-01_to_2014-01-01,2011-01-01,2014-01-01,"hml,smb,mom",mkt,14,5,193,9,8,hml
2011-01-01_to_2014-01-01,2011-01-01,2014-01-01,"hml,smb,mom",mkt,14,5,193,9,9,mom
2011-01-01_to_2014-01-01,2011-01-01,2014-01-01,"hml,smb,mom",mkt,14,5,194,8,1,mom
2011-01-01_to_2014-01-01,2011-01-01,2014-01-01,"hml,smb,mom",mkt,14,5,194,8,2,mom
2011-01-01_to_2014-01-01,2011-01-01,2014-01-01,"hml,smb,mom",mkt,14,5,194,8,3,mom
2011-01-01_to_2014-01-01,2011-01-01,2014-01-01,"hml,smb,mom",mkt,14,5,194,8,4,smb
2011-01-01_to_2014-01-01,2011-01-01,2014-01-01,"hml,smb,mom",mkt,14,5,194,8,5,mom
2011-01-01_to_2014-01-01,2011-01-01,2014-01-01,"hml,smb,mom",mkt,14,5,194,8,6,smb
2011-01-01_to_2014-01-01,2011-01-01,2014-01-01,"hml,smb,mom",mkt,14,5,194,8,7,mom
2011-01-01_to_2014-01-01,2011-01-01,2014-01-01,"hml,smb,mom",mkt,14,5,194,8,8,hml
2011-01-01_to_2014-01-01,2011-01-01,2014-01-01,"hml,smb,mom",mkt,14,5,196,6,1,mom
2011-01-01_to_2014-01-01,2011-01-01,2014-01-01,"hml,smb,mom",mkt,14,5,196,6,2,mom
2011-01-01_to_2014-01-01,2011-01-01,2014-01-01,"hml,smb,mom",mkt,14,5,196,6,3,mom
2011-01-01_to_2014-01-01,2011-01-01,2014-01-01,"hml,smb,mom",mkt,14,5,196,6,4,smb
2011-01-01_to_2014-01-01,2011-01-01,2014-01-01,"hml,smb,mom",mkt,14,5,196,6,5,mom
2011-01-01_to_2014-01-01,2011-01-01,2014-01-01,"hml,smb,mom",mkt,14,5,196,6,6,hml
2011-01-01_to_2014-01-01,2011-01-01,2014-01-01,"hml,smb,mom",mkt,14,5,199,8,1,mom
2011-01-01_to_2014-01-01,2011-01-01,2014-01-01,"hml,smb,mom",mkt,14,5,199,8,2,mom
2011-01-01_to_2014-01-01,2011-01-01,2014-01-01,"hml,smb,mom",mkt,14,5,199,8,3,mom
2011-01-01_to_2014-01-01,2011-01-01,2014-01-01,"hml,smb,mom",mkt,14,5,199,8,4,smb
2011-01-01_to_2014-01-01,2011-01-01,2014-01-01,"hml,smb,mom",mkt,14,5,199,8,5,mom
2011-01-01_to_2014-01-01,2011-01-01,2014-01-01,"hml,smb,mom",mkt,14,5,199,8,6,hml
2011-01-01_to_2014-01-01,2011-01-01,2014-01-01,"hml,smb,mom",mkt,14,5,199,8,7,mom
2011-01-01_to_2014-01-01,2011-01-01,2014-01-01,"hml,smb,mom",mkt,14,5,199,8,8,smb
2011-01-01_to_2014-01-01,2011-01-01,2014-01-01,"hml,smb,mom",mkt,14,5,200,8,1,mom
2011-01-01_to_2014-01-01,2011-01-01,2014-01-01,"hml,smb,mom",mkt,14,5,200,8,2,mom
2011-01-01_to_2014-01-01,2011-01-01,2014-01-01,"hml,smb,mom",mkt,14,5,200,8,3,mom
2011-01-01_to_2014-01-01,2011-01-01,2014-01-01,"hml,smb,mom",mkt,14,5,200,8,4,smb
2011-01-01_to_2014-01-01,2011-01-01,2014-01-01,"hml,smb,mom",mkt,14,5,200,8,5,mom
2011-01-01_to_2014-01-01,2011-01-01,2014-01-01,"hml,smb,mom",mkt,14,5,200,8,6,hml
2011-01-01_to_2014-01-01,2011-01-01,2014-01-01,"hml,smb,mom",mkt,14,5,200,8,7,mom
2011-01-01_to_2014-01-01,2011-01-01,2014-01-01,"hml,smb,mom",mkt,14,5,200,8,8,smb
2011-01-01_to_2014-01-01,2011-01-01,2014-01-01,"hml,smb,mom",mkt,14,5,202,8,1,mom
2011-01-01_to_2014-01-01,2011-01-01,2014-01-01,"hml,smb,mom",mkt,14,5,202,8,2,mom
2011-01-01_to_2014-01-01,2011-01-01,2014-01-01,"hml,smb,mom",mkt,14,5,202,8,3,mom
2011-01-01_to_2014-01-01,2011-01-01,2014-01-01,"hml,smb,mom",mkt,14,5,202,8,4,smb
2011-01-01_to_2014-01-01,2011-01-01,2014-01-01,"hml,smb,mom",mkt,14,5,202,8,5,mom
2011-01-01_to_2014-01-01,2011-01-01,2014-01-01,"hml,smb,mom",mkt,14,5,202,8,6,hml
2011-01-01_to_2014-01-01,2011-01-01,2014-01-01,"hml,smb,mom",mkt,14,5,202,8,7,mom
2011-01-01_to_2014-01-01,2011-01-01,2014-01-01,"hml,smb,mom",mkt,14,5,202,8,8,hml
2011-01-01_to_2014-01-01,2011-01-01,2014-01-01,"hml,smb,mom",mkt,14,5,203,8,1,mom
2011-01-01_to_2014-01-01,2011-01-01,2014-01-01,"hml,smb,mom",mkt,14,5,203,8,2,mom
2011-01-01_to_2014-01-01,2011-01-01,2014-01-01,"hml,smb,mom",mkt,14,5,203,8,3,mom
2011-01-01_to_2014-01-01,2011-01-01,2014-01-01,"hml,smb,mom",mkt,14,5,203,8,4,smb
2011-01-01_to_2014-01-01,2011-01-01,2014-01-01,"hml,smb,mom",mkt,14,5,203,8,5,mom
2011-01-01_to_2014-01-01,2011-01-01,2014-01-01,"hml,smb,mom",mkt,14,5,203,8,6,hml
2011-01-01_to_2014-01-01,2011-01-01,2014-01-01,"hml,smb,mom",mkt,14,5,203,8,7,mom
2011-01-01_to_2014-01-01,2011-01-01,2014-01-01,"hml,smb,mom",mkt,14,5,203,8,8,hml
2011-01-01_to_2014-01-01,2011-01-01,2014-01-01,"hml,smb,mom",mkt,14,5,207,7,1,mom
2011-01-01_to_2014-01-01,2011-01-01,2014-01-01,"hml,smb,mom",mkt,14,5,207,7,2,mom
2011-01-01_to_2014-01-01,2011-01-01,2014-01-01,"hml,smb,mom",mkt,14,5,207,7,3,mom
2011-01-01_to_2014-01-01,2011-01-01,2014-01-01,"hml,smb,mom",mkt,14,5,207,7,4,smb
2011-01-01_to_2014-01-01,2011-01-01,2014-01-01,"hml,smb,mom",mkt,14,5,207,7,5,mom
2011-01-01_to_2014-01-01,2011-01-01,2014-01-01,"hml,smb,mom",mkt,14,5,207,7,6,smb
2011-01-01_to_2014-01-01,2011-01-01,2014-01-01,"hml,smb,mom",mkt,14,5,207,7,7,hml
2011-01-01_to_2014-01-01,2011-01-01,2014-01-01,"hml,smb,mom",mkt,14,5,208,7,1,mom
2011-01-01_to_2014-01-01,2011-01-01,2014-01-01,"hml,smb,mom",mkt,14,5,208,7,2,mom
2011-01-01_to_2014-01-01,2011-01-01,2014-01-01,"hml,smb,mom",mkt,14,5,208,7,3,mom
2011-01-01_to_2014-01-01,2011-01-01,2014-01-01,"hml,smb,mom",mkt,14,5,208,7,4,smb
2011-01-01_to_2014-01-01,2011-01-01,2014-01-01,"hml,smb,mom",mkt,14,5,208,7,5,mom
2011-01-01_to_2014-01-01,2011-01-01,2014-01-01,"hml,smb,mom",mkt,14,5,208,7,6,smb
2011-01-01_to_2014-01-01,2011-01-01,2014-01-01,"hml,smb,mom",mkt,14,5,208,7,7,hml
2011-01-01_to_2014-01-01,2011-01-01,2014-01-01,"hml,smb,mom",mkt,14,5,210,7,1,mom
2011-01-01_to_2014-01-01,2011-01-01,2014-01-01,"hml,smb,mom",mkt,14,5,210,7,2,mom
2011-01-01_to_2014-01-01,2011-01-01,2014-01-01,"hml,smb,mom",mkt,14,5,210,7,3,mom
2011-01-01_to_2014-01-01,2011-01-01,2014-01-01,"hml,smb,mom",mkt,14,5,210,7,4,smb
2011-01-01_to_2014-01-01,2011-01-01,2014-01-01,"hml,smb,mom",mkt,14,5,210,7,5,mom
2011-01-01_to_2014-01-01,2011-01-01,2014-01-01,"hml,smb,mom",mkt,14,5,210,7,6,smb
2011-01-01_to_2014-01-01,2011-01-01,2014-01-01,"hml,smb,mom",mkt,14,5,210,7,7,smb
2011-01-01_to_2014-01-01,2011-01-01,2014-01-01,"hml,smb,mom",mkt,14,5,212,8,1,mom
2011-01-01_to_2014-01-01,2011-01-01,2014-01-01,"hml,smb,mom",mkt,14,5,212,8,2,mom
2011-01-01_to_2014-01-01,2011-01-01,2014-01-01,"hml,smb,mom",mkt,14,5,212,8,3,mom
2011-01-01_to_2014-01-01,2011-01-01,2014-01-01,"hml,smb,mom",mkt,14,5,212,8,4,smb
2011-01-01_to_2014-01-01,2011-01-01,2014-01-01,"hml,smb,mom",mkt,14,5,212,8,5,mom
2011-01-01_to_2014-01-01,2011-01-01,2014-01-01,"hml,smb,mom",mkt,14,5,212,8,6,smb
2011-01-01_to_2014-01-01,2011-01-01,2014-01-01,"hml,smb,mom",mkt,14,5,212,8,7,smb
2011-01-01_to_2014-01-01,2011-01-01,2014-01-01,"hml,smb,mom",mkt,14,5,212,8,8,hml
2011-01-01_to_2014-01-01,2011-01-01,2014-01-01,"hml,smb,mom",mkt,14,5,213,8,1,mom
2011-01-01_to_2014-01-01,2011-01-01,2014-01-01,"hml,smb,mom",mkt,14,5,213,8,2,mom
2011-01-01_to_2014-01-01,2011-01-01,2014-01-01,"hml,smb,mom",mkt,14,5,213,8,3,mom
2011-01-01_to_2014-01-01,2011-01-01,2014-01-01,"hml,smb,mom",mkt,14,5,213,8,4,smb
2011-01-01_to_2014-01-01,2011-01-01,2014-01-01,"hml,smb,mom",mkt,14,5,213,8,5,mom
2011-01-01_to_2014-01-01,2011-01-01,2014-01-01,"hml,smb,mom",mkt,14,5,213,8,6,smb
2011-01-01_to_2014-01-01,2011-01-01,2014-01-01,"hml,smb,mom",mkt,14,5,213,8,7,smb
2011-01-01_to_2014-01-01,2011-01-01,2014-01-01,"hml,smb,mom",mkt,14,5,213,8,8,hml
2011-01-01_to_2014-01-01,2011-01-01,2014-01-01,"hml,smb,mom",mkt,14,5,215,6,1,mom
2011-01-01_to_2014-01-01,2011-01-01,2014-01-01,"hml,smb,mom",mkt,14,5,215,6,2,mom
2011-01-01_to_2014-01-01,2011-01-01,2014-01-01,"hml,smb,mom",mkt,14,5,215,6,3,mom
2011-01-01_to_2014-01-01,2011-01-01,2014-01-01,"hml,smb,mom",mkt,14,5,215,6,4,smb
2011-01-01_to_2014-01-01,2011-01-01,2014-01-01,"hml,smb,mom",mkt,14,5,215,6,5,mom
2011-01-01_to_2014-01-01,2011-01-01,2014-01-01,"hml,smb,mom",mkt,14,5,215,6,6,smb
2011-01-01_to_2014-01-01,2011-01-01,2014-01-01,"hml,smb,mom",mkt,14,5,220,10,1,mom
2011-01-01_to_2014-01-01,2011-01-01,2014-01-01,"hml,smb,mom",mkt,14,5,220,10,2,mom
2011-01-01_to_2014-01-01,2011-01-01,2014-01-01,"hml,smb,mom",mkt,14,5,220,10,3,mom
2011-01-01_to_2014-01-01,2011-01-01,2014-01-01,"hml,smb,mom",mkt,14,5,220,10,4,smb
2011-01-01_to_2014-01-01,2011-01-01,2014-01-01,"hml,smb,mom",mkt,14,5,220,10,5,mom
2011-01-01_to_2014-01-01,2011-01-01,2014-01-01,"hml,smb,mom",mkt,14,5,220,10,6,smb
2011-01-01_to_2014-01-01,2011-01-01,2014-01-01,"hml,smb,mom",mkt,14,5,220,10,7,hml
2011-01-01_to_2014-01-01,2011-01-01,2014-01-01,"hml,smb,mom",mkt,14,5,220,10,8,hml
2011-01-01_to_2014-01-01,2011-01-01,2014-01-01,"hml,smb,mom",mkt,14,5,220,10,9,mom
2011-01-01_to_2014-01-01,2011-01-01,2014-01-01,"hml,smb,mom",mkt,14,5,220,10,10,smb
2011-01-01_to_2014-01-01,2011-01-01,2014-01-01,"hml,smb,mom",mkt,14,5,221,10,1,mom
2011-01-01_to_2014-01-01,2011-01-01,2014-01-01,"hml,smb,mom",mkt,14,5,221,10,2,mom
2011-01-01_to_2014-01-01,2011-01-01,2014-01-01,"hml,smb,mom",mkt,14,5,221,10,3,mom
2011-01-01_to_2014-01-01,2011-01-01,2014-01-01,"hml,smb,mom",mkt,14,5,221,10,4,smb
2011-01-01_to_2014-01-01,2011-01-01,2014-01-01,"hml,smb,mom",mkt,14,5,221,10,5,mom
2011-01-01_to_2014-01-01,2011-01-01,2014-01-01,"hml,smb,mom",mkt,14,5,221,10,6,smb
2011-01-01_to_2014-01-01,2011-01-01,2014-01-01,"hml,smb,mom",mkt,14,5,221,10,7,hml
2011-01-01_to_2014-01-01,2011-01-01,2014-01-01,"hml,smb,mom",mkt,14,5,221,10,8,hml
2011-01-01_to_2014-01-01,2011-01-01,2014-01-01,"hml,smb,mom",mkt,14,5,221,10,9,mom
2011-01-01_to_2014-01-01,2011-01-01,2014-01-01,"hml,smb,mom",mkt,14,5,221,10,10,smb
2011-01-01_to_2014-01-01,2011-01-01,2014-01-01,"hml,smb,mom",mkt,14,5,223,10,1,mom
2011-01-01_to_2014-01-01,2011-01-01,2014-01-01,"hml,smb,mom",mkt,14,5,223,10,2,mom
2011-01-01_to_2014-01-01,2011-01-01,2014-01-01,"hml,smb,mom",mkt,14,5,223,10,3,mom
2011-01-01_to_2014-01-01,2011-01-01,2014-01-01,"hml,smb,mom",mkt,14,5,223,10,4,smb
2011-01-01_to_2014-01-01,2011-01-01,2014-01-01,"hml,smb,mom",mkt,14,5,223,10,5,mom
2011-01-01_to_2014-01-01,2011-01-01,2014-01-01,"hml,smb,mom",mkt,14,5,223,10,6,smb
2011-01-01_to_2014-01-01,2011-01-01,2014-01-01,"hml,smb,mom",mkt,14,5,223,10,7,hml
2011-01-01_to_2014-01-01,2011-01-01,2014-01-01,"hml,smb,mom",mkt,14,5,223,10,8,hml
2011-01-01_to_2014-01-01,2011-01-01,2014-01-01,"hml,smb,mom",mkt,14,5,223,10,9,mom
2011-01-01_to_2014-01-01,2011-01-01,2014-01-01,"hml,smb,mom",mkt,14,5,223,10,10,smb
2011-01-01_to_2014-01-01,2011-01-01,2014-01-01,"hml,smb,mom",mkt,14,5,225,11,1,mom
2011-01-01_to_2014-01-01,2011-01-01,2014-01-01,"hml,smb,mom",mkt,14,5,225,11,2,mom
2011-01-01_to_2014-01-01,2011-01-01,2014-01-01,"hml,smb,mom",mkt,14,5,225,11,3,mom
2011-01-01_to_2014-01-01,2011-01-01,2014-01-01,"hml,smb,mom",mkt,14,5,225,11,4,smb
2011-01-01_to_2014-01-01,2011-01-01,2014-01-01,"hml,smb,mom",mkt,14,5,225,11,5,mom
2011-01-01_to_2014-01-01,2011-01-01,2014-01-01,"hml,smb,mom",mkt,14,5,225,11,6,smb
2011-01-01_to_2014-01-01,2011-01-01,2014-01-01,"hml,smb,mom",mkt,14,5,225,11,7,hml
2011-01-01_to_2014-01-01,2011-01-01,2014-01-01,"hml,smb,mom",mkt,14,5,225,11,8,hml
2011-01-01_to_2014-01-01,2011-01-01,2014-01-01,"hml,smb,mom",mkt,14,5,225,11,9,mom
2011-01-01_to_2014-01-01,2011-01-01,2014-01-01,"hml,smb,mom",mkt,14,5,225,11,10,smb
2011-01-01_to_2014-01-01,2011-01-01,2014-01-01,"hml,smb,mom",mkt,14,5,225,11,11,hml
2011-01-01_to_2014-01-01,2011-01-01,2014-01-01,"hml,smb,mom",mkt,14,5,227,12,1,mom
2011-01-01_to_2014-01-01,2011-01-01,2014-01-01,"hml,smb,mom",mkt,14,5,227,12,2,mom
2011-01-01_to_2014-01-01,2011-01-01,2014-01-01,"hml,smb,mom",mkt,14,5,227,12,3,mom
2011-01-01_to_2014-01-01,2011-01-01,2014-01-01,"hml,smb,mom",mkt,14,5,227,12,4,smb
2011-01-01_to_2014-01-01,2011-01-01,2014-01-01,"hml,smb,mom",mkt,14,5,227,12,5,mom
2011-01-01_to_2014-01-01,2011-01-01,2014-01-01,"hml,smb,mom",mkt,14,5,227,12,6,smb
2011-01-01_to_2014-01-01,2011-01-01,2014-01-01,"hml,smb,mom",mkt,14,5,227,12,7,hml
2011-01-01_to_2014-01-01,2011-01-01,2014-01-01,"hml,smb,mom",mkt,14,5,227,12,8,hml
2011-01-01_to_2014-01-01,2011-01-01,2014-01-01,"hml,smb,mom",mkt,14,5,227,12,9,mom
2011-01-01_to_2014-01-01,2011-01-01,2014-01-01,"hml,smb,mom",mkt,14,5,227,12,10,smb
2011-01-01_to_2014-01-01,2011-01-01,2014-01-01,"hml,smb,mom",mkt,14,5,227,12,11,hml
2011-01-01_to_2014-01-01,2011-01-01,2014-01-01,"hml,smb,mom",mkt,14,5,227,12,12,smb
2011-01-01_to_2014-01-01,2011-01-01,2014-01-01,"hml,smb,mom",mkt,14,5,228,12,1,mom
2011-01-01_to_2014-01-01,2011-01-01,2014-01-01,"hml,smb,mom",mkt,14,5,228,12,2,mom
2011-01-01_to_2014-01-01,2011-01-01,2014-01-01,"hml,smb,mom",mkt,14,5,228,12,3,mom
2011-01-01_to_2014-01-01,2011-01-01,2014-01-01,"hml,smb,mom",mkt,14,5,228,12,4,smb
2011-01-01_to_2014-01-01,2011-01-01,2014-01-01,"hml,smb,mom",mkt,14,5,228,12,5,mom
2011-01-01_to_2014-01-01,2011-01-01,2014-01-01,"hml,smb,mom",mkt,14,5,228,12,6,smb
2011-01-01_to_2014-01-01,2011-01-01,2014-01-01,"hml,smb,mom",mkt,14,5,228,12,7,hml
2011-01-01_to_2014-01-01,2011-01-01,2014-01-01,"hml,smb,mom",mkt,14,5,228,12,8,hml
2011-01-01_to_2014-01-01,2011-01-01,2014-01-01,"hml,smb,mom",mkt,14,5,228,12,9,mom
2011-01-01_to_2014-01-01,2011-01-01,2014-01-01,"hml,smb,mom",mkt,14,5,228,12,10,smb
2011-01-01_to_2014-01-01,2011-01-01,2014-01-01,"hml,smb,mom",mkt,14,5,228,12,11,hml
2011-01-01_to_2014-01-01,2011-01-01,2014-01-01,"hml,smb,mom",mkt,14,5,228,12,12,smb
2011-01-01_to_2014-01-01,2011-01-01,2014-01-01,"hml,smb,mom",mkt,14,5,230,9,1,mom
2011-01-01_to_2014-01-01,2011-01-01,2014-01-01,"hml,smb,mom",mkt,14,5,230,9,2,mom
2011-01-01_to_2014-01-01,2011-01-01,2014-01-01,"hml,smb,mom",mkt,14,5,230,9,3,mom
2011-01-01_to_2014-01-01,2011-01-01,2014-01-01,"hml,smb,mom",mkt,14,5,230,9,4,smb
2011-01-01_to_2014-01-01,2011-01-01,2014-01-01,"hml,smb,mom",mkt,14,5,230,9,5,mom
2011-01-01_to_2014-01-01,2011-01-01,2014-01-01,"hml,smb,mom",mkt,14,5,230,9,6,smb
2011-01-01_to_2014-01-01,2011-01-01,2014-01-01,"hml,smb,mom",mkt,14,5,230,9,7,hml
2011-01-01_to_2014-01-01,2011-01-01,2014-01-01,"hml,smb,mom",mkt,14,5,230,9,8,hml
2011-01-01_to_2014-01-01,2011-01-01,2014-01-01,"hml,smb,mom",mkt,14,5,230,9,9,smb
2011-01-01_to_2014-01-01,2011-01-01,2014-01-01,"hml,smb,mom",mkt,14,5,231,9,1,mom
2011-01-01_to_2014-01-01,2011-01-01,2014-01-01,"hml,smb,mom",mkt,14,5,231,9,2,mom
2011-01-01_to_2014-01-01,2011-01-01,2014-01-01,"hml,smb,mom",mkt,14,5,231,9,3,mom
2011-01-01_to_2014-01-01,2011-01-01,2014-01-01,"hml,smb,mom",mkt,14,5,231,9,4,smb
2011-01-01_to_2014-01-01,2011-01-01,2014-01-01,"hml,smb,mom",mkt,14,5,231,9,5,mom
2011-01-01_to_2014-01-01,2011-01-01,2014-01-01,"hml,smb,mom",mkt,14,5,231,9,6,smb
2011-01-01_to_2014-01-01,2011-01-01,2014-01-01,"hml,smb,mom",mkt,14,5,231,9,7,hml
2011-01-01_to_2014-01-01,2011-01-01,2014-01-01,"hml,smb,mom",mkt,14,5,231,9,8,hml
2011-01-01_to_2014-01-01,2011-01-01,2014-01-01,"hml,smb,mom",mkt,14,5,231,9,9,smb
2011-01-01_to_2014-01-01,2011-01-01,2014-01-01,"hml,smb,mom",mkt,14,5,233,8,1,mom
2011-01-01_to_2014-01-01,2011-01-01,2014-01-01,"hml,smb,mom",mkt,14,5,233,8,2,mom
2011-01-01_to_2014-01-01,2011-01-01,2014-01-01,"hml,smb,mom",mkt,14,5,233,8,3,mom
2011-01-01_to_2014-01-01,2011-01-01,2014-01-01,"hml,smb,mom",mkt,14,5,233,8,4,smb
2011-01-01_to_2014-01-01,2011-01-01,2014-01-01,"hml,smb,mom",mkt,14,5,233,8,5,mom
2011-01-01_to_2014-01-01,2011-01-01,2014-01-01,"hml,smb,mom",mkt,14,5,233,8,6,smb
2011-01-01_to_2014-01-01,2011-01-01,2014-01-01,"hml,smb,mom",mkt,14,5,233,8,7,hml
2011-01-01_to_2014-01-01,2011-01-01,2014-01-01,"hml,smb,mom",mkt,14,5,233,8,8,mom
2011-01-01_to_2014-01-01,2011-01-01,2014-01-01,"hml,smb,mom",mkt,14,5,234,8,1,mom
2011-01-01_to_2014-01-01,2011-01-01,2014-01-01,"hml,smb,mom",mkt,14,5,234,8,2,mom
2011-01-01_to_2014-01-01,2011-01-01,2014-01-01,"hml,smb,mom",mkt,14,5,234,8,3,mom
2011-01-01_to_2014-01-01,2011-01-01,2014-01-01,"hml,smb,mom",mkt,14,5,234,8,4,smb
2011-01-01_to_2014-01-01,2011-01-01,2014-01-01,"hml,smb,mom",mkt,14,5,234,8,5,mom
2011-01-01_to_2014-01-01,2011-01-01,2014-01-01,"hml,smb,mom",mkt,14,5,234,8,6,smb
2011-01-01_to_2014-01-01,2011-01-01,2014-01-01,"hml,smb,mom",mkt,14,5,234,8,7,hml
2011-01-01_to_2014-01-01,2011-01-01,2014-01-01,"hml,smb,mom",mkt,14,5,234,8,8,mom
2011-01-01_to_2014-01-01,2011-01-01,2014-01-01,"hml,smb,mom",mkt,14,5,239,7,1,mom
2011-01-01_to_2014-01-01,2011-01-01,2014-01-01,"hml,smb,mom",mkt,14,5,239,7,2,mom
2011-01-01_to_2014-01-01,2011-01-01,2014-01-01,"hml,smb,mom",mkt,14,5,239,7,3,mom
2011-01-01_to_2014-01-01,2011-01-01,2014-01-01,"hml,smb,mom",mkt,14,5,239,7,4,mom
2011-01-01_to_2014-01-01,2011-01-01,2014-01-01,"hml,smb,mom",mkt,14,5,239,7,5,smb
2011-01-01_to_2014-01-01,2011-01-01,2014-01-01,"hml,smb,mom",mkt,14,5,239,7,6,smb
2011-01-01_to_2014-01-01,2011-01-01,2014-01-01,"hml,smb,mom",mkt,14,5,239,7,7,hml
2011-01-01_to_2014-01-01,2011-01-01,2014-01-01,"hml,smb,mom",mkt,14,5,240,7,1,mom
2011-01-01_to_2014-01-01,2011-01-01,2014-01-01,"hml,smb,mom",mkt,14,5,240,7,2,mom
2011-01-01_to_2014-01-01,2011-01-01,2014-01-01,"hml,smb,mom",mkt,14,5,240,7,3,mom
2011-01-01_to_2014-01-01,2011-01-01,2014-01-01,"hml,smb,mom",mkt,14,5,240,7,4,mom
2011-01-01_to_2014-01-01,2011-01-01,2014-01-01,"hml,smb,mom",mkt,14,5,240,7,5,smb
2011-01-01_to_2014-01-01,2011-01-01,2014-01-01,"hml,smb,mom",mkt,14,5,240,7,6,smb
2011-01-01_to_2014-01-01,2011-01-01,2014-01-01,"hml,smb,mom",mkt,14,5,240,7,7,hml
2011-01-01_to_2014-01-01,2011-01-01,2014-01-01,"hml,smb,mom",mkt,14,5,242,7,1,mom
2011-01-01_to_2014-01-01,2011-01-01,2014-01-01,"hml,smb,mom",mkt,14,5,242,7,2,mom
2011-01-01_to_2014-01-01,2011-01-01,2014-01-01,"hml,smb,mom",mkt,14,5,242,7,3,mom
2011-01-01_to_2014-01-01,2011-01-01,2014-01-01,"hml,smb,mom",mkt,14,5,242,7,4,mom
2011-01-01_to_2014-01-01,2011-01-01,2014-01-01,"hml,smb,mom",mkt,14,5,242,7,5,smb
2011-01-01_to_2014-01-01,2011-01-01,2014-01-01,"hml,smb,mom",mkt,14,5,242,7,6,smb
2011-01-01_to_2014-01-01,2011-01-01,2014-01-01,"hml,smb,mom",mkt,14,5,242,7,7,smb
2011-01-01_to_2014-01-01,2011-01-01,2014-01-01,"hml,smb,mom",mkt,14,5,244,8,1,mom
2011-01-01_to_2014-01-01,2011-01-01,2014-01-01,"hml,smb,mom",mkt,14,5,244,8,2,mom
2011-01-01_to_2014-01-01,2011-01-01,2014-01-01,"hml,smb,mom",mkt,14,5,244,8,3,mom
2011-01-01_to_2014-01-01,2011-01-01,2014-01-01,"hml,smb,mom",mkt,14,5,244,8,4,mom
2011-01-01_to_2014-01-01,2011-01-01,2014-01-01,"hml,smb,mom",mkt,14,5,244,8,5,smb
2011-01-01_to_2014-01-01,2011-01-01,2014-01-01,"hml,smb,mom",mkt,14,5,244,8,6,smb
2011-01-01_to_2014-01-01,2011-01-01,2014-01-01,"hml,smb,mom",mkt,14,5,244,8,7,smb
2011-01-01_to_2014-01-01,2011-01-01,2014-01-01,"hml,smb,mom",mkt,14,5,244,8,8,hml
2011-01-01_to_2014-01-01,2011-01-01,2014-01-01,"hml,smb,mom",mkt,14,5,245,8,1,mom
2011-01-01_to_2014-01-01,2011-01-01,2014-01-01,"hml,smb,mom",mkt,14,5,245,8,2,mom
2011-01-01_to_2014-01-01,2011-01-01,2014-01-01,"hml,smb,mom",mkt,14,5,245,8,3,mom
2011-01-01_to_2014-01-01,2011-01-01,2014-01-01,"hml,smb,mom",mkt,14,5,245,8,4,mom
2011-01-01_to_2014-01-01,2011-01-01,2014-01-01,"hml,smb,mom",mkt,14,5,245,8,5,smb
2011-01-01_to_2014-01-01,2011-01-01,2014-01-01,"hml,smb,mom",mkt,14,5,245,8,6,smb
2011-01-01_to_2014-01-01,2011-01-01,2014-01-01,"hml,smb,mom",mkt,14,5,245,8,7,smb
2011-01-01_to_2014-01-01,2011-01-01,2014-01-01,"hml,smb,mom",mkt,14,5,245,8,8,hml
2011-01-01_to_2014-01-01,2011-01-01,2014-01-01,"hml,smb,mom",mkt,14,5,247,6,1,mom
2011-01-01_to_2014-01-01,2011-01-01,2014-01-01,"hml,smb,mom",mkt,14,5,247,6,2,mom
2011-01-01_to_2014-01-01,2011-01-01,2014-01-01,"hml,smb,mom",mkt,14,5,247,6,3,mom
2011-01-01_to_2014-01-01,2011-01-01,2014-01-01,"hml,smb,mom",mkt,14,5,247,6,4,mom
2011-01-01_to_2014-01-01,2011-01-01,2014-01-01,"hml,smb,mom",mkt,14,5,247,6,5,smb
2011-01-01_to_2014-01-01,2011-01-01,2014-01-01,"hml,smb,mom",mkt,14,5,247,6,6,smb
2011-01-01_to_2014-01-01,2011-01-01,2014-01-01,"hml,smb,mom",mkt,14,5,251,9,1,mom
2011-01-01_to_2014-01-01,2011-01-01,2014-01-01,"hml,smb,mom",mkt,14,5,251,9,2,mom
2011-01-01_to_2014-01-01,2011-01-01,2014-01-01,"hml,smb,mom",mkt,14,5,251,9,3,mom
2011-01-01_to_2014-01-01,2011-01-01,2014-01-01,"hml,smb,mom",mkt,14,5,251,9,4,mom
2011-01-01_to_2014-01-01,2011-01-01,2014-01-01,"hml,smb,mom",mkt,14,5,251,9,5,smb
2011-01-01_to_2014-01-01,2011-01-01,2014-01-01,"hml,smb,mom",mkt,14,5,251,9,6,smb
2011-01-01_to_2014-01-01,2011-01-01,2014-01-01,"hml,smb,mom",mkt,14,5,251,9,7,smb
2011-01-01_to_2014-01-01,2011-01-01,2014-01-01,"hml,smb,mom",mkt,14,5,251,9,8,smb
2011-01-01_to_2014-01-01,2011-01-01,2014-01-01,"hml,smb,mom",mkt,14,5,251,9,9,smb
2011-01-01_to_2014-01-01,2011-01-01,2014-01-01,"hml,smb,mom",mkt,14,5,252,9,1,mom
2011-01-01_to_2014-01-01,2011-01-01,2014-01-01,"hml,smb,mom",mkt,14,5,252,9,2,mom
2011-01-01_to_2014-01-01,2011-01-01,2014-01-01,"hml,smb,mom",mkt,14,5,252,9,3,mom
2011-01-01_to_2014-01-01,2011-01-01,2014-01-01,"hml,smb,mom",mkt,14,5,252,9,4,mom
2011-01-01_to_2014-01-01,2011-01-01,2014-01-01,"hml,smb,mom",mkt,14,5,252,9,5,smb
2011-01-01_to_2014-01-01,2011-01-01,2014-01-01,"hml,smb,mom",mkt,14,5,252,9,6,smb
2011-01-01_to_2014-01-01,2011-01-01,2014-01-01,"hml,smb,mom",mkt,14,5,252,9,7,smb
2011-01-01_to_2014-01-01,2011-01-01,2014-01-01,"hml,smb,mom",mkt,14,5,252,9,8,smb
2011-01-01_to_2014-01-01,2011-01-01,2014-01-01,"hml,smb,mom",mkt,14,5,252,9,9,smb
2011-01-01_to_2014-01-01,2011-01-01,2014-01-01,"hml,smb,mom",mkt,14,5,253,8,1,mom
2011-01-01_to_2014-01-01,2011-01-01,2014-01-01,"hml,smb,mom",mkt,14,5,253,8,2,mom
2011-01-01_to_2014-01-01,2011-01-01,2014-01-01,"hml,smb,mom",mkt,14,5,253,8,3,mom
2011-01-01_to_2014-01-01,2011-01-01,2014-01-01,"hml,smb,mom",mkt,14,5,253,8,4,mom
2011-01-01_to_2014-01-01,2011-01-01,2014-01-01,"hml,smb,mom",mkt,14,5,253,8,5,smb
2011-01-01_to_2014-01-01,2011-01-01,2014-01-01,"hml,smb,mom",mkt,14,5,253,8,6,smb
2011-01-01_to_2014-01-01,2011-01-01,2014-01-01,"hml,smb,mom",mkt,14,5,253,8,7,smb
2011-01-01_to_2014-01-01,2011-01-01,2014-01-01,"hml,smb,mom",mkt,14,5,253,8,8,smb
2011-01-01_to_2014-01-01,2011-01-01,2014-01-01,"hml,smb,mom",mkt,14,5,256,9,1,mom
2011-01-01_to_2014-01-01,2011-01-01,2014-01-01,"hml,smb,mom",mkt,14,5,256,9,2,mom
2011-01-01_to_2014-01-01,2011-01-01,2014-01-01,"hml,smb,mom",mkt,14,5,256,9,3,mom
2011-01-01_to_2014-01-01,2011-01-01,2014-01-01,"hml,smb,mom",mkt,14,5,256,9,4,mom
2011-01-01_to_2014-01-01,2011-01-01,2014-01-01,"hml,smb,mom",mkt,14,5,256,9,5,smb
2011-01-01_to_2014-01-01,2011-01-01,2014-01-01,"hml,smb,mom",mkt,14,5,256,9,6,smb
2011-01-01_to_2014-01-01,2011-01-01,2014-01-01,"hml,smb,mom",mkt,14,5,256,9,7,smb
2011-01-01_to_2014-01-01,2011-01-01,2014-01-01,"hml,smb,mom",mkt,14,5,256,9,8,smb
2011-01-01_to_2014-01-01,2011-01-01,2014-01-01,"hml,smb,mom",mkt,14,5,256,9,9,hml
2011-01-01_to_2014-01-01,2011-01-01,2014-01-01,"hml,smb,mom",mkt,14,5,257,9,1,mom
2011-01-01_to_2014-01-01,2011-01-01,2014-01-01,"hml,smb,mom",mkt,14,5,257,9,2,mom
2011-01-01_to_2014-01-01,2011-01-01,2014-01-01,"hml,smb,mom",mkt,14,5,257,9,3,mom
2011-01-01_to_2014-01-01,2011-01-01,2014-01-01,"hml,smb,mom",mkt,14,5,257,9,4,mom
2011-01-01_to_2014-01-01,2011-01-01,2014-01-01,"hml,smb,mom",mkt,14,5,257,9,5,smb
2011-01-01_to_2014-01-01,2011-01-01,2014-01-01,"hml,smb,mom",mkt,14,5,257,9,6,smb
2011-01-01_to_2014-01-01,2011-01-01,2014-01-01,"hml,smb,mom",mkt,14,5,257,9,7,smb
2011-01-01_to_2014-01-01,2011-01-01,2014-01-01,"hml,smb,mom",mkt,14,5,257,9,8,smb
2011-01-01_to_2014-01-01,2011-01-01,2014-01-01,"hml,smb,mom",mkt,14,5,257,9,9,hml
2011-01-01_to_2014-01-01,2011-01-01,2014-01-01,"hml,smb,mom",mkt,14,5,258,8,1,mom
2011-01-01_to_2014-01-01,2011-01-01,2014-01-01,"hml,smb,mom",mkt,14,5,258,8,2,mom
2011-01-01_to_2014-01-01,2011-01-01,2014-01-01,"hml,smb,mom",mkt,14,5,258,8,3,mom
2011-01-01_to_2014-01-01,2011-01-01,2014-01-01,"hml,smb,mom",mkt,14,5,258,8,4,mom
2011-01-01_to_2014-01-01,2011-01-01,2014-01-01,"hml,smb,mom",mkt,14,5,258,8,5,smb
2011-01-01_to_2014-01-01,2011-01-01,2014-01-01,"hml,smb,mom",mkt,14,5,258,8,6,smb
2011-01-01_to_2014-01-01,2011-01-01,2014-01-01,"hml,smb,mom",mkt,14,5,258,8,7,smb
2011-01-01_to_2014-01-01,2011-01-01,2014-01-01,"hml,smb,mom",mkt,14,5,258,8,8,smb
2011-01-01_to_2014-01-01,2011-01-01,2014-01-01,"hml,smb,mom",mkt,14,5,263,8,1,mom
2011-01-01_to_2014-01-01,2011-01-01,2014-01-01,"hml,smb,mom",mkt,14,5,263,8,2,mom
2011-01-01_to_2014-01-01,2011-01-01,2014-01-01,"hml,smb,mom",mkt,14,5,263,8,3,mom
2011-01-01_to_2014-01-01,2011-01-01,2014-01-01,"hml,smb,mom",mkt,14,5,263,8,4,mom
2011-01-01_to_2014-01-01,2011-01-01,2014-01-01,"hml,smb,mom",mkt,14,5,263,8,5,smb
2011-01-01_to_2014-01-01,2011-01-01,2014-01-01,"hml,smb,mom",mkt,14,5,263,8,6,hml
2011-01-01_to_2014-01-01,2011-01-01,2014-01-01,"hml,smb,mom",mkt,14,5,263,8,7,mom
2011-01-01_to_2014-01-01,2011-01-01,2014-01-01,"hml,smb,mom",mkt,14,5,263,8,8,smb
2011-01-01_to_2014-01-01,2011-01-01,2014-01-01,"hml,smb,mom",mkt,14,5,264,8,1,mom
2011-01-01_to_2014-01-01,2011-01-01,2014-01-01,"hml,smb,mom",mkt,14,5,264,8,2,mom
2011-01-01_to_2014-01-01,2011-01-01,2014-01-01,"hml,smb,mom",mkt,14,5,264,8,3,mom
2011-01-01_to_2014-01-01,2011-01-01,2014-01-01,"hml,smb,mom",mkt,14,5,264,8,4,mom
2011-01-01_to_2014-01-01,2011-01-01,2014-01-01,"hml,smb,mom",mkt,14,5,264,8,5,smb
2011-01-01_to_2014-01-01,2011-01-01,2014-01-01,"hml,smb,mom",mkt,14,5,264,8,6,hml
2011-01-01_to_2014-01-01,2011-01-01,2014-01-01,"hml,smb,mom",mkt,14,5,264,8,7,mom
2011-01-01_to_2014-01-01,2011-01-01,2014-01-01,"hml,smb,mom",mkt,14,5,264,8,8,smb
2011-01-01_to_2014-01-01,2011-01-01,2014-01-01,"hml,smb,mom",mkt,14,5,265,7,1,mom
2011-01-01_to_2014-01-01,2011-01-01,2014-01-01,"hml,smb,mom",mkt,14,5,265,7,2,mom
2011-01-01_to_2014-01-01,2011-01-01,2014-01-01,"hml,smb,mom",mkt,14,5,265,7,3,mom
2011-01-01_to_2014-01-01,2011-01-01,2014-01-01,"hml,smb,mom",mkt,14,5,265,7,4,mom
2011-01-01_to_2014-01-01,2011-01-01,2014-01-01,"hml,smb,mom",mkt,14,5,265,7,5,smb
2011-01-01_to_2014-01-01,2011-01-01,2014-01-01,"hml,smb,mom",mkt,14,5,265,7,6,hml
2011-01-01_to_2014-01-01,2011-01-01,2014-01-01,"hml,smb,mom",mkt,14,5,265,7,7,mom
2011-01-01_to_2014-01-01,2011-01-01,2014-01-01,"hml,smb,mom",mkt,14,5,266,6,1,mom
2011-01-01_to_2014-01-01,2011-01-01,2014-01-01,"hml,smb,mom",mkt,14,5,266,6,2,mom
2011-01-01_to_2014-01-01,2011-01-01,2014-01-01,"hml,smb,mom",mkt,14,5,266,6,3,mom
2011-01-01_to_2014-01-01,2011-01-01,2014-01-01,"hml,smb,mom",mkt,14,5,266,6,4,mom
2011-01-01_to_2014-01-01,2011-01-01,2014-01-01,"hml,smb,mom",mkt,14,5,266,6,5,smb
2011-01-01_to_2014-01-01,2011-01-01,2014-01-01,"hml,smb,mom",mkt,14,5,266,6,6,hml
2011-01-01_to_2014-01-01,2011-01-01,2014-01-01,"hml,smb,mom",mkt,14,5,271,9,1,mom
2011-01-01_to_2014-01-01,2011-01-01,2014-01-01,"hml,smb,mom",mkt,14,5,271,9,2,mom
2011-01-01_to_2014-01-01,2011-01-01,2014-01-01,"hml,smb,mom",mkt,14,5,271,9,3,mom
2011-01-01_to_2014-01-01,2011-01-01,2014-01-01,"hml,smb,mom",mkt,14,5,271,9,4,mom
2011-01-01_to_2014-01-01,2011-01-01,2014-01-01,"hml,smb,mom",mkt,14,5,271,9,5,smb
2011-01-01_to_2014-01-01,2011-01-01,2014-01-01,"hml,smb,mom",mkt,14,5,271,9,6,smb
2011-01-01_to_2014-01-01,2011-01-01,2014-01-01,"hml,smb,mom",mkt,14,5,271,9,7,mom
2011-01-01_to_2014-01-01,2011-01-01,2014-01-01,"hml,smb,mom",mkt,14,5,271,9,8,mom
2011-01-01_to_2014-01-01,2011-01-01,2014-01-01,"hml,smb,mom",mkt,14,5,271,9,9,smb
2011-01-01_to_2014-01-01,2011-01-01,2014-01-01,"hml,smb,mom",mkt,14,5,272,9,1,mom
2011-01-01_to_2014-01-01,2011-01-01,2014-01-01,"hml,smb,mom",mkt,14,5,272,9,2,mom
2011-01-01_to_2014-01-01,2011-01-01,2014-01-01,"hml,smb,mom",mkt,14,5,272,9,3,mom
2011-01-01_to_2014-01-01,2011-01-01,2014-01-01,"hml,smb,mom",mkt,14,5,272,9,4,mom
2011-01-01_to_2014-01-01,2011-01-01,2014-01-01,"hml,smb,mom",mkt,14,5,272,9,5,smb
2011-01-01_to_2014-01-01,2011-01-01,2014-01-01,"hml,smb,mom",mkt,14,5,272,9,6,smb
2011-01-01_to_2014-01-01,2011-01-01,2014-01-01,"hml,smb,mom",mkt,14,5,272,9,7,mom
2011-01-01_to_2014-01-01,2011-01-01,2014-01-01,"hml,smb,mom",mkt,14,5,272,9,8,mom
2011-01-01_to_2014-01-01,2011-01-01,2014-01-01,"hml,smb,mom",mkt,14,5,272,9,9,smb
2011-01-01_to_2014-01-01,2011-01-01,2014-01-01,"hml,smb,mom",mkt,14,5,275,10,1,mom
2011-01-01_to_2014-01-01,2011-01-01,2014-01-01,"hml,smb,mom",mkt,14,5,275,10,2,mom
2011-01-01_to_2014-01-01,2011-01-01,2014-01-01,"hml,smb,mom",mkt,14,5,275,10,3,mom
2011-01-01_to_2014-01-01,2011-01-01,2014-01-01,"hml,smb,mom",mkt,14,5,275,10,4,mom
2011-01-01_to_2014-01-01,2011-01-01,2014-01-01,"hml,smb,mom",mkt,14,5,275,10,5,smb
2011-01-01_to_2014-01-01,2011-01-01,2014-01-01,"hml,smb,mom",mkt,14,5,275,10,6,smb
2011-01-01_to_2014-01-01,2011-01-01,2014-01-01,"hml,smb,mom",mkt,14,5,275,10,7,mom
2011-01-01_to_2014-01-01,2011-01-01,2014-01-01,"hml,smb,mom",mkt,14,5,275,10,8,mom
2011-01-01_to_2014-01-01,2011-01-01,2014-01-01,"hml,smb,mom",mkt,14,5,275,10,9,hml
2011-01-01_to_2014-01-01,2011-01-01,2014-01-01,"hml,smb,mom",mkt,14,5,275,10,10,hml
2011-01-01_to_2014-01-01,2011-01-01,2014-01-01,"hml,smb,mom",mkt,14,5,276,10,1,mom
2011-01-01_to_2014-01-01,2011-01-01,2014-01-01,"hml,smb,mom",mkt,14,5,276,10,2,mom
2011-01-01_to_2014-01-01,2011-01-01,2014-01-01,"hml,smb,mom",mkt,14,5,276,10,3,mom
2011-01-01_to_2014-01-01,2011-01-01,2014-01-01,"hml,smb,mom",mkt,14,5,276,10,4,mom
2011-01-01_to_2014-01-01,2011-01-01,2014-01-01,"hml,smb,mom",mkt,14,5,276,10,5,smb
2011-01-01_to_2014-01-01,2011-01-01,2014-01-01,"hml,smb,mom",mkt,14,5,276,10,6,smb
2011-01-01_to_2014-01-01,2011-01-01,2014-01-01,"hml,smb,mom",mkt,14,5,276,10,7,mom
2011-01-01_to_2014-01-01,2011-01-01,2014-01-01,"hml,smb,mom",mkt,14,5,276,10,8,mom
2011-01-01_to_2014-01-01,2011-01-01,2014-01-01,"hml,smb,mom",mkt,14,5,276,10,9,hml
2011-01-01_to_2014-01-01,2011-01-01,2014-01-01,"hml,smb,mom",mkt,14,5,276,10,10,hml
2011-01-01_to_2014-01-01,2011-01-01,2014-01-01,"hml,smb,mom",mkt,14,5,278,10,1,mom
2011-01-01_to_2014-01-01,2011-01-01,2014-01-01,"hml,smb,mom",mkt,14,5,278,10,2,mom
2011-01-01_to_2014-01-01,2011-01-01,2014-01-01,"hml,smb,mom",mkt,14,5,278,10,3,mom
2011-01-01_to_2014-01-01,2011-01-01,2014-01-01,"hml,smb,mom",mkt,14,5,278,10,4,mom
2011-01-01_to_2014-01-01,2011-01-01,2014-01-01,"hml,smb,mom",mkt,14,5,278,10,5,smb
2011-01-01_to_2014-01-01,2011-01-01,2014-01-01,"hml,smb,mom",mkt,14,5,278,10,6,smb
2011-01-01_to_2014-01-01,2011-01-01,2014-01-01,"hml,smb,mom",mkt,14,5,278,10,7,mom
2011-01-01_to_2014-01-01,2011-01-01,2014-01-01,"hml,smb,mom",mkt,14,5,278,10,8,mom
2011-01-01_to_2014-01-01,2011-01-01,2014-01-01,"hml,smb,mom",mkt,14,5,278,10,9,hml
2011-01-01_to_2014-01-01,2011-01-01,2014-01-01,"hml,smb,mom",mkt,14,5,278,10,10,mom
2011-01-01_to_2014-01-01,2011-01-01,2014-01-01,"hml,smb,mom",mkt,14,5,280,11,1,mom
2011-01-01_to_2014-01-01,2011-01-01,2014-01-01,"hml,smb,mom",mkt,14,5,280,11,2,mom
2011-01-01_to_2014-01-01,2011-01-01,2014-01-01,"hml,smb,mom",mkt,14,5,280,11,3,mom
2011-01-01_to_2014-01-01,2011-01-01,2014-01-01,"hml,smb,mom",mkt,14,5,280,11,4,mom
2011-01-01_to_2014-01-01,2011-01-01,2014-01-01,"hml,smb,mom",mkt,14,5,280,11,5,smb
2011-01-01_to_2014-01-01,2011-01-01,2014-01-01,"hml,smb,mom",mkt,14,5,280,11,6,smb
2011-01-01_to_2014-01-01,2011-01-01,2014-01-01,"hml,smb,mom",mkt,14,5,280,11,7,mom
2011-01-01_to_2014-01-01,2011-01-01,2014-01-01,"hml,smb,mom",mkt,14,5,280,11,8,mom
2011-01-01_to_2014-01-01,2011-01-01,2014-01-01,"hml,smb,mom",mkt,14,5,280,11,9,hml
2011-01-01_to_2014-01-01,2011-01-01,2014-01-01,"hml,smb,mom",mkt,14,5,280,11,10,mom
2011-01-01_to_2014-01-01,2011-01-01,2014-01-01,"hml,smb,mom",mkt,14,5,280,11,11,smb
2011-01-01_to_2014-01-01,2011-01-01,2014-01-01,"hml,smb,mom",mkt,14,5,281,11,1,mom
2011-01-01_to_2014-01-01,2011-01-01,2014-01-01,"hml,smb,mom",mkt,14,5,281,11,2,mom
2011-01-01_to_2014-01-01,2011-01-01,2014-01-01,"hml,smb,mom",mkt,14,5,281,11,3,mom
2011-01-01_to_2014-01-01,2011-01-01,2014-01-01,"hml,smb,mom",mkt,14,5,281,11,4,mom
2011-01-01_to_2014-01-01,2011-01-01,2014-01-01,"hml,smb,mom",mkt,14,5,281,11,5,smb
2011-01-01_to_2014-01-01,2011-01-01,2014-01-01,"hml,smb,mom",mkt,14,5,281,11,6,smb
2011-01-01_to_2014-01-01,2011-01-01,2014-01-01,"hml,smb,mom",mkt,14,5,281,11,7,mom
2011-01-01_to_2014-01-01,2011-01-01,2014-01-01,"hml,smb,mom",mkt,14,5,281,11,8,mom
2011-01-01_to_2014-01-01,2011-01-01,2014-01-01,"hml,smb,mom",mkt,14,5,281,11,9,hml
2011-01-01_to_2014-01-01,2011-01-01,2014-01-01,"hml,smb,mom",mkt,14,5,281,11,10,mom
2011-01-01_to_2014-01-01,2011-01-01,2014-01-01,"hml,smb,mom",mkt,14,5,281,11,11,smb
2011-01-01_to_2014-01-01,2011-01-01,2014-01-01,"hml,smb,mom",mkt,14,5,282,7,1,mom
2011-01-01_to_2014-01-01,2011-01-01,2014-01-01,"hml,smb,mom",mkt,14,5,282,7,2,mom
2011-01-01_to_2014-01-01,2011-01-01,2014-01-01,"hml,smb,mom",mkt,14,5,282,7,3,mom
2011-01-01_to_2014-01-01,2011-01-01,2014-01-01,"hml,smb,mom",mkt,14,5,282,7,4,mom
2011-01-01_to_2014-01-01,2011-01-01,2014-01-01,"hml,smb,mom",mkt,14,5,282,7,5,smb
2011-01-01_to_2014-01-01,2011-01-01,2014-01-01,"hml,smb,mom",mkt,14,5,282,7,6,smb
2011-01-01_to_2014-01-01,2011-01-01,2014-01-01,"hml,smb,mom",mkt,14,5,282,7,7,mom
2011-01-01_to_2014-01-01,2011-01-01,2014-01-01,"hml,smb,mom",mkt,14,5,283,6,1,mom
2011-01-01_to_2014-01-01,2011-01-01,2014-01-01,"hml,smb,mom",mkt,14,5,283,6,2,mom
2011-01-01_to_2014-01-01,2011-01-01,2014-01-01,"hml,smb,mom",mkt,14,5,283,6,3,mom
2011-01-01_to_2014-01-01,2011-01-01,2014-01-01,"hml,smb,mom",mkt,14,5,283,6,4,mom
2011-01-01_to_2014-01-01,2011-01-01,2014-01-01,"hml,smb,mom",mkt,14,5,283,6,5,smb
2011-01-01_to_2014-01-01,2011-01-01,2014-01-01,"hml,smb,mom",mkt,14,5,283,6,6,smb
2011-01-01_to_2014-01-01,2011-01-01,2014-01-01,"hml,smb,mom",mkt,14,5,290,8,1,mom
2011-01-01_to_2014-01-01,2011-01-01,2014-01-01,"hml,smb,mom",mkt,14,5,290,8,2,mom
2011-01-01_to_2014-01-01,2011-01-01,2014-01-01,"hml,smb,mom",mkt,14,5,290,8,3,mom
2011-01-01_to_2014-01-01,2011-01-01,2014-01-01,"hml,smb,mom",mkt,14,5,290,8,4,mom
2011-01-01_to_2014-01-01,2011-01-01,2014-01-01,"hml,smb,mom",mkt,14,5,290,8,5,smb
2011-01-01_to_2014-01-01,2011-01-01,2014-01-01,"hml,smb,mom",mkt,14,5,290,8,6,mom
2011-01-01_to_2014-01-01,2011-01-01,2014-01-01,"hml,smb,mom",mkt,14,5,290,8,7,hml
2011-01-01_to_2014-01-01,2011-01-01,2014-01-01,"hml,smb,mom",mkt,14,5,290,8,8,mom
2011-01-01_to_2014-01-01,2011-01-01,2014-01-01,"hml,smb,mom",mkt,14,5,294,11,1,mom
2011-01-01_to_2014-01-01,2011-01-01,2014-01-01,"hml,smb,mom",mkt,14,5,294,11,2,mom
2011-01-01_to_2014-01-01,2011-01-01,2014-01-01,"hml,smb,mom",mkt,14,5,294,11,3,mom
2011-01-01_to_2014-01-01,2011-01-01,2014-01-01,"hml,smb,mom",mkt,14,5,294,11,4,mom
2011-01-01_to_2014-01-01,2011-01-01,2014-01-01,"hml,smb,mom",mkt,14,5,294,11,5,smb
2011-01-01_to_2014-01-01,2011-01-01,2014-01-01,"hml,smb,mom",mkt,14,5,294,11,6,mom
2011-01-01_to_2014-01-01,2011-01-01,2014-01-01,"hml,smb,mom",mkt,14,5,294,11,7,hml
2011-01-01_to_2014-01-01,2011-01-01,2014-01-01,"hml,smb,mom",mkt,14,5,294,11,8,mom
2011-01-01_to_2014-01-01,2011-01-01,2014-01-01,"hml,smb,mom",mkt,14,5,294,11,9,hml
2011-01-01_to_2014-01-01,2011-01-01,2014-01-01,"hml,smb,mom",mkt,14,5,294,11,10,hml
2011-01-01_to_2014-01-01,2011-01-01,2014-01-01,"hml,smb,mom",mkt,14,5,294,11,11,smb
2011-01-01_to_2014-01-01,2011-01-01,2014-01-01,"hml,smb,mom",mkt,14,5,295,11,1,mom
2011-01-01_to_2014-01-01,2011-01-01,2014-01-01,"hml,smb,mom",mkt,14,5,295,11,2,mom
2011-01-01_to_2014-01-01,2011-01-01,2014-01-01,"hml,smb,mom",mkt,14,5,295,11,3,mom
2011-01-01_to_2014-01-01,2011-01-01,2014-01-01,"hml,smb,mom",mkt,14,5,295,11,4,mom
2011-01-01_to_2014-01-01,2011-01-01,2014-01-01,"hml,smb,mom",mkt,14,5,295,11,5,smb
2011-01-01_to_2014-01-01,2011-01-01,2014-01-01,"hml,smb,mom",mkt,14,5,295,11,6,mom
2011-01-01_to_2014-01-01,2011-01-01,2014-01-01,"hml,smb,mom",mkt,14,5,295,11,7,hml
2011-01-01_to_2014-01-01,2011-01-01,2014-01-01,"hml,smb,mom",mkt,14,5,295,11,8,mom
2011-01-01_to_2014-01-01,2011-01-01,2014-01-01,"hml,smb,mom",mkt,14,5,295,11,9,hml
2011-01-01_to_2014-01-01,2011-01-01,2014-01-01,"hml,smb,mom",mkt,14,5,295,11,10,hml
2011-01-01_to_2014-01-01,2011-01-01,2014-01-01,"hml,smb,mom",mkt,14,5,295,11,11,smb
2011-01-01_to_2014-01-01,2011-01-01,2014-01-01,"hml,smb,mom",mkt,14,5,297,11,1,mom
2011-01-01_to_2014-01-01,2011-01-01,2014-01-01,"hml,smb,mom",mkt,14,5,297,11,2,mom
2011-01-01_to_2014-01-01,2011-01-01,2014-01-01,"hml,smb,mom",mkt,14,5,297,11,3,mom
2011-01-01_to_2014-01-01,2011-01-01,2014-01-01,"hml,smb,mom",mkt,14,5,297,11,4,mom
2011-01-01_to_2014-01-01,2011-01-01,2014-01-01,"hml,smb,mom",mkt,14,5,297,11,5,smb
2011-01-01_to_2014-01-01,2011-01-01,2014-01-01,"hml,smb,mom",mkt,14,5,297,11,6,mom
2011-01-01_to_2014-01-01,2011-01-01,2014-01-01,"hml,smb,mom",mkt,14,5,297,11,7,hml
2011-01-01_to_2014-01-01,2011-01-01,2014-01-01,"hml,smb,mom",mkt,14,5,297,11,8,mom
2011-01-01_to_2014-01-01,2011-01-01,2014-01-01,"hml,smb,mom",mkt,14,5,297,11,9,hml
2011-01-01_to_2014-01-01,2011-01-01,2014-01-01,"hml,smb,mom",mkt,14,5,297,11,10,hml
2011-01-01_to_2014-01-01,2011-01-01,2014-01-01,"hml,smb,mom",mkt,14,5,297,11,11,mom
2011-01-01_to_2014-01-01,2011-01-01,2014-01-01,"hml,smb,mom",mkt,14,5,298,11,1,mom
2011-01-01_to_2014-01-01,2011-01-01,2014-01-01,"hml,smb,mom",mkt,14,5,298,11,2,mom
2011-01-01_to_2014-01-01,2011-01-01,2014-01-01,"hml,smb,mom",mkt,14,5,298,11,3,mom
2011-01-01_to_2014-01-01,2011-01-01,2014-01-01,"hml,smb,mom",mkt,14,5,298,11,4,mom
2011-01-01_to_2014-01-01,2011-01-01,2014-01-01,"hml,smb,mom",mkt,14,5,298,11,5,smb
2011-01-01_to_2014-01-01,2011-01-01,2014-01-01,"hml,smb,mom",mkt,14,5,298,11,6,mom
2011-01-01_to_2014-01-01,2011-01-01,2014-01-01,"hml,smb,mom",mkt,14,5,298,11,7,hml
2011-01-01_to_2014-01-01,2011-01-01,2014-01-01,"hml,smb,mom",mkt,14,5,298,11,8,mom
2011-01-01_to_2014-01-01,2011-01-01,2014-01-01,"hml,smb,mom",mkt,14,5,298,11,9,hml
2011-01-01_to_2014-01-01,2011-01-01,2014-01-01,"hml,smb,mom",mkt,14,5,298,11,10,hml
2011-01-01_to_2014-01-01,2011-01-01,2014-01-01,"hml,smb,mom",mkt,14,5,298,11,11,mom
2011-01-01_to_2014-01-01,2011-01-01,2014-01-01,"hml,smb,mom",mkt,14,5,299,9,1,mom
2011-01-01_to_2014-01-01,2011-01-01,2014-01-01,"hml,smb,mom",mkt,14,5,299,9,2,mom
2011-01-01_to_2014-01-01,2011-01-01,2014-01-01,"hml,smb,mom",mkt,14,5,299,9,3,mom
2011-01-01_to_2014-01-01,2011-01-01,2014-01-01,"hml,smb,mom",mkt,14,5,299,9,4,mom
2011-01-01_to_2014-01-01,2011-01-01,2014-01-01,"hml,smb,mom",mkt,14,5,299,9,5,smb
2011-01-01_to_2014-01-01,2011-01-01,2014-01-01,"hml,smb,mom",mkt,14,5,299,9,6,mom
2011-01-01_to_2014-01-01,2011-01-01,2014-01-01,"hml,smb,mom",mkt,14,5,299,9,7,hml
2011-01-01_to_2014-01-01,2011-01-01,2014-01-01,"hml,smb,mom",mkt,14,5,299,9,8,mom
2011-01-01_to_2014-01-01,2011-01-01,2014-01-01,"hml,smb,mom",mkt,14,5,299,9,9,hml
2011-01-01_to_2014-01-01,2011-01-01,2014-01-01,"hml,smb,mom",mkt,14,5,300,7,1,mom
2011-01-01_to_2014-01-01,2011-01-01,2014-01-01,"hml,smb,mom",mkt,14,5,300,7,2,mom
2011-01-01_to_2014-01-01,2011-01-01,2014-01-01,"hml,smb,mom",mkt,14,5,300,7,3,mom
2011-01-01_to_2014-01-01,2011-01-01,2014-01-01,"hml,smb,mom",mkt,14,5,300,7,4,mom
2011-01-01_to_2014-01-01,2011-01-01,2014-01-01,"hml,smb,mom",mkt,14,5,300,7,5,smb
2011-01-01_to_2014-01-01,2011-01-01,2014-01-01,"hml,smb,mom",mkt,14,5,300,7,6,mom
2011-01-01_to_2014-01-01,2011-01-01,2014-01-01,"hml,smb,mom",mkt,14,5,300,7,7,hml
2011-01-01_to_2014-01-01,2011-01-01,2014-01-01,"hml,smb,mom",mkt,14,5,302,7,1,mom
2011-01-01_to_2014-01-01,2011-01-01,2014-01-01,"hml,smb,mom",mkt,14,5,302,7,2,mom
2011-01-01_to_2014-01-01,2011-01-01,2014-01-01,"hml,smb,mom",mkt,14,5,302,7,3,mom
2011-01-01_to_2014-01-01,2011-01-01,2014-01-01,"hml,smb,mom",mkt,14,5,302,7,4,mom
2011-01-01_to_2014-01-01,2011-01-01,2014-01-01,"hml,smb,mom",mkt,14,5,302,7,5,smb
2011-01-01_to_2014-01-01,2011-01-01,2014-01-01,"hml,smb,mom",mkt,14,5,302,7,6,mom
2011-01-01_to_2014-01-01,2011-01-01,2014-01-01,"hml,smb,mom",mkt,14,5,302,7,7,hml
2011-01-01_to_2014-01-01,2011-01-01,2014-01-01,"hml,smb,mom",mkt,14,5,303,7,1,mom
2011-01-01_to_2014-01-01,2011-01-01,2014-01-01,"hml,smb,mom",mkt,14,5,303,7,2,mom
2011-01-01_to_2014-01-01,2011-01-01,2014-01-01,"hml,smb,mom",mkt,14,5,303,7,3,mom
2011-01-01_to_2014-01-01,2011-01-01,2014-01-01,"hml,smb,mom",mkt,14,5,303,7,4,mom
2011-01-01_to_2014-01-01,2011-01-01,2014-01-01,"hml,smb,mom",mkt,14,5,303,7,5,smb
2011-01-01_to_2014-01-01,2011-01-01,2014-01-01,"hml,smb,mom",mkt,14,5,303,7,6,mom
2011-01-01_to_2014-01-01,2011-01-01,2014-01-01,"hml,smb,mom",mkt,14,5,303,7,7,hml
2011-01-01_to_2014-01-01,2011-01-01,2014-01-01,"hml,smb,mom",mkt,14,5,307,8,1,mom
2011-01-01_to_2014-01-01,2011-01-01,2014-01-01,"hml,smb,mom",mkt,14,5,307,8,2,mom
2011-01-01_to_2014-01-01,2011-01-01,2014-01-01,"hml,smb,mom",mkt,14,5,307,8,3,mom
2011-01-01_to_2014-01-01,2011-01-01,2014-01-01,"hml,smb,mom",mkt,14,5,307,8,4,mom
2011-01-01_to_2014-01-01,2011-01-01,2014-01-01,"hml,smb,mom",mkt,14,5,307,8,5,smb
2011-01-01_to_2014-01-01,2011-01-01,2014-01-01,"hml,smb,mom",mkt,14,5,307,8,6,mom
2011-01-01_to_2014-01-01,2011-01-01,2014-01-01,"hml,smb,mom",mkt,14,5,307,8,7,mom
2011-01-01_to_2014-01-01,2011-01-01,2014-01-01,"hml,smb,mom",mkt,14,5,307,8,8,smb
2011-01-01_to_2014-01-01,2011-01-01,2014-01-01,"hml,smb,mom",mkt,14,5,308,8,1,mom
2011-01-01_to_2014-01-01,2011-01-01,2014-01-01,"hml,smb,mom",mkt,14,5,308,8,2,mom
2011-01-01_to_2014-01-01,2011-01-01,2014-01-01,"hml,smb,mom",mkt,14,5,308,8,3,mom
2011-01-01_to_2014-01-01,2011-01-01,2014-01-01,"hml,smb,mom",mkt,14,5,308,8,4,mom
2011-01-01_to_2014-01-01,2011-01-01,2014-01-01,"hml,smb,mom",mkt,14,5,308,8,5,smb
2011-01-01_to_2014-01-01,2011-01-01,2014-01-01,"hml,smb,mom",mkt,14,5,308,8,6,mom
2011-01-01_to_2014-01-01,2011-01-01,2014-01-01,"hml,smb,mom",mkt,14,5,308,8,7,mom
2011-01-01_to_2014-01-01,2011-01-01,2014-01-01,"hml,smb,mom",mkt,14,5,308,8,8,smb
2011-01-01_to_2014-01-01,2011-01-01,2014-01-01,"hml,smb,mom",mkt,14,5,310,8,1,mom
2011-01-01_to_2014-01-01,2011-01-01,2014-01-01,"hml,smb,mom",mkt,14,5,310,8,2,mom
2011-01-01_to_2014-01-01,2011-01-01,2014-01-01,"hml,smb,mom",mkt,14,5,310,8,3,mom
2011-01-01_to_2014-01-01,2011-01-01,2014-01-01,"hml,smb,mom",mkt,14,5,310,8,4,mom
2011-01-01_to_2014-01-01,2011-01-01,2014-01-01,"hml,smb,mom",mkt,14,5,310,8,5,smb
2011-01-01_to_2014-01-01,2011-01-01,2014-01-01,"hml,smb,mom",mkt,14,5,310,8,6,mom
2011-01-01_to_2014-01-01,2011-01-01,2014-01-01,"hml,smb,mom",mkt,14,5,310,8,7,mom
2011-01-01_to_2014-01-01,2011-01-01,2014-01-01,"hml,smb,mom",mkt,14,5,310,8,8,hml
2011-01-01_to_2014-01-01,2011-01-01,2014-01-01,"hml,smb,mom",mkt,14,5,311,8,1,mom
2011-01-01_to_2014-01-01,2011-01-01,2014-01-01,"hml,smb,mom",mkt,14,5,311,8,2,mom
2011-01-01_to_2014-01-01,2011-01-01,2014-01-01,"hml,smb,mom",mkt,14,5,311,8,3,mom
2011-01-01_to_2014-01-01,2011-01-01,2014-01-01,"hml,smb,mom",mkt,14,5,311,8,4,mom
2011-01-01_to_2014-01-01,2011-01-01,2014-01-01,"hml,smb,mom",mkt,14,5,311,8,5,smb
2011-01-01_to_2014-01-01,2011-01-01,2014-01-01,"hml,smb,mom",mkt,14,5,311,8,6,mom
2011-01-01_to_2014-01-01,2011-01-01,2014-01-01,"hml,smb,mom",mkt,14,5,311,8,7,mom
2011-01-01_to_2014-01-01,2011-01-01,2014-01-01,"hml,smb,mom",mkt,14,5,311,8,8,hml
2011-01-01_to_2014-01-01,2011-01-01,2014-01-01,"hml,smb,mom",mkt,14,5,315,9,1,mom
2011-01-01_to_2014-01-01,2011-01-01,2014-01-01,"hml,smb,mom",mkt,14,5,315,9,2,mom
2011-01-01_to_2014-01-01,2011-01-01,2014-01-01,"hml,smb,mom",mkt,14,5,315,9,3,mom
2011-01-01_to_2014-01-01,2011-01-01,2014-01-01,"hml,smb,mom",mkt,14,5,315,9,4,mom
2011-01-01_to_2014-01-01,2011-01-01,2014-01-01,"hml,smb,mom",mkt,14,5,315,9,5,smb
2011-01-01_to_2014-01-01,2011-01-01,2014-01-01,"hml,smb,mom",mkt,14,5,315,9,6,mom
2011-01-01_to_2014-01-01,2011-01-01,2014-01-01,"hml,smb,mom",mkt,14,5,315,9,7,hml
2011-01-01_to_2014-01-01,2011-01-01,2014-01-01,"hml,smb,mom",mkt,14,5,315,9,8,smb
2011-01-01_to_2014-01-01,2011-01-01,2014-01-01,"hml,smb,mom",mkt,14,5,315,9,9,mom
2011-01-01_to_2014-01-01,2011-01-01,2014-01-01,"hml,smb,mom",mkt,14,5,316,9,1,mom
2011-01-01_to_2014-01-01,2011-01-01,2014-01-01,"hml,smb,mom",mkt,14,5,316,9,2,mom
2011-01-01_to_2014-01-01,2011-01-01,2014-01-01,"hml,smb,mom",mkt,14,5,316,9,3,mom
2011-01-01_to_2014-01-01,2011-01-01,2014-01-01,"hml,smb,mom",mkt,14,5,316,9,4,mom
2011-01-01_to_2014-01-01,2011-01-01,2014-01-01,"hml,smb,mom",mkt,14,5,316,9,5,smb
2011-01-01_to_2014-01-01,2011-01-01,2014-01-01,"hml,smb,mom",mkt,14,5,316,9,6,mom
2011-01-01_to_2014-01-01,2011-01-01,2014-01-01,"hml,smb,mom",mkt,14,5,316,9,7,hml
2011-01-01_to_2014-01-01,2011-01-01,2014-01-01,"hml,smb,mom",mkt,14,5,316,9,8,smb
2011-01-01_to_2014-01-01,2011-01-01,2014-01-01,"hml,smb,mom",mkt,14,5,316,9,9,mom
2011-01-01_to_2014-01-01,2011-01-01,2014-01-01,"hml,smb,mom",mkt,14,5,318,9,1,mom
2011-01-01_to_2014-01-01,2011-01-01,2014-01-01,"hml,smb,mom",mkt,14,5,318,9,2,mom
2011-01-01_to_2014-01-01,2011-01-01,2014-01-01,"hml,smb,mom",mkt,14,5,318,9,3,mom
2011-01-01_to_2014-01-01,2011-01-01,2014-01-01,"hml,smb,mom",mkt,14,5,318,9,4,mom
2011-01-01_to_2014-01-01,2011-01-01,2014-01-01,"hml,smb,mom",mkt,14,5,318,9,5,smb
2011-01-01_to_2014-01-01,2011-01-01,2014-01-01,"hml,smb,mom",mkt,14,5,318,9,6,mom
2011-01-01_to_2014-01-01,2011-01-01,2014-01-01,"hml,smb,mom",mkt,14,5,318,9,7,hml
2011-01-01_to_2014-01-01,2011-01-01,2014-01-01,"hml,smb,mom",mkt,14,5,318,9,8,smb
2011-01-01_to_2014-01-01,2011-01-01,2014-01-01,"hml,smb,mom",mkt,14,5,318,9,9,hml
2011-01-01_to_2014-01-01,2011-01-01,2014-01-01,"hml,smb,mom",mkt,14,5,319,9,1,mom
2011-01-01_to_2014-01-01,2011-01-01,2014-01-01,"hml,smb,mom",mkt,14,5,319,9,2,mom
2011-01-01_to_2014-01-01,2011-01-01,2014-01-01,"hml,smb,mom",mkt,14,5,319,9,3,mom
2011-01-01_to_2014-01-01,2011-01-01,2014-01-01,"hml,smb,mom",mkt,14,5,319,9,4,mom
2011-01-01_to_2014-01-01,2011-01-01,2014-01-01,"hml,smb,mom",mkt,14,5,319,9,5,smb
2011-01-01_to_2014-01-01,2011-01-01,2014-01-01,"hml,smb,mom",mkt,14,5,319,9,6,mom
2011-01-01_to_2014-01-01,2011-01-01,2014-01-01,"hml,smb,mom",mkt,14,5,319,9,7,hml
2011-01-01_to_2014-01-01,2011-01-01,2014-01-01,"hml,smb,mom",mkt,14,5,319,9,8,smb
2011-01-01_to_2014-01-01,2011-01-01,2014-01-01,"hml,smb,mom",mkt,14,5,319,9,9,hml
2011-01-01_to_2014-01-01,2011-01-01,2014-01-01,"hml,smb,mom",mkt,14,5,320,7,1,mom
2011-01-01_to_2014-01-01,2011-01-01,2014-01-01,"hml,smb,mom",mkt,14,5,320,7,2,mom
2011-01-01_to_2014-01-01,2011-01-01,2014-01-01,"hml,smb,mom",mkt,14,5,320,7,3,mom
2011-01-01_to_2014-01-01,2011-01-01,2014-01-01,"hml,smb,mom",mkt,14,5,320,7,4,mom
2011-01-01_to_2014-01-01,2011-01-01,2014-01-01,"hml,smb,mom",mkt,14,5,320,7,5,smb
2011-01-01_to_2014-01-01,2011-01-01,2014-01-01,"hml,smb,mom",mkt,14,5,320,7,6,mom
2011-01-01_to_2014-01-01,2011-01-01,2014-01-01,"hml,smb,mom",mkt,14,5,320,7,7,hml
2011-01-01_to_2014-01-01,2011-01-01,2014-01-01,"hml,smb,mom",mkt,14,5,323,6,1,mom
2011-01-01_to_2014-01-01,2011-01-01,2014-01-01,"hml,smb,mom",mkt,14,5,323,6,2,mom
2011-01-01_to_2014-01-01,2011-01-01,2014-01-01,"hml,smb,mom",mkt,14,5,323,6,3,mom
2011-01-01_to_2014-01-01,2011-01-01,2014-01-01,"hml,smb,mom",mkt,14,5,323,6,4,mom
2011-01-01_to_2014-01-01,2011-01-01,2014-01-01,"hml,smb,mom",mkt,14,5,323,6,5,smb
2011-01-01_to_2014-01-01,2011-01-01,2014-01-01,"hml,smb,mom",mkt,14,5,323,6,6,mom
2011-01-01_to_2014-01-01,2011-01-01,2014-01-01,"hml,smb,mom",mkt,14,5,324,6,1,mom
2011-01-01_to_2014-01-01,2011-01-01,2014-01-01,"hml,smb,mom",mkt,14,5,324,6,2,mom
2011-01-01_to_2014-01-01,2011-01-01,2014-01-01,"hml,smb,mom",mkt,14,5,324,6,3,mom
2011-01-01_to_2014-01-01,2011-01-01,2014-01-01,"hml,smb,mom",mkt,14,5,324,6,4,mom
2011-01-01_to_2014-01-01,2011-01-01,2014-01-01,"hml,smb,mom",mkt,14,5,324,6,5,smb
2011-01-01_to_2014-01-01,2011-01-01,2014-01-01,"hml,smb,mom",mkt,14,5,324,6,6,mom
2011-01-01_to_2014-01-01,2011-01-01,2014-01-01,"hml,smb,mom",mkt,14,5,326,6,1,mom
2011-01-01_to_2014-01-01,2011-01-01,2014-01-01,"hml,smb,mom",mkt,14,5,326,6,2,mom
2011-01-01_to_2014-01-01,2011-01-01,2014-01-01,"hml,smb,mom",mkt,14,5,326,6,3,mom
2011-01-01_to_2014-01-01,2011-01-01,2014-01-01,"hml,smb,mom",mkt,14,5,326,6,4,mom
2011-01-01_to_2014-01-01,2011-01-01,2014-01-01,"hml,smb,mom",mkt,14,5,326,6,5,smb
2011-01-01_to_2014-01-01,2011-01-01,2014-01-01,"hml,smb,mom",mkt,14,5,326,6,6,hml
2011-01-01_to_2014-01-01,2011-01-01,2014-01-01,"hml,smb,mom",mkt,14,5,327,6,1,mom
2011-01-01_to_2014-01-01,2011-01-01,2014-01-01,"hml,smb,mom",mkt,14,5,327,6,2,mom
2011-01-01_to_2014-01-01,2011-01-01,2014-01-01,"hml,smb,mom",mkt,14,5,327,6,3,mom
2011-01-01_to_2014-01-01,2011-01-01,2014-01-01,"hml,smb,mom",mkt,14,5,327,6,4,mom
2011-01-01_to_2014-01-01,2011-01-01,2014-01-01,"hml,smb,mom",mkt,14,5,327,6,5,smb
2011-01-01_to_2014-01-01,2011-01-01,2014-01-01,"hml,smb,mom",mkt,14,5,327,6,6,hml
2011-01-01_to_2014-01-01,2011-01-01,2014-01-01,"hml,smb,mom",mkt,14,5,329,4,1,mom
2011-01-01_to_2014-01-01,2011-01-01,2014-01-01,"hml,smb,mom",mkt,14,5,329,4,2,mom
2011-01-01_to_2014-01-01,2011-01-01,2014-01-01,"hml,smb,mom",mkt,14,5,329,4,3,mom
2011-01-01_to_2014-01-01,2011-01-01,2014-01-01,"hml,smb,mom",mkt,14,5,329,4,4,smb
2011-01-01_to_2014-01-01,2011-01-01,2014-01-01,"hml,smb,mom",mkt,14,5,330,4,1,mom
2011-01-01_to_2014-01-01,2011-01-01,2014-01-01,"hml,smb,mom",mkt,14,5,330,4,2,mom
2011-01-01_to_2014-01-01,2011-01-01,2014-01-01,"hml,smb,mom",mkt,14,5,330,4,3,mom
2011-01-01_to_2014-01-01,2011-01-01,2014-01-01,"hml,smb,mom",mkt,14,5,330,4,4,smb
2011-07-01_to_2014-07-01,2011-07-01,2014-07-01,"hml,smb,mom",mkt,14,5,6,6,1,mom
2011-07-01_to_2014-07-01,2011-07-01,2014-07-01,"hml,smb,mom",mkt,14,5,6,6,2,mom
2011-07-01_to_2014-07-01,2011-07-01,2014-07-01,"hml,smb,mom",mkt,14,5,6,6,3,mom
2011-07-01_to_2014-07-01,2011-07-01,2014-07-01,"hml,smb,mom",mkt,14,5,6,6,4,mom
2011-07-01_to_2014-07-01,2011-07-01,2014-07-01,"hml,smb,mom",mkt,14,5,6,6,5,hml
2011-07-01_to_2014-07-01,2011-07-01,2014-07-01,"hml,smb,mom",mkt,14,5,6,6,6,smb
2011-07-01_to_2014-07-01,2011-07-01,2014-07-01,"hml,smb,mom",mkt,14,5,7,6,1,mom
2011-07-01_to_2014-07-01,2011-07-01,2014-07-01,"hml,smb,mom",mkt,14,5,7,6,2,mom
2011-07-01_to_2014-07-01,2011-07-01,2014-07-01,"hml,smb,mom",mkt,14,5,7,6,3,mom
2011-07-01_to_2014-07-01,2011-07-01,2014-07-01,"hml,smb,mom",mkt,14,5,7,6,4,mom
2011-07-01_to_2014-07-01,2011-07-01,2014-07-01,"hml,smb,mom",mkt,14,5,7,6,5,hml
2011-07-01_to_2014-07-01,2011-07-01,2014-07-01,"hml,smb,mom",mkt,14,5,7,6,6,smb
2011-07-01_to_2014-07-01,2011-07-01,2014-07-01,"hml,smb,mom",mkt,14,5,8,5,1,mom
2011-07-01_to_2014-07-01,2011-07-01,2014-07-01,"hml,smb,mom",mkt,14,5,8,5,2,mom
2011-07-01_to_2014-07-01,2011-07-01,2014-07-01,"hml,smb,mom",mkt,14,5,8,5,3,mom
2011-07-01_to_2014-07-01,2011-07-01,2014-07-01,"hml,smb,mom",mkt,14,5,8,5,4,mom
2011-07-01_to_2014-07-01,2011-07-01,2014-07-01,"hml,smb,mom",mkt,14,5,8,5,5,hml
2011-07-01_to_2014-07-01,2011-07-01,2014-07-01,"hml,smb,mom",mkt,14,5,10,5,1,mom
2011-07-01_to_2014-07-01,2011-07-01,2014-07-01,"hml,smb,mom",mkt,14,5,10,5,2,mom
2011-07-01_to_2014-07-01,2011-07-01,2014-07-01,"hml,smb,mom",mkt,14,5,10,5,3,mom
2011-07-01_to_2014-07-01,2011-07-01,2014-07-01,"hml,smb,mom",mkt,14,5,10,5,4,mom
2011-07-01_to_2014-07-01,2011-07-01,2014-07-01,"hml,smb,mom",mkt,14,5,10,5,5,smb
2011-07-01_to_2014-07-01,2011-07-01,2014-07-01,"hml,smb,mom",mkt,14,5,13,7,1,mom
2011-07-01_to_2014-07-01,2011-07-01,2014-07-01,"hml,smb,mom",mkt,14,5,13,7,2,mom
2011-07-01_to_2014-07-01,2011-07-01,2014-07-01,"hml,smb,mom",mkt,14,5,13,7,3,mom
2011-07-01_to_2014-07-01,2011-07-01,2014-07-01,"hml,smb,mom",mkt,14,5,13,7,4,mom
2011-07-01_to_2014-07-01,2011-07-01,2014-07-01,"hml,smb,mom",mkt,14,5,13,7,5,smb
2011-07-01_to_2014-07-01,2011-07-01,2014-07-01,"hml,smb,mom",mkt,14,5,13,7,6,hml
2011-07-01_to_2014-07-01,2011-07-01,2014-07-01,"hml,smb,mom",mkt,14,5,13,7,7,mom
2011-07-01_to_2014-07-01,2011-07-01,2014-07-01,"hml,smb,mom",mkt,14,5,14,7,1,mom
2011-07-01_to_2014-07-01,2011-07-01,2014-07-01,"hml,smb,mom",mkt,14,5,14,7,2,mom
2011-07-01_to_2014-07-01,2011-07-01,2014-07-01,"hml,smb,mom",mkt,14,5,14,7,3,mom
2011-07-01_to_2014-07-01,2011-07-01,2014-07-01,"hml,smb,mom",mkt,14,5,14,7,4,mom
2011-07-01_to_2014-07-01,2011-07-01,2014-07-01,"hml,smb,mom",mkt,14,5,14,7,5,smb
2011-07-01_to_2014-07-01,2011-07-01,2014-07-01,"hml,smb,mom",mkt,14,5,14,7,6,hml
2011-07-01_to_2014-07-01,2011-07-01,2014-07-01,"hml,smb,mom",mkt,14,5,14,7,7,mom
2011-07-01_to_2014-07-01,2011-07-01,2014-07-01,"hml,smb,mom",mkt,14,5,16,7,1,mom
2011-07-01_to_2014-07-01,2011-07-01,2014-07-01,"hml,smb,mom",mkt,14,5,16,7,2,mom
2011-07-01_to_2014-07-01,2011-07-01,2014-07-01,"hml,smb,mom",mkt,14,5,16,7,3,mom
2011-07-01_to_2014-07-01,2011-07-01,2014-07-01,"hml,smb,mom",mkt,14,5,16,7,4,mom
2011-07-01_to_2014-07-01,2011-07-01,2014-07-01,"hml,smb,mom",mkt,14,5,16,7,5,smb
2011-07-01_to_2014-07-01,2011-07-01,2014-07-01,"hml,smb,mom",mkt,14,5,16,7,6,hml
2011-07-01_to_2014-07-01,2011-07-01,2014-07-01,"hml,smb,mom",mkt,14,5,16,7,7,hml
2011-07-01_to_2014-07-01,2011-07-01,2014-07-01,"hml,smb,mom",mkt,14,5,17,7,1,mom
2011-07-01_to_2014-07-01,2011-07-01,2014-07-01,"hml,smb,mom",mkt,14,5,17,7,2,mom
2011-07-01_to_2014-07-01,2011-07-01,2014-07-01,"hml,smb,mom",mkt,14,5,17,7,3,mom
2011-07-01_to_2014-07-01,2011-07-01,2014-07-01,"hml,smb,mom",mkt,14,5,17,7,4,mom
2011-07-01_to_2014-07-01,2011-07-01,2014-07-01,"hml,smb,mom",mkt,14,5,17,7,5,smb
2011-07-01_to_2014-07-01,2011-07-01,2014-07-01,"hml,smb,mom",mkt,14,5,17,7,6,hml
2011-07-01_to_2014-07-01,2011-07-01,2014-07-01,"hml,smb,mom",mkt,14,5,17,7,7,hml
2011-07-01_to_2014-07-01,2011-07-01,2014-07-01,"hml,smb,mom",mkt,14,5,21,6,1,mom
2011-07-01_to_2014-07-01,2011-07-01,2014-07-01,"hml,smb,mom",mkt,14,5,21,6,2,mom
2011-07-01_to_2014-07-01,2011-07-01,2014-07-01,"hml,smb,mom",mkt,14,5,21,6,3,mom
2011-07-01_to_2014-07-01,2011-07-01,2014-07-01,"hml,smb,mom",mkt,14,5,21,6,4,mom
2011-07-01_to_2014-07-01,2011-07-01,2014-07-01,"hml,smb,mom",mkt,14,5,21,6,5,mom
2011-07-01_to_2014-07-01,2011-07-01,2014-07-01,"hml,smb,mom",mkt,14,5,21,6,6,smb
2011-07-01_to_2014-07-01,2011-07-01,2014-07-01,"hml,smb,mom",mkt,14,5,26,10,1,mom
2011-07-01_to_2014-07-01,2011-07-01,2014-07-01,"hml,smb,mom",mkt,14,5,26,10,2,mom
2011-07-01_to_2014-07-01,2011-07-01,2014-07-01,"hml,smb,mom",mkt,14,5,26,10,3,mom
2011-07-01_to_2014-07-01,2011-07-01,2014-07-01,"hml,smb,mom",mkt,14,5,26,10,4,mom
2011-07-01_to_2014-07-01,2011-07-01,2014-07-01,"hml,smb,mom",mkt,14,5,26,10,5,mom
2011-07-01_to_2014-07-01,2011-07-01,2014-07-01,"hml,smb,mom",mkt,14,5,26,10,6,smb
2011-07-01_to_2014-07-01,2011-07-01,2014-07-01,"hml,smb,mom",mkt,14,5,26,10,7,hml
2011-07-01_to_2014-07-01,2011-07-01,2014-07-01,"hml,smb,mom",mkt,14,5,26,10,8,mom
2011-07-01_to_2014-07-01,2011-07-01,2014-07-01,"hml,smb,mom",mkt,14,5,26,10,9,hml
2011-07-01_to_2014-07-01,2011-07-01,2014-07-01,"hml,smb,mom",mkt,14,5,26,10,10,smb
2011-07-01_to_2014-07-01,2011-07-01,2014-07-01,"hml,smb,mom",mkt,14,5,27,10,1,mom
2011-07-01_to_2014-07-01,2011-07-01,2014-07-01,"hml,smb,mom",mkt,14,5,27,10,2,mom
2011-07-01_to_2014-07-01,2011-07-01,2014-07-01,"hml,smb,mom",mkt,14,5,27,10,3,mom
2011-07-01_to_2014-07-01,2011-07-01,2014-07-01,"hml,smb,mom",mkt,14,5,27,10,4,mom
2011-07-01_to_2014-07-01,2011-07-01,2014-07-01,"hml,smb,mom",mkt,14,5,27,10,5,mom
2011-07-01_to_2014-07-01,2011-07-01,2014-07-01,"hml,smb,mom",mkt,14,5,27,10,6,smb
2011-07-01_to_2014-07-01,2011-07-01,2014-07-01,"hml,smb,mom",mkt,14,5,27,10,7,hml
2011-07-01_to_2014-07-01,2011-07-01,2014-07-01,"hml,smb,mom",mkt,14,5,27,10,8,mom
2011-07-01_to_2014-07-01,2011-07-01,2014-07-01,"hml,smb,mom",mkt,14,5,27,10,9,hml
2011-07-01_to_2014-07-01,2011-07-01,2014-07-01,"hml,smb,mom",mkt,14,5,27,10,10,smb
2011-07-01_to_2014-07-01,2011-07-01,2014-07-01,"hml,smb,mom",mkt,14,5,30,11,1,mom
2011-07-01_to_2014-07-01,2011-07-01,2014-07-01,"hml,smb,mom",mkt,14,5,30,11,2,mom
2011-07-01_to_2014-07-01,2011-07-01,2014-07-01,"hml,smb,mom",mkt,14,5,30,11,3,mom
2011-07-01_to_2014-07-01,2011-07-01,2014-07-01,"hml,smb,mom",mkt,14,5,30,11,4,mom
2011-07-01_to_2014-07-01,2011-07-01,2014-07-01,"hml,smb,mom",mkt,14,5,30,11,5,mom
2011-07-01_to_2014-07-01,2011-07-01,2014-07-01,"hml,smb,mom",mkt,14,5,30,11,6,smb
2011-07-01_to_2014-07-01,2011-07-01,2014-07-01,"hml,smb,mom",mkt,14,5,30,11,7,hml
2011-07-01_to_2014-07-01,2011-07-01,2014-07-01,"hml,smb,mom",mkt,14,5,30,11,8,mom
2011-07-01_to_2014-07-01,2011-07-01,2014-07-01,"hml,smb,mom",mkt,14,5,30,11,9,hml
2011-07-01_to_2014-07-01,2011-07-01,2014-07-01,"hml,smb,mom",mkt,14,5,30,11,10,mom
2011-07-01_to_2014-07-01,2011-07-01,2014-07-01,"hml,smb,mom",mkt,14,5,30,11,11,smb
2011-07-01_to_2014-07-01,2011-07-01,2014-07-01,"hml,smb,mom",mkt,14,5,31,11,1,mom
2011-07-01_to_2014-07-01,2011-07-01,2014-07-01,"hml,smb,mom",mkt,14,5,31,11,2,mom
2011-07-01_to_2014-07-01,2011-07-01,2014-07-01,"hml,smb,mom",mkt,14,5,31,11,3,mom
2011-07-01_to_2014-07-01,2011-07-01,2014-07-01,"hml,smb,mom",mkt,14,5,31,11,4,mom
2011-07-01_to_2014-07-01,2011-07-01,2014-07-01,"hml,smb,mom",mkt,14,5,31,11,5,mom
2011-07-01_to_2014-07-01,2011-07-01,2014-07-01,"hml,smb,mom",mkt,14,5,31,11,6,smb
2011-07-01_to_2014-07-01,2011-07-01,2014-07-01,"hml,smb,mom",mkt,14,5,31,11,7,hml
2011-07-01_to_2014-07-01,2011-07-01,2014-07-01,"hml,smb,mom",mkt,14,5,31,11,8,mom
2011-07-01_to_2014-07-01,2011-07-01,2014-07-01,"hml,smb,mom",mkt,14,5,31,11,9,hml
2011-07-01_to_2014-07-01,2011-07-01,2014-07-01,"hml,smb,mom",mkt,14,5,31,11,10,mom
2011-07-01_to_2014-07-01,2011-07-01,2014-07-01,"hml,smb,mom",mkt,14,5,31,11,11,smb
2011-07-01_to_2014-07-01,2011-07-01,2014-07-01,"hml,smb,mom",mkt,14,5,32,10,1,mom
2011-07-01_to_2014-07-01,2011-07-01,2014-07-01,"hml,smb,mom",mkt,14,5,32,10,2,mom
2011-07-01_to_2014-07-01,2011-07-01,2014-07-01,"hml,smb,mom",mkt,14,5,32,10,3,mom
2011-07-01_to_2014-07-01,2011-07-01,2014-07-01,"hml,smb,mom",mkt,14,5,32,10,4,mom
2011-07-01_to_2014-07-01,2011-07-01,2014-07-01,"hml,smb,mom",mkt,14,5,32,10,5,mom
2011-07-01_to_2014-07-01,2011-07-01,2014-07-01,"hml,smb,mom",mkt,14,5,32,10,6,smb
2011-07-01_to_2014-07-01,2011-07-01,2014-07-01,"hml,smb,mom",mkt,14,5,32,10,7,hml
2011-07-01_to_2014-07-01,2011-07-01,2014-07-01,"hml,smb,mom",mkt,14,5,32,10,8,mom
2011-07-01_to_2014-07-01,2011-07-01,2014-07-01,"hml,smb,mom",mkt,14,5,32,10,9,hml
2011-07-01_to_2014-07-01,2011-07-01,2014-07-01,"hml,smb,mom",mkt,14,5,32,10,10,mom
2011-07-01_to_2014-07-01,2011-07-01,2014-07-01,"hml,smb,mom",mkt,14,5,36,11,1,mom
2011-07-01_to_2014-07-01,2011-07-01,2014-07-01,"hml,smb,mom",mkt,14,5,36,11,2,mom
2011-07-01_to_2014-07-01,2011-07-01,2014-07-01,"hml,smb,mom",mkt,14,5,36,11,3,mom
2011-07-01_to_2014-07-01,2011-07-01,2014-07-01,"hml,smb,mom",mkt,14,5,36,11,4,mom
2011-07-01_to_2014-07-01,2011-07-01,2014-07-01,"hml,smb,mom",mkt,14,5,36,11,5,mom
2011-07-01_to_2014-07-01,2011-07-01,2014-07-01,"hml,smb,mom",mkt,14,5,36,11,6,smb
2011-07-01_to_2014-07-01,2011-07-01,2014-07-01,"hml,smb,mom",mkt,14,5,36,11,7,hml
2011-07-01_to_2014-07-01,2011-07-01,2014-07-01,"hml,smb,mom",mkt,14,5,36,11,8,mom
2011-07-01_to_2014-07-01,2011-07-01,2014-07-01,"hml,smb,mom",mkt,14,5,36,11,9,hml
2011-07-01_to_2014-07-01,2011-07-01,2014-07-01,"hml,smb,mom",mkt,14,5,36,11,10,hml
2011-07-01_to_2014-07-01,2011-07-01,2014-07-01,"hml,smb,mom",mkt,14,5,36,11,11,hml
2011-07-01_to_2014-07-01,2011-07-01,2014-07-01,"hml,smb,mom",mkt,14,5,37,11,1,mom
2011-07-01_to_2014-07-01,2011-07-01,2014-07-01,"hml,smb,mom",mkt,14,5,37,11,2,mom
2011-07-01_to_2014-07-01,2011-07-01,2014-07-01,"hml,smb,mom",mkt,14,5,37,11,3,mom
2011-07-01_to_2014-07-01,2011-07-01,2014-07-01,"hml,smb,mom",mkt,14,5,37,11,4,mom
2011-07-01_to_2014-07-01,2011-07-01,2014-07-01,"hml,smb,mom",mkt,14,5,37,11,5,mom
2011-07-01_to_2014-07-01,2011-07-01,2014-07-01,"hml,smb,mom",mkt,14,5,37,11,6,smb
2011-07-01_to_2014-07-01,2011-07-01,2014-07-01,"hml,smb,mom",mkt,14,5,37,11,7,hml
2011-07-01_to_2014-07-01,2011-07-01,2014-07-01,"hml,smb,mom",mkt,14,5,37,11,8,mom
2011-07-01_to_2014-07-01,2011-07-01,2014-07-01,"hml,smb,mom",mkt,14,5,37,11,9,hml
2011-07-01_to_2014-07-01,2011-07-01,2014-07-01,"hml,smb,mom",mkt,14,5,37,11,10,hml
2011-07-01_to_2014-07-01,2011-07-01,2014-07-01,"hml,smb,mom",mkt,14,5,37,11,11,hml
2011-07-01_to_2014-07-01,2011-07-01,2014-07-01,"hml,smb,mom",mkt,14,5,38,10,1,mom
2011-07-01_to_2014-07-01,2011-07-01,2014-07-01,"hml,smb,mom",mkt,14,5,38,10,2,mom
2011-07-01_to_2014-07-01,2011-07-01,2014-07-01,"hml,smb,mom",mkt,14,5,38,10,3,mom
2011-07-01_to_2014-07-01,2011-07-01,2014-07-01,"hml,smb,mom",mkt,14,5,38,10,4,mom
2011-07-01_to_2014-07-01,2011-07-01,2014-07-01,"hml,smb,mom",mkt,14,5,38,10,5,mom
2011-07-01_to_2014-07-01,2011-07-01,2014-07-01,"hml,smb,mom",mkt,14,5,38,10,6,smb
2011-07-01_to_2014-07-01,2011-07-01,2014-07-01,"hml,smb,mom",mkt,14,5,38,10,7,hml
2011-07-01_to_2014-07-01,2011-07-01,2014-07-01,"hml,smb,mom",mkt,14,5,38,10,8,mom
2011-07-01_to_2014-07-01,2011-07-01,2014-07-01,"hml,smb,mom",mkt,14,5,38,10,9,hml
2011-07-01_to_2014-07-01,2011-07-01,2014-07-01,"hml,smb,mom",mkt,14,5,38,10,10,hml
2011-07-01_to_2014-07-01,2011-07-01,2014-07-01,"hml,smb,mom",mkt,14,5,39,9,1,mom
2011-07-01_to_2014-07-01,2011-07-01,2014-07-01,"hml,smb,mom",mkt,14,5,39,9,2,mom
2011-07-01_to_2014-07-01,2011-07-01,2014-07-01,"hml,smb,mom",mkt,14,5,39,9,3,mom
2011-07-01_to_2014-07-01,2011-07-01,2014-07-01,"hml,smb,mom",mkt,14,5,39,9,4,mom
2011-07-01_to_2014-07-01,2011-07-01,2014-07-01,"hml,smb,mom",mkt,14,5,39,9,5,mom
2011-07-01_to_2014-07-01,2011-07-01,2014-07-01,"hml,smb,mom",mkt,14,5,39,9,6,smb
2011-07-01_to_2014-07-01,2011-07-01,2014-07-01,"hml,smb,mom",mkt,14,5,39,9,7,hml
2011-07-01_to_2014-07-01,2011-07-01,2014-07-01,"hml,smb,mom",mkt,14,5,39,9,8,mom
2011-07-01_to_2014-07-01,2011-07-01,2014-07-01,"hml,smb,mom",mkt,14,5,39,9,9,hml
2011-07-01_to_2014-07-01,2011-07-01,2014-07-01,"hml,smb,mom",mkt,14,5,40,7,1,mom
2011-07-01_to_2014-07-01,2011-07-01,2014-07-01,"hml,smb,mom",mkt,14,5,40,7,2,mom
2011-07-01_to_2014-07-01,2011-07-01,2014-07-01,"hml,smb,mom",mkt,14,5,40,7,3,mom
2011-07-01_to_2014-07-01,2011-07-01,2014-07-01,"hml,smb,mom",mkt,14,5,40,7,4,mom
2011-07-01_to_2014-07-01,2011-07-01,2014-07-01,"hml,smb,mom",mkt,14,5,40,7,5,mom
2011-07-01_to_2014-07-01,2011-07-01,2014-07-01,"hml,smb,mom",mkt,14,5,40,7,6,smb
2011-07-01_to_2014-07-01,2011-07-01,2014-07-01,"hml,smb,mom",mkt,14,5,40,7,7,hml
2011-07-01_to_2014-07-01,2011-07-01,2014-07-01,"hml,smb,mom",mkt,14,5,43,7,1,mom
2011-07-01_to_2014-07-01,2011-07-01,2014-07-01,"hml,smb,mom",mkt,14,5,43,7,2,mom
2011-07-01_to_2014-07-01,2011-07-01,2014-07-01,"hml,smb,mom",mkt,14,5,43,7,3,mom
2011-07-01_to_2014-07-01,2011-07-01,2014-07-01,"hml,smb,mom",mkt,14,5,43,7,4,mom
2011-07-01_to_2014-07-01,2011-07-01,2014-07-01,"hml,smb,mom",mkt,14,5,43,7,5,mom
2011-07-01_to_2014-07-01,2011-07-01,2014-07-01,"hml,smb,mom",mkt,14,5,43,7,6,mom
2011-07-01_to_2014-07-01,2011-07-01,2014-07-01,"hml,smb,mom",mkt,14,5,43,7,7,smb
2011-07-01_to_2014-07-01,2011-07-01,2014-07-01,"hml,smb,mom",mkt,14,5,45,8,1,mom
2011-07-01_to_2014-07-01,2011-07-01,2014-07-01,"hml,smb,mom",mkt,14,5,45,8,2,mom
2011-07-01_to_2014-07-01,2011-07-01,2014-07-01,"hml,smb,mom",mkt,14,5,45,8,3,mom
2011-07-01_to_2014-07-01,2011-07-01,2014-07-01,"hml,smb,mom",mkt,14,5,45,8,4,mom
2011-07-01_to_2014-07-01,2011-07-01,2014-07-01,"hml,smb,mom",mkt,14,5,45,8,5,mom
2011-07-01_to_2014-07-01,2011-07-01,2014-07-01,"hml,smb,mom",mkt,14,5,45,8,6,mom
2011-07-01_to_2014-07-01,2011-07-01,2014-07-01,"hml,smb,mom",mkt,14,5,45,8,7,smb
2011-07-01_to_2014-07-01,2011-07-01,2014-07-01,"hml,smb,mom",mkt,14,5,45,8,8,smb
2011-07-01_to_2014-07-01,2011-07-01,2014-07-01,"hml,smb,mom",mkt,14,5,47,9,1,mom
2011-07-01_to_2014-07-01,2011-07-01,2014-07-01,"hml,smb,mom",mkt,14,5,47,9,2,mom
2011-07-01_to_2014-07-01,2011-07-01,2014-07-01,"hml,smb,mom",mkt,14,5,47,9,3,mom
2011-07-01_to_2014-07-01,2011-07-01,2014-07-01,"hml,smb,mom",mkt,14,5,47,9,4,mom
2011-07-01_to_2014-07-01,2011-07-01,2014-07-01,"hml,smb,mom",mkt,14,5,47,9,5,mom
2011-07-01_to_2014-07-01,2011-07-01,2014-07-01,"hml,smb,mom",mkt,14,5,47,9,6,mom
2011-07-01_to_2014-07-01,2011-07-01,2014-07-01,"hml,smb,mom",mkt,14,5,47,9,7,smb
2011-07-01_to_2014-07-01,2011-07-01,2014-07-01,"hml,smb,mom",mkt,14,5,47,9,8,smb
2011-07-01_to_2014-07-01,2011-07-01,2014-07-01,"hml,smb,mom",mkt,14,5,47,9,9,hml
2011-07-01_to_2014-07-01,2011-07-01,2014-07-01,"hml,smb,mom",mkt,14,5,48,9,1,mom
2011-07-01_to_2014-07-01,2011-07-01,2014-07-01,"hml,smb,mom",mkt,14,5,48,9,2,mom
2011-07-01_to_2014-07-01,2011-07-01,2014-07-01,"hml,smb,mom",mkt,14,5,48,9,3,mom
2011-07-01_to_2014-07-01,2011-07-01,2014-07-01,"hml,smb,mom",mkt,14,5,48,9,4,mom
2011-07-01_to_2014-07-01,2011-07-01,2014-07-01,"hml,smb,mom",mkt,14,5,48,9,5,mom
2011-07-01_to_2014-07-01,2011-07-01,2014-07-01,"hml,smb,mom",mkt,14,5,48,9,6,mom
2011-07-01_to_2014-07-01,2011-07-01,2014-07-01,"hml,smb,mom",mkt,14,5,48,9,7,smb
2011-07-01_to_2014-07-01,2011-07-01,2014-07-01,"hml,smb,mom",mkt,14,5,48,9,8,smb
2011-07-01_to_2014-07-01,2011-07-01,2014-07-01,"hml,smb,mom",mkt,14,5,48,9,9,hml
2011-07-01_to_2014-07-01,2011-07-01,2014-07-01,"hml,smb,mom",mkt,14,5,50,7,1,mom
2011-07-01_to_2014-07-01,2011-07-01,2014-07-01,"hml,smb,mom",mkt,14,5,50,7,2,mom
2011-07-01_to_2014-07-01,2011-07-01,2014-07-01,"hml,smb,mom",mkt,14,5,50,7,3,mom
2011-07-01_to_2014-07-01,2011-07-01,2014-07-01,"hml,smb,mom",mkt,14,5,50,7,4,mom
2011-07-01_to_2014-07-01,2011-07-01,2014-07-01,"hml,smb,mom",mkt,14,5,50,7,5,mom
2011-07-01_to_2014-07-01,2011-07-01,2014-07-01,"hml,smb,mom",mkt,14,5,50,7,6,mom
2011-07-01_to_2014-07-01,2011-07-01,2014-07-01,"hml,smb,mom",mkt,14,5,50,7,7,smb
2011-07-01_to_2014-07-01,2011-07-01,2014-07-01,"hml,smb,mom",mkt,14,5,51,7,1,mom
2011-07-01_to_2014-07-01,2011-07-01,2014-07-01,"hml,smb,mom",mkt,14,5,51,7,2,mom
2011-07-01_to_2014-07-01,2011-07-01,2014-07-01,"hml,smb,mom",mkt,14,5,51,7,3,mom
2011-07-01_to_2014-07-01,2011-07-01,2014-07-01,"hml,smb,mom",mkt,14,5,51,7,4,mom
2011-07-01_to_2014-07-01,2011-07-01,2014-07-01,"hml,smb,mom",mkt,14,5,51,7,5,mom
2011-07-01_to_2014-07-01,2011-07-01,2014-07-01,"hml,smb,mom",mkt,14,5,51,7,6,mom
2011-07-01_to_2014-07-01,2011-07-01,2014-07-01,"hml,smb,mom",mkt,14,5,51,7,7,smb
2011-07-01_to_2014-07-01,2011-07-01,2014-07-01,"hml,smb,mom",mkt,14,5,56,8,1,mom
2011-07-01_to_2014-07-01,2011-07-01,2014-07-01,"hml,smb,mom",mkt,14,5,56,8,2,mom
2011-07-01_to_2014-07-01,2011-07-01,2014-07-01,"hml,smb,mom",mkt,14,5,56,8,3,mom
2011-07-01_to_2014-07-01,2011-07-01,2014-07-01,"hml,smb,mom",mkt,14,5,56,8,4,mom
2011-07-01_to_2014-07-01,2011-07-01,2014-07-01,"hml,smb,mom",mkt,14,5,56,8,5,smb
2011-07-01_to_2014-07-01,2011-07-01,2014-07-01,"hml,smb,mom",mkt,14,5,56,8,6,mom
2011-07-01_to_2014-07-01,2011-07-01,2014-07-01,"hml,smb,mom",mkt,14,5,56,8,7,hml
2011-07-01_to_2014-07-01,2011-07-01,2014-07-01,"hml,smb,mom",mkt,14,5,56,8,8,hml
2011-07-01_to_2014-07-01,2011-07-01,2014-07-01,"hml,smb,mom",mkt,14,5,57,8,1,mom
2011-07-01_to_2014-07-01,2011-07-01,2014-07-01,"hml,smb,mom",mkt,14,5,57,8,2,mom
2011-07-01_to_2014-07-01,2011-07-01,2014-07-01,"hml,smb,mom",mkt,14,5,57,8,3,mom
2011-07-01_to_2014-07-01,2011-07-01,2014-07-01,"hml,smb,mom",mkt,14,5,57,8,4,mom
2011-07-01_to_2014-07-01,2011-07-01,2014-07-01,"hml,smb,mom",mkt,14,5,57,8,5,smb
2011-07-01_to_2014-07-01,2011-07-01,2014-07-01,"hml,smb,mom",mkt,14,5,57,8,6,mom
2011-07-01_to_2014-07-01,2011-07-01,2014-07-01,"hml,smb,mom",mkt,14,5,57,8,7,hml
2011-07-01_to_2014-07-01,2011-07-01,2014-07-01,"hml,smb,mom",mkt,14,5,57,8,8,hml
2011-07-01_to_2014-07-01,2011-07-01,2014-07-01,"hml,smb,mom",mkt,14,5,58,7,1,mom
2011-07-01_to_2014-07-01,2011-07-01,2014-07-01,"hml,smb,mom",mkt,14,5,58,7,2,mom
2011-07-01_to_2014-07-01,2011-07-01,2014-07-01,"hml,smb,mom",mkt,14,5,58,7,3,mom
2011-07-01_to_2014-07-01,2011-07-01,2014-07-01,"hml,smb,mom",mkt,14,5,58,7,4,mom
2011-07-01_to_2014-07-01,2011-07-01,2014-07-01,"hml,smb,mom",mkt,14,5,58,7,5,smb
2011-07-01_to_2014-07-01,2011-07-01,2014-07-01,"hml,smb,mom",mkt,14,5,58,7,6,mom
2011-07-01_to_2014-07-01,2011-07-01,2014-07-01,"hml,smb,mom",mkt,14,5,58,7,7,hml
2011-07-01_to_2014-07-01,2011-07-01,2014-07-01,"hml,smb,mom",mkt,14,5,60,7,1,mom
2011-07-01_to_2014-07-01,2011-07-01,2014-07-01,"hml,smb,mom",mkt,14,5,60,7,2,mom
2011-07-01_to_2014-07-01,2011-07-01,2014-07-01,"hml,smb,mom",mkt,14,5,60,7,3,mom
2011-07-01_to_2014-07-01,2011-07-01,2014-07-01,"hml,smb,mom",mkt,14,5,60,7,4,mom
2011-07-01_to_2014-07-01,2011-07-01,2014-07-01,"hml,smb,mom",mkt,14,5,60,7,5,smb
2011-07-01_to_2014-07-01,2011-07-01,2014-07-01,"hml,smb,mom",mkt,14,5,60,7,6,mom
2011-07-01_to_2014-07-01,2011-07-01,2014-07-01,"hml,smb,mom",mkt,14,5,60,7,7,mom
2011-07-01_to_2014-07-01,2011-07-01,2014-07-01,"hml,smb,mom",mkt,14,5,61,7,1,mom
2011-07-01_to_2014-07-01,2011-07-01,2014-07-01,"hml,smb,mom",mkt,14,5,61,7,2,mom
2011-07-01_to_2014-07-01,2011-07-01,2014-07-01,"hml,smb,mom",mkt,14,5,61,7,3,mom
2011-07-01_to_2014-07-01,2011-07-01,2014-07-01,"hml,smb,mom",mkt,14,5,61,7,4,mom
2011-07-01_to_2014-07-01,2011-07-01,2014-07-01,"hml,smb,mom",mkt,14,5,61,7,5,smb
2011-07-01_to_2014-07-01,2011-07-01,2014-07-01,"hml,smb,mom",mkt,14,5,61,7,6,mom
2011-07-01_to_2014-07-01,2011-07-01,2014-07-01,"hml,smb,mom",mkt,14,5,61,7,7,mom
2011-07-01_to_2014-07-01,2011-07-01,2014-07-01,"hml,smb,mom",mkt,14,5,64,7,1,mom
2011-07-01_to_2014-07-01,2011-07-01,2014-07-01,"hml,smb,mom",mkt,14,5,64,7,2,mom
2011-07-01_to_2014-07-01,2011-07-01,2014-07-01,"hml,smb,mom",mkt,14,5,64,7,3,mom
2011-07-01_to_2014-07-01,2011-07-01,2014-07-01,"hml,smb,mom",mkt,14,5,64,7,4,mom
2011-07-01_to_2014-07-01,2011-07-01,2014-07-01,"hml,smb,mom",mkt,14,5,64,7,5,smb
2011-07-01_to_2014-07-01,2011-07-01,2014-07-01,"hml,smb,mom",mkt,14,5,64,7,6,mom
2011-07-01_to_2014-07-01,2011-07-01,2014-07-01,"hml,smb,mom",mkt,14,5,64,7,7,hml
2011-07-01_to_2014-07-01,2011-07-01,2014-07-01,"hml,smb,mom",mkt,14,5,67,9,1,mom
2011-07-01_to_2014-07-01,2011-07-01,2014-07-01,"hml,smb,mom",mkt,14,5,67,9,2,mom
2011-07-01_to_2014-07-01,2011-07-01,2014-07-01,"hml,smb,mom",mkt,14,5,67,9,3,mom
2011-07-01_to_2014-07-01,2011-07-01,2014-07-01,"hml,smb,mom",mkt,14,5,67,9,4,mom
2011-07-01_to_2014-07-01,2011-07-01,2014-07-01,"hml,smb,mom",mkt,14,5,67,9,5,smb
2011-07-01_to_2014-07-01,2011-07-01,2014-07-01,"hml,smb,mom",mkt,14,5,67,9,6,mom
2011-07-01_to_2014-07-01,2011-07-01,2014-07-01,"hml,smb,mom",mkt,14,5,67,9,7,hml
2011-07-01_to_2014-07-01,2011-07-01,2014-07-01,"hml,smb,mom",mkt,14,5,67,9,8,mom
2011-07-01_to_2014-07-01,2011-07-01,2014-07-01,"hml,smb,mom",mkt,14,5,67,9,9,hml
2011-07-01_to_2014-07-01,2011-07-01,2014-07-01,"hml,smb,mom",mkt,14,5,69,10,1,mom
2011-07-01_to_2014-07-01,2011-07-01,2014-07-01,"hml,smb,mom",mkt,14,5,69,10,2,mom
2011-07-01_to_2014-07-01,2011-07-01,2014-07-01,"hml,smb,mom",mkt,14,5,69,10,3,mom
2011-07-01_to_2014-07-01,2011-07-01,2014-07-01,"hml,smb,mom",mkt,14,5,69,10,4,mom
2011-07-01_to_2014-07-01,2011-07-01,2014-07-01,"hml,smb,mom",mkt,14,5,69,10,5,smb
2011-07-01_to_2014-07-01,2011-07-01,2014-07-01,"hml,smb,mom",mkt,14,5,69,10,6,mom
2011-07-01_to_2014-07-01,2011-07-01,2014-07-01,"hml,smb,mom",mkt,14,5,69,10,7,hml
2011-07-01_to_2014-07-01,2011-07-01,2014-07-01,"hml,smb,mom",mkt,14,5,69,10,8,mom
2011-07-01_to_2014-07-01,2011-07-01,2014-07-01,"hml,smb,mom",mkt,14,5,69,10,9,hml
2011-07-01_to_2014-07-01,2011-07-01,2014-07-01,"hml,smb,mom",mkt,14,5,69,10,10,smb
2011-07-01_to_2014-07-01,2011-07-01,2014-07-01,"hml,smb,mom",mkt,14,5,70,10,1,mom
2011-07-01_to_2014-07-01,2011-07-01,2014-07-01,"hml,smb,mom",mkt,14,5,70,10,2,mom
2011-07-01_to_2014-07-01,2011-07-01,2014-07-01,"hml,smb,mom",mkt,14,5,70,10,3,mom
2011-07-01_to_2014-07-01,2011-07-01,2014-07-01,"hml,smb,mom",mkt,14,5,70,10,4,mom
2011-07-01_to_2014-07-01,2011-07-01,2014-07-01,"hml,smb,mom",mkt,14,5,70,10,5,smb
2011-07-01_to_2014-07-01,2011-07-01,2014-07-01,"hml,smb,mom",mkt,14,5,70,10,6,mom
2011-07-01_to_2014-07-01,2011-07-01,2014-07-01,"hml,smb,mom",mkt,14,5,70,10,7,hml
2011-07-01_to_2014-07-01,2011-07-01,2014-07-01,"hml,smb,mom",mkt,14,5,70,10,8,mom
2011-07-01_to_2014-07-01,2011-07-01,2014-07-01,"hml,smb,mom",mkt,14,5,70,10,9,hml
2011-07-01_to_2014-07-01,2011-07-01,2014-07-01,"hml,smb,mom",mkt,14,5,70,10,10,smb
2011-07-01_to_2014-07-01,2011-07-01,2014-07-01,"hml,smb,mom",mkt,14,5,71,8,1,mom
2011-07-01_to_2014-07-01,2011-07-01,2014-07-01,"hml,smb,mom",mkt,14,5,71,8,2,mom
2011-07-01_to_2014-07-01,2011-07-01,2014-07-01,"hml,smb,mom",mkt,14,5,71,8,3,mom
2011-07-01_to_2014-07-01,2011-07-01,2014-07-01,"hml,smb,mom",mkt,14,5,71,8,4,mom
2011-07-01_to_2014-07-01,2011-07-01,2014-07-01,"hml,smb,mom",mkt,14,5,71,8,5,smb
2011-07-01_to_2014-07-01,2011-07-01,2014-07-01,"hml,smb,mom",mkt,14,5,71,8,6,mom
2011-07-01_to_2014-07-01,2011-07-01,2014-07-01,"hml,smb,mom",mkt,14,5,71,8,7,hml
2011-07-01_to_2014-07-01,2011-07-01,2014-07-01,"hml,smb,mom",mkt,14,5,71,8,8,mom
2011-07-01_to_2014-07-01,2011-07-01,2014-07-01,"hml,smb,mom",mkt,14,5,74,8,1,mom
2011-07-01_to_2014-07-01,2011-07-01,2014-07-01,"hml,smb,mom",mkt,14,5,74,8,2,mom
2011-07-01_to_2014-07-01,2011-07-01,2014-07-01,"hml,smb,mom",mkt,14,5,74,8,3,mom
2011-07-01_to_2014-07-01,2011-07-01,2014-07-01,"hml,smb,mom",mkt,14,5,74,8,4,mom
2011-07-01_to_2014-07-01,2011-07-01,2014-07-01,"hml,smb,mom",mkt,14,5,74,8,5,smb
2011-07-01_to_2014-07-01,2011-07-01,2014-07-01,"hml,smb,mom",mkt,14,5,74,8,6,mom
2011-07-01_to_2014-07-01,2011-07-01,2014-07-01,"hml,smb,mom",mkt,14,5,74,8,7,smb
2011-07-01_to_2014-07-01,2011-07-01,2014-07-01,"hml,smb,mom",mkt,14,5,74,8,8,smb
2011-07-01_to_2014-07-01,2011-07-01,2014-07-01,"hml,smb,mom",mkt,14,5,75,8,1,mom
2011-07-01_to_2014-07-01,2011-07-01,2014-07-01,"hml,smb,mom",mkt,14,5,75,8,2,mom
2011-07-01_to_2014-07-01,2011-07-01,2014-07-01,"hml,smb,mom",mkt,14,5,75,8,3,mom
2011-07-01_to_2014-07-01,2011-07-01,2014-07-01,"hml,smb,mom",mkt,14,5,75,8,4,mom
2011-07-01_to_2014-07-01,2011-07-01,2014-07-01,"hml,smb,mom",mkt,14,5,75,8,5,smb
2011-07-01_to_2014-07-01,2011-07-01,2014-07-01,"hml,smb,mom",mkt,14,5,75,8,6,mom
2011-07-01_to_2014-07-01,2011-07-01,2014-07-01,"hml,smb,mom",mkt,14,5,75,8,7,smb
2011-07-01_to_2014-07-01,2011-07-01,2014-07-01,"hml,smb,mom",mkt,14,5,75,8,8,smb
2011-07-01_to_2014-07-01,2011-07-01,2014-07-01,"hml,smb,mom",mkt,14,5,77,8,1,mom
2011-07-01_to_2014-07-01,2011-07-01,2014-07-01,"hml,smb,mom",mkt,14,5,77,8,2,mom
2011-07-01_to_2014-07-01,2011-07-01,2014-07-01,"hml,smb,mom",mkt,14,5,77,8,3,mom
2011-07-01_to_2014-07-01,2011-07-01,2014-07-01,"hml,smb,mom",mkt,14,5,77,8,4,mom
2011-07-01_to_2014-07-01,2011-07-01,2014-07-01,"hml,smb,mom",mkt,14,5,77,8,5,smb
2011-07-01_to_2014-07-01,2011-07-01,2014-07-01,"hml,smb,mom",mkt,14,5,77,8,6,mom
2011-07-01_to_2014-07-01,2011-07-01,2014-07-01,"hml,smb,mom",mkt,14,5,77,8,7,smb
2011-07-01_to_2014-07-01,2011-07-01,2014-07-01,"hml,smb,mom",mkt,14,5,77,8,8,smb
2011-07-01_to_2014-07-01,2011-07-01,2014-07-01,"hml,smb,mom",mkt,14,5,78,8,1,mom
2011-07-01_to_2014-07-01,2011-07-01,2014-07-01,"hml,smb,mom",mkt,14,5,78,8,2,mom
2011-07-01_to_2014-07-01,2011-07-01,2014-07-01,"hml,smb,mom",mkt,14,5,78,8,3,mom
2011-07-01_to_2014-07-01,2011-07-01,2014-07-01,"hml,smb,mom",mkt,14,5,78,8,4,mom
2011-07-01_to_2014-07-01,2011-07-01,2014-07-01,"hml,smb,mom",mkt,14,5,78,8,5,smb
2011-07-01_to_2014-07-01,2011-07-01,2014-07-01,"hml,smb,mom",mkt,14,5,78,8,6,mom
2011-07-01_to_2014-07-01,2011-07-01,2014-07-01,"hml,smb,mom",mkt,14,5,78,8,7,smb
2011-07-01_to_2014-07-01,2011-07-01,2014-07-01,"hml,smb,mom",mkt,14,5,78,8,8,smb
2011-07-01_to_2014-07-01,2011-07-01,2014-07-01,"hml,smb,mom",mkt,14,5,82,5,1,mom
2011-07-01_to_2014-07-01,2011-07-01,2014-07-01,"hml,smb,mom",mkt,14,5,82,5,2,mom
2011-07-01_to_2014-07-01,2011-07-01,2014-07-01,"hml,smb,mom",mkt,14,5,82,5,3,mom
2011-07-01_to_2014-07-01,2011-07-01,2014-07-01,"hml,smb,mom",mkt,14,5,82,5,4,mom
2011-07-01_to_2014-07-01,2011-07-01,2014-07-01,"hml,smb,mom",mkt,14,5,82,5,5,hml
2011-07-01_to_2014-07-01,2011-07-01,2014-07-01,"hml,smb,mom",mkt,14,5,85,7,1,mom
2011-07-01_to_2014-07-01,2011-07-01,2014-07-01,"hml,smb,mom",mkt,14,5,85,7,2,mom
2011-07-01_to_2014-07-01,2011-07-01,2014-07-01,"hml,smb,mom",mkt,14,5,85,7,3,mom
2011-07-01_to_2014-07-01,2011-07-01,2014-07-01,"hml,smb,mom",mkt,14,5,85,7,4,mom
2011-07-01_to_2014-07-01,2011-07-01,2014-07-01,"hml,smb,mom",mkt,14,5,85,7,5,hml
2011-07-01_to_2014-07-01,2011-07-01,2014-07-01,"hml,smb,mom",mkt,14,5,85,7,6,hml
2011-07-01_to_2014-07-01,2011-07-01,2014-07-01,"hml,smb,mom",mkt,14,5,85,7,7,smb
2011-07-01_to_2014-07-01,2011-07-01,2014-07-01,"hml,smb,mom",mkt,14,5,86,7,1,mom
2011-07-01_to_2014-07-01,2011-07-01,2014-07-01,"hml,smb,mom",mkt,14,5,86,7,2,mom
2011-07-01_to_2014-07-01,2011-07-01,2014-07-01,"hml,smb,mom",mkt,14,5,86,7,3,mom
2011-07-01_to_2014-07-01,2011-07-01,2014-07-01,"hml,smb,mom",mkt,14,5,86,7,4,mom
2011-07-01_to_2014-07-01,2011-07-01,2014-07-01,"hml,smb,mom",mkt,14,5,86,7,5,hml
2011-07-01_to_2014-07-01,2011-07-01,2014-07-01,"hml,smb,mom",mkt,14,5,86,7,6,hml
2011-07-01_to_2014-07-01,2011-07-01,2014-07-01,"hml,smb,mom",mkt,14,5,86,7,7,smb
2011-07-01_to_2014-07-01,2011-07-01,2014-07-01,"hml,smb,mom",mkt,14,5,89,8,1,mom
2011-07-01_to_2014-07-01,2011-07-01,2014-07-01,"hml,smb,mom",mkt,14,5,89,8,2,mom
2011-07-01_to_2014-07-01,2011-07-01,2014-07-01,"hml,smb,mom",mkt,14,5,89,8,3,mom
2011-07-01_to_2014-07-01,2011-07-01,2014-07-01,"hml,smb,mom",mkt,14,5,89,8,4,mom
2011-07-01_to_2014-07-01,2011-07-01,2014-07-01,"hml,smb,mom",mkt,14,5,89,8,5,hml
2011-07-01_to_2014-07-01,2011-07-01,2014-07-01,"hml,smb,mom",mkt,14,5,89,8,6,hml
2011-07-01_to_2014-07-01,2011-07-01,2014-07-01,"hml,smb,mom",mkt,14,5,89,8,7,smb
2011-07-01_to_2014-07-01,2011-07-01,2014-07-01,"hml,smb,mom",mkt,14,5,89,8,8,smb
2011-07-01_to_2014-07-01,2011-07-01,2014-07-01,"hml,smb,mom",mkt,14,5,91,9,1,mom
2011-07-01_to_2014-07-01,2011-07-01,2014-07-01,"hml,smb,mom",mkt,14,5,91,9,2,mom
2011-07-01_to_2014-07-01,2011-07-01,2014-07-01,"hml,smb,mom",mkt,14,5,91,9,3,mom
2011-07-01_to_2014-07-01,2011-07-01,2014-07-01,"hml,smb,mom",mkt,14,5,91,9,4,mom
2011-07-01_to_2014-07-01,2011-07-01,2014-07-01,"hml,smb,mom",mkt,14,5,91,9,5,hml
2011-07-01_to_2014-07-01,2011-07-01,2014-07-01,"hml,smb,mom",mkt,14,5,91,9,6,hml
2011-07-01_to_2014-07-01,2011-07-01,2014-07-01,"hml,smb,mom",mkt,14,5,91,9,7,smb
2011-07-01_to_2014-07-01,2011-07-01,2014-07-01,"hml,smb,mom",mkt,14,5,91,9,8,smb
2011-07-01_to_2014-07-01,2011-07-01,2014-07-01,"hml,smb,mom",mkt,14,5,91,9,9,smb
2011-07-01_to_2014-07-01,2011-07-01,2014-07-01,"hml,smb,mom",mkt,14,5,92,9,1,mom
2011-07-01_to_2014-07-01,2011-07-01,2014-07-01,"hml,smb,mom",mkt,14,5,92,9,2,mom
2011-07-01_to_2014-07-01,2011-07-01,2014-07-01,"hml,smb,mom",mkt,14,5,92,9,3,mom
2011-07-01_to_2014-07-01,2011-07-01,2014-07-01,"hml,smb,mom",mkt,14,5,92,9,4,mom
2011-07-01_to_2014-07-01,2011-07-01,2014-07-01,"hml,smb,mom",mkt,14,5,92,9,5,hml
2011-07-01_to_2014-07-01,2011-07-01,2014-07-01,"hml,smb,mom",mkt,14,5,92,9,6,hml
2011-07-01_to_2014-07-01,2011-07-01,2014-07-01,"hml,smb,mom",mkt,14,5,92,9,7,smb
2011-07-01_to_2014-07-01,2011-07-01,2014-07-01,"hml,smb,mom",mkt,14,5,92,9,8,smb
2011-07-01_to_2014-07-01,2011-07-01,2014-07-01,"hml,smb,mom",mkt,14,5,92,9,9,smb
2011-07-01_to_2014-07-01,2011-07-01,2014-07-01,"hml,smb,mom",mkt,14,5,95,9,1,mom
2011-07-01_to_2014-07-01,2011-07-01,2014-07-01,"hml,smb,mom",mkt,14,5,95,9,2,mom
2011-07-01_to_2014-07-01,2011-07-01,2014-07-01,"hml,smb,mom",mkt,14,5,95,9,3,mom
2011-07-01_to_2014-07-01,2011-07-01,2014-07-01,"hml,smb,mom",mkt,14,5,95,9,4,mom
2011-07-01_to_2014-07-01,2011-07-01,2014-07-01,"hml,smb,mom",mkt,14,5,95,9,5,hml
2011-07-01_to_2014-07-01,2011-07-01,2014-07-01,"hml,smb,mom",mkt,14,5,95,9,6,hml
2011-07-01_to_2014-07-01,2011-07-01,2014-07-01,"hml,smb,mom",mkt,14,5,95,9,7,smb
2011-07-01_to_2014-07-01,2011-07-01,2014-07-01,"hml,smb,mom",mkt,14,5,95,9,8,smb
2011-07-01_to_2014-07-01,2011-07-01,2014-07-01,"hml,smb,mom",mkt,14,5,95,9,9,smb
2011-07-01_to_2014-07-01,2011-07-01,2014-07-01,"hml,smb,mom",mkt,14,5,96,9,1,mom
2011-07-01_to_2014-07-01,2011-07-01,2014-07-01,"hml,smb,mom",mkt,14,5,96,9,2,mom
2011-07-01_to_2014-07-01,2011-07-01,2014-07-01,"hml,smb,mom",mkt,14,5,96,9,3,mom
2011-07-01_to_2014-07-01,2011-07-01,2014-07-01,"hml,smb,mom",mkt,14,5,96,9,4,mom
2011-07-01_to_2014-07-01,2011-07-01,2014-07-01,"hml,smb,mom",mkt,14,5,96,9,5,hml
2011-07-01_to_2014-07-01,2011-07-01,2014-07-01,"hml,smb,mom",mkt,14,5,96,9,6,hml
2011-07-01_to_2014-07-01,2011-07-01,2014-07-01,"hml,smb,mom",mkt,14,5,96,9,7,smb
2011-07-01_to_2014-07-01,2011-07-01,2014-07-01,"hml,smb,mom",mkt,14,5,96,9,8,smb
2011-07-01_to_2014-07-01,2011-07-01,2014-07-01,"hml,smb,mom",mkt,14,5,96,9,9,smb
2011-07-01_to_2014-07-01,2011-07-01,2014-07-01,"hml,smb,mom",mkt,14,5,98,9,1,mom
2011-07-01_to_2014-07-01,2011-07-01,2014-07-01,"hml,smb,mom",mkt,14,5,98,9,2,mom
2011-07-01_to_2014-07-01,2011-07-01,2014-07-01,"hml,smb,mom",mkt,14,5,98,9,3,mom
2011-07-01_to_2014-07-01,2011-07-01,2014-07-01,"hml,smb,mom",mkt,14,5,98,9,4,mom
2011-07-01_to_2014-07-01,2011-07-01,2014-07-01,"hml,smb,mom",mkt,14,5,98,9,5,hml
2011-07-01_to_2014-07-01,2011-07-01,2014-07-01,"hml,smb,mom",mkt,14,5,98,9,6,hml
2011-07-01_to_2014-07-01,2011-07-01,2014-07-01,"hml,smb,mom",mkt,14,5,98,9,7,smb
2011-07-01_to_2014-07-01,2011-07-01,2014-07-01,"hml,smb,mom",mkt,14,5,98,9,8,smb
2011-07-01_to_2014-07-01,2011-07-01,2014-07-01,"hml,smb,mom",mkt,14,5,98,9,9,smb
2011-07-01_to_2014-07-01,2011-07-01,2014-07-01,"hml,smb,mom",mkt,14,5,102,12,1,mom
2011-07-01_to_2014-07-01,2011-07-01,2014-07-01,"hml,smb,mom",mkt,14,5,102,12,2,mom
2011-07-01_to_2014-07-01,2011-07-01,2014-07-01,"hml,smb,mom",mkt,14,5,102,12,3,mom
2011-07-01_to_2014-07-01,2011-07-01,2014-07-01,"hml,smb,mom",mkt,14,5,102,12,4,mom
2011-07-01_to_2014-07-01,2011-07-01,2014-07-01,"hml,smb,mom",mkt,14,5,102,12,5,hml
2011-07-01_to_2014-07-01,2011-07-01,2014-07-01,"hml,smb,mom",mkt,14,5,102,12,6,hml
2011-07-01_to_2014-07-01,2011-07-01,2014-07-01,"hml,smb,mom",mkt,14,5,102,12,7,smb
2011-07-01_to_2014-07-01,2011-07-01,2014-07-01,"hml,smb,mom",mkt,14,5,102,12,8,smb
2011-07-01_to_2014-07-01,2011-07-01,2014-07-01,"hml,smb,mom",mkt,14,5,102,12,9,smb
2011-07-01_to_2014-07-01,2011-07-01,2014-07-01,"hml,smb,mom",mkt,14,5,102,12,10,hml
2011-07-01_to_2014-07-01,2011-07-01,2014-07-01,"hml,smb,mom",mkt,14,5,102,12,11,hml
2011-07-01_to_2014-07-01,2011-07-01,2014-07-01,"hml,smb,mom",mkt,14,5,102,12,12,hml
2011-07-01_to_2014-07-01,2011-07-01,2014-07-01,"hml,smb,mom",mkt,14,5,105,14,1,mom
2011-07-01_to_2014-07-01,2011-07-01,2014-07-01,"hml,smb,mom",mkt,14,5,105,14,2,mom
2011-07-01_to_2014-07-01,2011-07-01,2014-07-01,"hml,smb,mom",mkt,14,5,105,14,3,mom
2011-07-01_to_2014-07-01,2011-07-01,2014-07-01,"hml,smb,mom",mkt,14,5,105,14,4,mom
2011-07-01_to_2014-07-01,2011-07-01,2014-07-01,"hml,smb,mom",mkt,14,5,105,14,5,hml
2011-07-01_to_2014-07-01,2011-07-01,2014-07-01,"hml,smb,mom",mkt,14,5,105,14,6,hml
2011-07-01_to_2014-07-01,2011-07-01,2014-07-01,"hml,smb,mom",mkt,14,5,105,14,7,smb
2011-07-01_to_2014-07-01,2011-07-01,2014-07-01,"hml,smb,mom",mkt,14,5,105,14,8,smb
2011-07-01_to_2014-07-01,2011-07-01,2014-07-01,"hml,smb,mom",mkt,14,5,105,14,9,smb
2011-07-01_to_2014-07-01,2011-07-01,2014-07-01,"hml,smb,mom",mkt,14,5,105,14,10,hml
2011-07-01_to_2014-07-01,2011-07-01,2014-07-01,"hml,smb,mom",mkt,14,5,105,14,11,hml
2011-07-01_to_2014-07-01,2011-07-01,2014-07-01,"hml,smb,mom",mkt,14,5,105,14,12,hml
2011-07-01_to_2014-07-01,2011-07-01,2014-07-01,"hml,smb,mom",mkt,14,5,105,14,13,smb
2011-07-01_to_2014-07-01,2011-07-01,2014-07-01,"hml,smb,mom",mkt,14,5,105,14,14,hml
2011-07-01_to_2014-07-01,2011-07-01,2014-07-01,"hml,smb,mom",mkt,14,5,106,14,1,mom
2011-07-01_to_2014-07-01,2011-07-01,2014-07-01,"hml,smb,mom",mkt,14,5,106,14,2,mom
2011-07-01_to_2014-07-01,2011-07-01,2014-07-01,"hml,smb,mom",mkt,14,5,106,14,3,mom
2011-07-01_to_2014-07-01,2011-07-01,2014-07-01,"hml,smb,mom",mkt,14,5,106,14,4,mom
2011-07-01_to_2014-07-01,2011-07-01,2014-07-01,"hml,smb,mom",mkt,14,5,106,14,5,hml
2011-07-01_to_2014-07-01,2011-07-01,2014-07-01,"hml,smb,mom",mkt,14,5,106,14,6,hml
2011-07-01_to_2014-07-01,2011-07-01,2014-07-01,"hml,smb,mom",mkt,14,5,106,14,7,smb
2011-07-01_to_2014-07-01,2011-07-01,2014-07-01,"hml,smb,mom",mkt,14,5,106,14,8,smb
2011-07-01_to_2014-07-01,2011-07-01,2014-07-01,"hml,smb,mom",mkt,14,5,106,14,9,smb
2011-07-01_to_2014-07-01,2011-07-01,2014-07-01,"hml,smb,mom",mkt,14,5,106,14,10,hml
2011-07-01_to_2014-07-01,2011-07-01,2014-07-01,"hml,smb,mom",mkt,14,5,106,14,11,hml
2011-07-01_to_2014-07-01,2011-07-01,2014-07-01,"hml,smb,mom",mkt,14,5,106,14,12,hml
2011-07-01_to_2014-07-01,2011-07-01,2014-07-01,"hml,smb,mom",mkt,14,5,106,14,13,smb
2011-07-01_to_2014-07-01,2011-07-01,2014-07-01,"hml,smb,mom",mkt,14,5,106,14,14,hml
2011-07-01_to_2014-07-01,2011-07-01,2014-07-01,"hml,smb,mom",mkt,14,5,108,14,1,mom
2011-07-01_to_2014-07-01,2011-07-01,2014-07-01,"hml,smb,mom",mkt,14,5,108,14,2,mom
2011-07-01_to_2014-07-01,2011-07-01,2014-07-01,"hml,smb,mom",mkt,14,5,108,14,3,mom
2011-07-01_to_2014-07-01,2011-07-01,2014-07-01,"hml,smb,mom",mkt,14,5,108,14,4,mom
2011-07-01_to_2014-07-01,2011-07-01,2014-07-01,"hml,smb,mom",mkt,14,5,108,14,5,hml
2011-07-01_to_2014-07-01,2011-07-01,2014-07-01,"hml,smb,mom",mkt,14,5,108,14,6,hml
2011-07-01_to_2014-07-01,2011-07-01,2014-07-01,"hml,smb,mom",mkt,14,5,108,14,7,smb
2011-07-01_to_2014-07-01,2011-07-01,2014-07-01,"hml,smb,mom",mkt,14,5,108,14,8,smb
2011-07-01_to_2014-07-01,2011-07-01,2014-07-01,"hml,smb,mom",mkt,14,5,108,14,9,smb
2011-07-01_to_2014-07-01,2011-07-01,2014-07-01,"hml,smb,mom",mkt,14,5,108,14,10,hml
2011-07-01_to_2014-07-01,2011-07-01,2014-07-01,"hml,smb,mom",mkt,14,5,108,14,11,hml
2011-07-01_to_2014-07-01,2011-07-01,2014-07-01,"hml,smb,mom",mkt,14,5,108,14,12,hml
2011-07-01_to_2014-07-01,2011-07-01,2014-07-01,"hml,smb,mom",mkt,14,5,108,14,13,smb
2011-07-01_to_2014-07-01,2011-07-01,2014-07-01,"hml,smb,mom",mkt,14,5,108,14,14,mom
2011-07-01_to_2014-07-01,2011-07-01,2014-07-01,"hml,smb,mom",mkt,14,5,109,14,1,mom
2011-07-01_to_2014-07-01,2011-07-01,2014-07-01,"hml,smb,mom",mkt,14,5,109,14,2,mom
2011-07-01_to_2014-07-01,2011-07-01,2014-07-01,"hml,smb,mom",mkt,14,5,109,14,3,mom
2011-07-01_to_2014-07-01,2011-07-01,2014-07-01,"hml,smb,mom",mkt,14,5,109,14,4,mom
2011-07-01_to_2014-07-01,2011-07-01,2014-07-01,"hml,smb,mom",mkt,14,5,109,14,5,hml
2011-07-01_to_2014-07-01,2011-07-01,2014-07-01,"hml,smb,mom",mkt,14,5,109,14,6,hml
2011-07-01_to_2014-07-01,2011-07-01,2014-07-01,"hml,smb,mom",mkt,14,5,109,14,7,smb
2011-07-01_to_2014-07-01,2011-07-01,2014-07-01,"hml,smb,mom",mkt,14,5,109,14,8,smb
2011-07-01_to_2014-07-01,2011-07-01,2014-07-01,"hml,smb,mom",mkt,14,5,109,14,9,smb
2011-07-01_to_2014-07-01,2011-07-01,2014-07-01,"hml,smb,mom",mkt,14,5,109,14,10,hml
2011-07-01_to_2014-07-01,2011-07-01,2014-07-01,"hml,smb,mom",mkt,14,5,109,14,11,hml
2011-07-01_to_2014-07-01,2011-07-01,2014-07-01,"hml,smb,mom",mkt,14,5,109,14,12,hml
2011-07-01_to_2014-07-01,2011-07-01,2014-07-01,"hml,smb,mom",mkt,14,5,109,14,13,smb
2011-07-01_to_2014-07-01,2011-07-01,2014-07-01,"hml,smb,mom",mkt,14,5,109,14,14,mom
2011-07-01_to_2014-07-01,2011-07-01,2014-07-01,"hml,smb,mom",mkt,14,5,110,11,1,mom
2011-07-01_to_2014-07-01,2011-07-01,2014-07-01,"hml,smb,mom",mkt,14,5,110,11,2,mom
2011-07-01_to_2014-07-01,2011-07-01,2014-07-01,"hml,smb,mom",mkt,14,5,110,11,3,mom
2011-07-01_to_2014-07-01,2011-07-01,2014-07-01,"hml,smb,mom",mkt,14,5,110,11,4,mom
2011-07-01_to_2014-07-01,2011-07-01,2014-07-01,"hml,smb,mom",mkt,14,5,110,11,5,hml
2011-07-01_to_2014-07-01,2011-07-01,2014-07-01,"hml,smb,mom",mkt,14,5,110,11,6,hml
2011-07-01_to_2014-07-01,2011-07-01,2014-07-01,"hml,smb,mom",mkt,14,5,110,11,7,smb
2011-07-01_to_2014-07-01,2011-07-01,2014-07-01,"hml,smb,mom",mkt,14,5,110,11,8,smb
2011-07-01_to_2014-07-01,2011-07-01,2014-07-01,"hml,smb,mom",mkt,14,5,110,11,9,smb
2011-07-01_to_2014-07-01,2011-07-01,2014-07-01,"hml,smb,mom",mkt,14,5,110,11,10,hml
2011-07-01_to_2014-07-01,2011-07-01,2014-07-01,"hml,smb,mom",mkt,14,5,110,11,11,hml
2011-07-01_to_2014-07-01,2011-07-01,2014-07-01,"hml,smb,mom",mkt,14,5,111,10,1,mom
2011-07-01_to_2014-07-01,2011-07-01,2014-07-01,"hml,smb,mom",mkt,14,5,111,10,2,mom
2011-07-01_to_2014-07-01,2011-07-01,2014-07-01,"hml,smb,mom",mkt,14,5,111,10,3,mom
2011-07-01_to_2014-07-01,2011-07-01,2014-07-01,"hml,smb,mom",mkt,14,5,111,10,4,mom
2011-07-01_to_2014-07-01,2011-07-01,2014-07-01,"hml,smb,mom",mkt,14,5,111,10,5,hml
2011-07-01_to_2014-07-01,2011-07-01,2014-07-01,"hml,smb,mom",mkt,14,5,111,10,6,hml
2011-07-01_to_2014-07-01,2011-07-01,2014-07-01,"hml,smb,mom",mkt,14,5,111,10,7,smb
2011-07-01_to_2014-07-01,2011-07-01,2014-07-01,"hml,smb,mom",mkt,14,5,111,10,8,smb
2011-07-01_to_2014-07-01,2011-07-01,2014-07-01,"hml,smb,mom",mkt,14,5,111,10,9,smb
2011-07-01_to_2014-07-01,2011-07-01,2014-07-01,"hml,smb,mom",mkt,14,5,111,10,10,hml
2011-07-01_to_2014-07-01,2011-07-01,2014-07-01,"hml,smb,mom",mkt,14,5,113,5,1,mom
2011-07-01_to_2014-07-01,2011-07-01,2014-07-01,"hml,smb,mom",mkt,14,5,113,5,2,mom
2011-07-01_to_2014-07-01,2011-07-01,2014-07-01,"hml,smb,mom",mkt,14,5,113,5,3,mom
2011-07-01_to_2014-07-01,2011-07-01,2014-07-01,"hml,smb,mom",mkt,14,5,113,5,4,mom
2011-07-01_to_2014-07-01,2011-07-01,2014-07-01,"hml,smb,mom",mkt,14,5,113,5,5,hml
2011-07-01_to_2014-07-01,2011-07-01,2014-07-01,"hml,smb,mom",mkt,14,5,117,8,1,mom
2011-07-01_to_2014-07-01,2011-07-01,2014-07-01,"hml,smb,mom",mkt,14,5,117,8,2,mom
2011-07-01_to_2014-07-01,2011-07-01,2014-07-01,"hml,smb,mom",mkt,14,5,117,8,3,mom
2011-07-01_to_2014-07-01,2011-07-01,2014-07-01,"hml,smb,mom",mkt,14,5,117,8,4,mom
2011-07-01_to_2014-07-01,2011-07-01,2014-07-01,"hml,smb,mom",mkt,14,5,117,8,5,hml
2011-07-01_to_2014-07-01,2011-07-01,2014-07-01,"hml,smb,mom",mkt,14,5,117,8,6,hml
2011-07-01_to_2014-07-01,2011-07-01,2014-07-01,"hml,smb,mom",mkt,14,5,117,8,7,smb
2011-07-01_to_2014-07-01,2011-07-01,2014-07-01,"hml,smb,mom",mkt,14,5,117,8,8,hml
2011-07-01_to_2014-07-01,2011-07-01,2014-07-01,"hml,smb,mom",mkt,14,5,118,8,1,mom
2011-07-01_to_2014-07-01,2011-07-01,2014-07-01,"hml,smb,mom",mkt,14,5,118,8,2,mom
2011-07-01_to_2014-07-01,2011-07-01,2014-07-01,"hml,smb,mom",mkt,14,5,118,8,3,mom
2011-07-01_to_2014-07-01,2011-07-01,2014-07-01,"hml,smb,mom",mkt,14,5,118,8,4,mom
2011-07-01_to_2014-07-01,2011-07-01,2014-07-01,"hml,smb,mom",mkt,14,5,118,8,5,hml
2011-07-01_to_2014-07-01,2011-07-01,2014-07-01,"hml,smb,mom",mkt,14,5,118,8,6,hml
2011-07-01_to_2014-07-01,2011-07-01,2014-07-01,"hml,smb,mom",mkt,14,5,118,8,7,smb
2011-07-01_to_2014-07-01,2011-07-01,2014-07-01,"hml,smb,mom",mkt,14,5,118,8,8,hml
2011-07-01_to_2014-07-01,2011-07-01,2014-07-01,"hml,smb,mom",mkt,14,5,120,8,1,mom
2011-07-01_to_2014-07-01,2011-07-01,2014-07-01,"hml,smb,mom",mkt,14,5,120,8,2,mom
2011-07-01_to_2014-07-01,2011-07-01,2014-07-01,"hml,smb,mom",mkt,14,5,120,8,3,mom
2011-07-01_to_2014-07-01,2011-07-01,2014-07-01,"hml,smb,mom",mkt,14,5,120,8,4,mom
2011-07-01_to_2014-07-01,2011-07-01,2014-07-01,"hml,smb,mom",mkt,14,5,120,8,5,hml
2011-07-01_to_2014-07-01,2011-07-01,2014-07-01,"hml,smb,mom",mkt,14,5,120,8,6,hml
2011-07-01_to_2014-07-01,2011-07-01,2014-07-01,"hml,smb,mom",mkt,14,5,120,8,7,smb
2011-07-01_to_2014-07-01,2011-07-01,2014-07-01,"hml,smb,mom",mkt,14,5,120,8,8,hml
2011-07-01_to_2014-07-01,2011-07-01,2014-07-01,"hml,smb,mom",mkt,14,5,121,8,1,mom
2011-07-01_to_2014-07-01,2011-07-01,2014-07-01,"hml,smb,mom",mkt,14,5,121,8,2,mom
2011-07-01_to_2014-07-01,2011-07-01,2014-07-01,"hml,smb,mom",mkt,14,5,121,8,3,mom
2011-07-01_to_2014-07-01,2011-07-01,2014-07-01,"hml,smb,mom",mkt,14,5,121,8,4,mom
2011-07-01_to_2014-07-01,2011-07-01,2014-07-01,"hml,smb,mom",mkt,14,5,121,8,5,hml
2011-07-01_to_2014-07-01,2011-07-01,2014-07-01,"hml,smb,mom",mkt,14,5,121,8,6,hml
2011-07-01_to_2014-07-01,2011-07-01,2014-07-01,"hml,smb,mom",mkt,14,5,121,8,7,smb
2011-07-01_to_2014-07-01,2011-07-01,2014-07-01,"hml,smb,mom",mkt,14,5,121,8,8,hml
2011-07-01_to_2014-07-01,2011-07-01,2014-07-01,"hml,smb,mom",mkt,14,5,124,8,1,mom
2011-07-01_to_2014-07-01,2011-07-01,2014-07-01,"hml,smb,mom",mkt,14,5,124,8,2,mom
2011-07-01_to_2014-07-01,2011-07-01,2014-07-01,"hml,smb,mom",mkt,14,5,124,8,3,mom
2011-07-01_to_2014-07-01,2011-07-01,2014-07-01,"hml,smb,mom",mkt,14,5,124,8,4,mom
2011-07-01_to_2014-07-01,2011-07-01,2014-07-01,"hml,smb,mom",mkt,14,5,124,8,5,hml
2011-07-01_to_2014-07-01,2011-07-01,2014-07-01,"hml,smb,mom",mkt,14,5,124,8,6,hml
2011-07-01_to_2014-07-01,2011-07-01,2014-07-01,"hml,smb,mom",mkt,14,5,124,8,7,hml
2011-07-01_to_2014-07-01,2011-07-01,2014-07-01,"hml,smb,mom",mkt,14,5,124,8,8,hml
2011-07-01_to_2014-07-01,2011-07-01,2014-07-01,"hml,smb,mom",mkt,14,5,125,8,1,mom
2011-07-01_to_2014-07-01,2011-07-01,2014-07-01,"hml,smb,mom",mkt,14,5,125,8,2,mom
2011-07-01_to_2014-07-01,2011-07-01,2014-07-01,"hml,smb,mom",mkt,14,5,125,8,3,mom
2011-07-01_to_2014-07-01,2011-07-01,2014-07-01,"hml,smb,mom",mkt,14,5,125,8,4,mom
2011-07-01_to_2014-07-01,2011-07-01,2014-07-01,"hml,smb,mom",mkt,14,5,125,8,5,hml
2011-07-01_to_2014-07-01,2011-07-01,2014-07-01,"hml,smb,mom",mkt,14,5,125,8,6,hml
2011-07-01_to_2014-07-01,2011-07-01,2014-07-01,"hml,smb,mom",mkt,14,5,125,8,7,hml
2011-07-01_to_2014-07-01,2011-07-01,2014-07-01,"hml,smb,mom",mkt,14,5,125,8,8,hml
2011-07-01_to_2014-07-01,2011-07-01,2014-07-01,"hml,smb,mom",mkt,14,5,128,9,1,mom
2011-07-01_to_2014-07-01,2011-07-01,2014-07-01,"hml,smb,mom",mkt,14,5,128,9,2,mom
2011-07-01_to_2014-07-01,2011-07-01,2014-07-01,"hml,smb,mom",mkt,14,5,128,9,3,mom
2011-07-01_to_2014-07-01,2011-07-01,2014-07-01,"hml,smb,mom",mkt,14,5,128,9,4,mom
2011-07-01_to_2014-07-01,2011-07-01,2014-07-01,"hml,smb,mom",mkt,14,5,128,9,5,hml
2011-07-01_to_2014-07-01,2011-07-01,2014-07-01,"hml,smb,mom",mkt,14,5,128,9,6,hml
2011-07-01_to_2014-07-01,2011-07-01,2014-07-01,"hml,smb,mom",mkt,14,5,128,9,7,hml
2011-07-01_to_2014-07-01,2011-07-01,2014-07-01,"hml,smb,mom",mkt,14,5,128,9,8,smb
2011-07-01_to_2014-07-01,2011-07-01,2014-07-01,"hml,smb,mom",mkt,14,5,128,9,9,hml
2011-07-01_to_2014-07-01,2011-07-01,2014-07-01,"hml,smb,mom",mkt,14,5,129,9,1,mom
2011-07-01_to_2014-07-01,2011-07-01,2014-07-01,"hml,smb,mom",mkt,14,5,129,9,2,mom
2011-07-01_to_2014-07-01,2011-07-01,2014-07-01,"hml,smb,mom",mkt,14,5,129,9,3,mom
2011-07-01_to_2014-07-01,2011-07-01,2014-07-01,"hml,smb,mom",mkt,14,5,129,9,4,mom
2011-07-01_to_2014-07-01,2011-07-01,2014-07-01,"hml,smb,mom",mkt,14,5,129,9,5,hml
2011-07-01_to_2014-07-01,2011-07-01,2014-07-01,"hml,smb,mom",mkt,14,5,129,9,6,hml
2011-07-01_to_2014-07-01,2011-07-01,2014-07-01,"hml,smb,mom",mkt,14,5,129,9,7,hml
2011-07-01_to_2014-07-01,2011-07-01,2014-07-01,"hml,smb,mom",mkt,14,5,129,9,8,smb
2011-07-01_to_2014-07-01,2011-07-01,2014-07-01,"hml,smb,mom",mkt,14,5,129,9,9,hml
2011-07-01_to_2014-07-01,2011-07-01,2014-07-01,"hml,smb,mom",mkt,14,5,130,8,1,mom
2011-07-01_to_2014-07-01,2011-07-01,2014-07-01,"hml,smb,mom",mkt,14,5,130,8,2,mom
2011-07-01_to_2014-07-01,2011-07-01,2014-07-01,"hml,smb,mom",mkt,14,5,130,8,3,mom
2011-07-01_to_2014-07-01,2011-07-01,2014-07-01,"hml,smb,mom",mkt,14,5,130,8,4,mom
2011-07-01_to_2014-07-01,2011-07-01,2014-07-01,"hml,smb,mom",mkt,14,5,130,8,5,hml
2011-07-01_to_2014-07-01,2011-07-01,2014-07-01,"hml,smb,mom",mkt,14,5,130,8,6,hml
2011-07-01_to_2014-07-01,2011-07-01,2014-07-01,"hml,smb,mom",mkt,14,5,130,8,7,hml
2011-07-01_to_2014-07-01,2011-07-01,2014-07-01,"hml,smb,mom",mkt,14,5,130,8,8,smb
2011-07-01_to_2014-07-01,2011-07-01,2014-07-01,"hml,smb,mom",mkt,14,5,134,6,1,mom
2011-07-01_to_2014-07-01,2011-07-01,2014-07-01,"hml,smb,mom",mkt,14,5,134,6,2,mom
2011-07-01_to_2014-07-01,2011-07-01,2014-07-01,"hml,smb,mom",mkt,14,5,134,6,3,mom
2011-07-01_to_2014-07-01,2011-07-01,2014-07-01,"hml,smb,mom",mkt,14,5,134,6,4,mom
2011-07-01_to_2014-07-01,2011-07-01,2014-07-01,"hml,smb,mom",mkt,14,5,134,6,5,mom
2011-07-01_to_2014-07-01,2011-07-01,2014-07-01,"hml,smb,mom",mkt,14,5,134,6,6,smb
2011-07-01_to_2014-07-01,2011-07-01,2014-07-01,"hml,smb,mom",mkt,14,5,137,8,1,mom
2011-07-01_to_2014-07-01,2011-07-01,2014-07-01,"hml,smb,mom",mkt,14,5,137,8,2,mom
2011-07-01_to_2014-07-01,2011-07-01,2014-07-01,"hml,smb,mom",mkt,14,5,137,8,3,mom
2011-07-01_to_2014-07-01,2011-07-01,2014-07-01,"hml,smb,mom",mkt,14,5,137,8,4,mom
2011-07-01_to_2014-07-01,2011-07-01,2014-07-01,"hml,smb,mom",mkt,14,5,137,8,5,mom
2011-07-01_to_2014-07-01,2011-07-01,2014-07-01,"hml,smb,mom",mkt,14,5,137,8,6,smb
2011-07-01_to_2014-07-01,2011-07-01,2014-07-01,"hml,smb,mom",mkt,14,5,137,8,7,hml
2011-07-01_to_2014-07-01,2011-07-01,2014-07-01,"hml,smb,mom",mkt,14,5,137,8,8,mom
2011-07-01_to_2014-07-01,2011-07-01,2014-07-01,"hml,smb,mom",mkt,14,5,139,9,1,mom
2011-07-01_to_2014-07-01,2011-07-01,2014-07-01,"hml,smb,mom",mkt,14,5,139,9,2,mom
2011-07-01_to_2014-07-01,2011-07-01,2014-07-01,"hml,smb,mom",mkt,14,5,139,9,3,mom
2011-07-01_to_2014-07-01,2011-07-01,2014-07-01,"hml,smb,mom",mkt,14,5,139,9,4,mom
2011-07-01_to_2014-07-01,2011-07-01,2014-07-01,"hml,smb,mom",mkt,14,5,139,9,5,mom
2011-07-01_to_2014-07-01,2011-07-01,2014-07-01,"hml,smb,mom",mkt,14,5,139,9,6,smb
2011-07-01_to_2014-07-01,2011-07-01,2014-07-01,"hml,smb,mom",mkt,14,5,139,9,7,hml
2011-07-01_to_2014-07-01,2011-07-01,2014-07-01,"hml,smb,mom",mkt,14,5,139,9,8,mom
2011-07-01_to_2014-07-01,2011-07-01,2014-07-01,"hml,smb,mom",mkt,14,5,139,9,9,hml
2011-07-01_to_2014-07-01,2011-07-01,2014-07-01,"hml,smb,mom",mkt,14,5,142,11,1,mom
2011-07-01_to_2014-07-01,2011-07-01,2014-07-01,"hml,smb,mom",mkt,14,5,142,11,2,mom
2011-07-01_to_2014-07-01,2011-07-01,2014-07-01,"hml,smb,mom",mkt,14,5,142,11,3,mom
2011-07-01_to_2014-07-01,2011-07-01,2014-07-01,"hml,smb,mom",mkt,14,5,142,11,4,mom
2011-07-01_to_2014-07-01,2011-07-01,2014-07-01,"hml,smb,mom",mkt,14,5,142,11,5,mom
2011-07-01_to_2014-07-01,2011-07-01,2014-07-01,"hml,smb,mom",mkt,14,5,142,11,6,smb
2011-07-01_to_2014-07-01,2011-07-01,2014-07-01,"hml,smb,mom",mkt,14,5,142,11,7,hml
2011-07-01_to_2014-07-01,2011-07-01,2014-07-01,"hml,smb,mom",mkt,14,5,142,11,8,mom
2011-07-01_to_2014-07-01,2011-07-01,2014-07-01,"hml,smb,mom",mkt,14,5,142,11,9,hml
2011-07-01_to_2014-07-01,2011-07-01,2014-07-01,"hml,smb,mom",mkt,14,5,142,11,10,hml
2011-07-01_to_2014-07-01,2011-07-01,2014-07-01,"hml,smb,mom",mkt,14,5,142,11,11,mom
2011-07-01_to_2014-07-01,2011-07-01,2014-07-01,"hml,smb,mom",mkt,14,5,144,12,1,mom
2011-07-01_to_2014-07-01,2011-07-01,2014-07-01,"hml,smb,mom",mkt,14,5,144,12,2,mom
2011-07-01_to_2014-07-01,2011-07-01,2014-07-01,"hml,smb,mom",mkt,14,5,144,12,3,mom
2011-07-01_to_2014-07-01,2011-07-01,2014-07-01,"hml,smb,mom",mkt,14,5,144,12,4,mom
2011-07-01_to_2014-07-01,2011-07-01,2014-07-01,"hml,smb,mom",mkt,14,5,144,12,5,mom
2011-07-01_to_2014-07-01,2011-07-01,2014-07-01,"hml,smb,mom",mkt,14,5,144,12,6,smb
2011-07-01_to_2014-07-01,2011-07-01,2014-07-01,"hml,smb,mom",mkt,14,5,144,12,7,hml
2011-07-01_to_2014-07-01,2011-07-01,2014-07-01,"hml,smb,mom",mkt,14,5,144,12,8,mom
2011-07-01_to_2014-07-01,2011-07-01,2014-07-01,"hml,smb,mom",mkt,14,5,144,12,9,hml
2011-07-01_to_2014-07-01,2011-07-01,2014-07-01,"hml,smb,mom",mkt,14,5,144,12,10,hml
2011-07-01_to_2014-07-01,2011-07-01,2014-07-01,"hml,smb,mom",mkt,14,5,144,12,11,mom
2011-07-01_to_2014-07-01,2011-07-01,2014-07-01,"hml,smb,mom",mkt,14,5,144,12,12,hml
2011-07-01_to_2014-07-01,2011-07-01,2014-07-01,"hml,smb,mom",mkt,14,5,145,12,1,mom
2011-07-01_to_2014-07-01,2011-07-01,2014-07-01,"hml,smb,mom",mkt,14,5,145,12,2,mom
2011-07-01_to_2014-07-01,2011-07-01,2014-07-01,"hml,smb,mom",mkt,14,5,145,12,3,mom
2011-07-01_to_2014-07-01,2011-07-01,2014-07-01,"hml,smb,mom",mkt,14,5,145,12,4,mom
2011-07-01_to_2014-07-01,2011-07-01,2014-07-01,"hml,smb,mom",mkt,14,5,145,12,5,mom
2011-07-01_to_2014-07-01,2011-07-01,2014-07-01,"hml,smb,mom",mkt,14,5,145,12,6,smb
2011-07-01_to_2014-07-01,2011-07-01,2014-07-01,"hml,smb,mom",mkt,14,5,145,12,7,hml
2011-07-01_to_2014-07-01,2011-07-01,2014-07-01,"hml,smb,mom",mkt,14,5,145,12,8,mom
2011-07-01_to_2014-07-01,2011-07-01,2014-07-01,"hml,smb,mom",mkt,14,5,145,12,9,hml
2011-07-01_to_2014-07-01,2011-07-01,2014-07-01,"hml,smb,mom",mkt,14,5,145,12,10,hml
2011-07-01_to_2014-07-01,2011-07-01,2014-07-01,"hml,smb,mom",mkt,14,5,145,12,11,mom
2011-07-01_to_2014-07-01,2011-07-01,2014-07-01,"hml,smb,mom",mkt,14,5,145,12,12,hml
2011-07-01_to_2014-07-01,2011-07-01,2014-07-01,"hml,smb,mom",mkt,14,5,148,12,1,mom
2011-07-01_to_2014-07-01,2011-07-01,2014-07-01,"hml,smb,mom",mkt,14,5,148,12,2,mom
2011-07-01_to_2014-07-01,2011-07-01,2014-07-01,"hml,smb,mom",mkt,14,5,148,12,3,mom
2011-07-01_to_2014-07-01,2011-07-01,2014-07-01,"hml,smb,mom",mkt,14,5,148,12,4,mom
2011-07-01_to_2014-07-01,2011-07-01,2014-07-01,"hml,smb,mom",mkt,14,5,148,12,5,mom
2011-07-01_to_2014-07-01,2011-07-01,2014-07-01,"hml,smb,mom",mkt,14,5,148,12,6,smb
2011-07-01_to_2014-07-01,2011-07-01,2014-07-01,"hml,smb,mom",mkt,14,5,148,12,7,hml
2011-07-01_to_2014-07-01,2011-07-01,2014-07-01,"hml,smb,mom",mkt,14,5,148,12,8,mom
2011-07-01_to_2014-07-01,2011-07-01,2014-07-01,"hml,smb,mom",mkt,14,5,148,12,9,hml
2011-07-01_to_2014-07-01,2011-07-01,2014-07-01,"hml,smb,mom",mkt,14,5,148,12,10,hml
2011-07-01_to_2014-07-01,2011-07-01,2014-07-01,"hml,smb,mom",mkt,14,5,148,12,11,hml
2011-07-01_to_2014-07-01,2011-07-01,2014-07-01,"hml,smb,mom",mkt,14,5,148,12,12,smb
2011-07-01_to_2014-07-01,2011-07-01,2014-07-01,"hml,smb,mom",mkt,14,5,149,12,1,mom
2011-07-01_to_2014-07-01,2011-07-01,2014-07-01,"hml,smb,mom",mkt,14,5,149,12,2,mom
2011-07-01_to_2014-07-01,2011-07-01,2014-07-01,"hml,smb,mom",mkt,14,5,149,12,3,mom
2011-07-01_to_2014-07-01,2011-07-01,2014-07-01,"hml,smb,mom",mkt,14,5,149,12,4,mom
2011-07-01_to_2014-07-01,2011-07-01,2014-07-01,"hml,smb,mom",mkt,14,5,149,12,5,mom
2011-07-01_to_2014-07-01,2011-07-01,2014-07-01,"hml,smb,mom",mkt,14,5,149,12,6,smb
2011-07-01_to_2014-07-01,2011-07-01,2014-07-01,"hml,smb,mom",mkt,14,5,149,12,7,hml
2011-07-01_to_2014-07-01,2011-07-01,2014-07-01,"hml,smb,mom",mkt,14,5,149,12,8,mom
2011-07-01_to_2014-07-01,2011-07-01,2014-07-01,"hml,smb,mom",mkt,14,5,149,12,9,hml
2011-07-01_to_2014-07-01,2011-07-01,2014-07-01,"hml,smb,mom",mkt,14,5,149,12,10,hml
2011-07-01_to_2014-07-01,2011-07-01,2014-07-01,"hml,smb,mom",mkt,14,5,149,12,11,hml
2011-07-01_to_2014-07-01,2011-07-01,2014-07-01,"hml,smb,mom",mkt,14,5,149,12,12,smb
2011-07-01_to_2014-07-01,2011-07-01,2014-07-01,"hml,smb,mom",mkt,14,5,150,11,1,mom
2011-07-01_to_2014-07-01,2011-07-01,2014-07-01,"hml,smb,mom",mkt,14,5,150,11,2,mom
2011-07-01_to_2014-07-01,2011-07-01,2014-07-01,"hml,smb,mom",mkt,14,5,150,11,3,mom
2011-07-01_to_2014-07-01,2011-07-01,2014-07-01,"hml,smb,mom",mkt,14,5,150,11,4,mom
2011-07-01_to_2014-07-01,2011-07-01,2014-07-01,"hml,smb,mom",mkt,14,5,150,11,5,mom
2011-07-01_to_2014-07-01,2011-07-01,2014-07-01,"hml,smb,mom",mkt,14,5,150,11,6,smb
2011-07-01_to_2014-07-01,2011-07-01,2014-07-01,"hml,smb,mom",mkt,14,5,150,11,7,hml
2011-07-01_to_2014-07-01,2011-07-01,2014-07-01,"hml,smb,mom",mkt,14,5,150,11,8,mom
2011-07-01_to_2014-07-01,2011-07-01,2014-07-01,"hml,smb,mom",mkt,14,5,150,11,9,hml
2011-07-01_to_2014-07-01,2011-07-01,2014-07-01,"hml,smb,mom",mkt,14,5,150,11,10,hml
2011-07-01_to_2014-07-01,2011-07-01,2014-07-01,"hml,smb,mom",mkt,14,5,150,11,11,hml
2011-07-01_to_2014-07-01,2011-07-01,2014-07-01,"hml,smb,mom",mkt,14,5,151,7,1,mom
2011-07-01_to_2014-07-01,2011-07-01,2014-07-01,"hml,smb,mom",mkt,14,5,151,7,2,mom
2011-07-01_to_2014-07-01,2011-07-01,2014-07-01,"hml,smb,mom",mkt,14,5,151,7,3,mom
2011-07-01_to_2014-07-01,2011-07-01,2014-07-01,"hml,smb,mom",mkt,14,5,151,7,4,mom
2011-07-01_to_2014-07-01,2011-07-01,2014-07-01,"hml,smb,mom",mkt,14,5,151,7,5,mom
2011-07-01_to_2014-07-01,2011-07-01,2014-07-01,"hml,smb,mom",mkt,14,5,151,7,6,smb
2011-07-01_to_2014-07-01,2011-07-01,2014-07-01,"hml,smb,mom",mkt,14,5,151,7,7,hml
2011-07-01_to_2014-07-01,2011-07-01,2014-07-01,"hml,smb,mom",mkt,14,5,153,6,1,mom
2011-07-01_to_2014-07-01,2011-07-01,2014-07-01,"hml,smb,mom",mkt,14,5,153,6,2,mom
2011-07-01_to_2014-07-01,2011-07-01,2014-07-01,"hml,smb,mom",mkt,14,5,153,6,3,mom
2011-07-01_to_2014-07-01,2011-07-01,2014-07-01,"hml,smb,mom",mkt,14,5,153,6,4,mom
2011-07-01_to_2014-07-01,2011-07-01,2014-07-01,"hml,smb,mom",mkt,14,5,153,6,5,mom
2011-07-01_to_2014-07-01,2011-07-01,2014-07-01,"hml,smb,mom",mkt,14,5,153,6,6,hml
2011-07-01_to_2014-07-01,2011-07-01,2014-07-01,"hml,smb,mom",mkt,14,5,157,9,1,mom
2011-07-01_to_2014-07-01,2011-07-01,2014-07-01,"hml,smb,mom",mkt,14,5,157,9,2,mom
2011-07-01_to_2014-07-01,2011-07-01,2014-07-01,"hml,smb,mom",mkt,14,5,157,9,3,mom
2011-07-01_to_2014-07-01,2011-07-01,2014-07-01,"hml,smb,mom",mkt,14,5,157,9,4,mom
2011-07-01_to_2014-07-01,2011-07-01,2014-07-01,"hml,smb,mom",mkt,14,5,157,9,5,mom
2011-07-01_to_2014-07-01,2011-07-01,2014-07-01,"hml,smb,mom",mkt,14,5,157,9,6,hml
2011-07-01_to_2014-07-01,2011-07-01,2014-07-01,"hml,smb,mom",mkt,14,5,157,9,7,smb
2011-07-01_to_2014-07-01,2011-07-01,2014-07-01,"hml,smb,mom",mkt,14,5,157,9,8,smb
2011-07-01_to_2014-07-01,2011-07-01,2014-07-01,"hml,smb,mom",mkt,14,5,157,9,9,smb
2011-07-01_to_2014-07-01,2011-07-01,2014-07-01,"hml,smb,mom",mkt,14,5,159,10,1,mom
2011-07-01_to_2014-07-01,2011-07-01,2014-07-01,"hml,smb,mom",mkt,14,5,159,10,2,mom
2011-07-01_to_2014-07-01,2011-07-01,2014-07-01,"hml,smb,mom",mkt,14,5,159,10,3,mom
2011-07-01_to_2014-07-01,2011-07-01,2014-07-01,"hml,smb,mom",mkt,14,5,159,10,4,mom
2011-07-01_to_2014-07-01,2011-07-01,2014-07-01,"hml,smb,mom",mkt,14,5,159,10,5,mom
2011-07-01_to_2014-07-01,2011-07-01,2014-07-01,"hml,smb,mom",mkt,14,5,159,10,6,hml
2011-07-01_to_2014-07-01,2011-07-01,2014-07-01,"hml,smb,mom",mkt,14,5,159,10,7,smb
2011-07-01_to_2014-07-01,2011-07-01,2014-07-01,"hml,smb,mom",mkt,14,5,159,10,8,smb
2011-07-01_to_2014-07-01,2011-07-01,2014-07-01,"hml,smb,mom",mkt,14,5,159,10,9,smb
2011-07-01_to_2014-07-01,2011-07-01,2014-07-01,"hml,smb,mom",mkt,14,5,159,10,10,hml
2011-07-01_to_2014-07-01,2011-07-01,2014-07-01,"hml,smb,mom",mkt,14,5,161,11,1,mom
2011-07-01_to_2014-07-01,2011-07-01,2014-07-01,"hml,smb,mom",mkt,14,5,161,11,2,mom
2011-07-01_to_2014-07-01,2011-07-01,2014-07-01,"hml,smb,mom",mkt,14,5,161,11,3,mom
2011-07-01_to_2014-07-01,2011-07-01,2014-07-01,"hml,smb,mom",mkt,14,5,161,11,4,mom
2011-07-01_to_2014-07-01,2011-07-01,2014-07-01,"hml,smb,mom",mkt,14,5,161,11,5,mom
2011-07-01_to_2014-07-01,2011-07-01,2014-07-01,"hml,smb,mom",mkt,14,5,161,11,6,hml
2011-07-01_to_2014-07-01,2011-07-01,2014-07-01,"hml,smb,mom",mkt,14,5,161,11,7,smb
2011-07-01_to_2014-07-01,2011-07-01,2014-07-01,"hml,smb,mom",mkt,14,5,161,11,8,smb
2011-07-01_to_2014-07-01,2011-07-01,2014-07-01,"hml,smb,mom",mkt,14,5,161,11,9,smb
2011-07-01_to_2014-07-01,2011-07-01,2014-07-01,"hml,smb,mom",mkt,14,5,161,11,10,hml
2011-07-01_to_2014-07-01,2011-07-01,2014-07-01,"hml,smb,mom",mkt,14,5,161,11,11,hml
2011-07-01_to_2014-07-01,2011-07-01,2014-07-01,"hml,smb,mom",mkt,14,5,162,11,1,mom
2011-07-01_to_2014-07-01,2011-07-01,2014-07-01,"hml,smb,mom",mkt,14,5,162,11,2,mom
2011-07-01_to_2014-07-01,2011-07-01,2014-07-01,"hml,smb,mom",mkt,14,5,162,11,3,mom
2011-07-01_to_2014-07-01,2011-07-01,2014-07-01,"hml,smb,mom",mkt,14,5,162,11,4,mom
2011-07-01_to_2014-07-01,2011-07-01,2014-07-01,"hml,smb,mom",mkt,14,5,162,11,5,mom
2011-07-01_to_2014-07-01,2011-07-01,2014-07-01,"hml,smb,mom",mkt,14,5,162,11,6,hml
2011-07-01_to_2014-07-01,2011-07-01,2014-07-01,"hml,smb,mom",mkt,14,5,162,11,7,smb
2011-07-01_to_2014-07-01,2011-07-01,2014-07-01,"hml,smb,mom",mkt,14,5,162,11,8,smb
2011-07-01_to_2014-07-01,2011-07-01,2014-07-01,"hml,smb,mom",mkt,14,5,162,11,9,smb
2011-07-01_to_2014-07-01,2011-07-01,2014-07-01,"hml,smb,mom",mkt,14,5,162,11,10,hml
2011-07-01_to_2014-07-01,2011-07-01,2014-07-01,"hml,smb,mom",mkt,14,5,162,11,11,hml
2011-07-01_to_2014-07-01,2011-07-01,2014-07-01,"hml,smb,mom",mkt,14,5,163,8,1,mom
2011-07-01_to_2014-07-01,2011-07-01,2014-07-01,"hml,smb,mom",mkt,14,5,163,8,2,mom
2011-07-01_to_2014-07-01,2011-07-01,2014-07-01,"hml,smb,mom",mkt,14,5,163,8,3,mom
2011-07-01_to_2014-07-01,2011-07-01,2014-07-01,"hml,smb,mom",mkt,14,5,163,8,4,mom
2011-07-01_to_2014-07-01,2011-07-01,2014-07-01,"hml,smb,mom",mkt,14,5,163,8,5,mom
2011-07-01_to_2014-07-01,2011-07-01,2014-07-01,"hml,smb,mom",mkt,14,5,163,8,6,hml
2011-07-01_to_2014-07-01,2011-07-01,2014-07-01,"hml,smb,mom",mkt,14,5,163,8,7,smb
2011-07-01_to_2014-07-01,2011-07-01,2014-07-01,"hml,smb,mom",mkt,14,5,163,8,8,smb
2011-07-01_to_2014-07-01,2011-07-01,2014-07-01,"hml,smb,mom",mkt,14,5,167,10,1,mom
2011-07-01_to_2014-07-01,2011-07-01,2014-07-01,"hml,smb,mom",mkt,14,5,167,10,2,mom
2011-07-01_to_2014-07-01,2011-07-01,2014-07-01,"hml,smb,mom",mkt,14,5,167,10,3,mom
2011-07-01_to_2014-07-01,2011-07-01,2014-07-01,"hml,smb,mom",mkt,14,5,167,10,4,mom
2011-07-01_to_2014-07-01,2011-07-01,2014-07-01,"hml,smb,mom",mkt,14,5,167,10,5,mom
2011-07-01_to_2014-07-01,2011-07-01,2014-07-01,"hml,smb,mom",mkt,14,5,167,10,6,hml
2011-07-01_to_2014-07-01,2011-07-01,2014-07-01,"hml,smb,mom",mkt,14,5,167,10,7,smb
2011-07-01_to_2014-07-01,2011-07-01,2014-07-01,"hml,smb,mom",mkt,14,5,167,10,8,hml
2011-07-01_to_2014-07-01,2011-07-01,2014-07-01,"hml,smb,mom",mkt,14,5,167,10,9,smb
2011-07-01_to_2014-07-01,2011-07-01,2014-07-01,"hml,smb,mom",mkt,14,5,167,10,10,hml
2011-07-01_to_2014-07-01,2011-07-01,2014-07-01,"hml,smb,mom",mkt,14,5,168,10,1,mom
2011-07-01_to_2014-07-01,2011-07-01,2014-07-01,"hml,smb,mom",mkt,14,5,168,10,2,mom
2011-07-01_to_2014-07-01,2011-07-01,2014-07-01,"hml,smb,mom",mkt,14,5,168,10,3,mom
2011-07-01_to_2014-07-01,2011-07-01,2014-07-01,"hml,smb,mom",mkt,14,5,168,10,4,mom
2011-07-01_to_2014-07-01,2011-07-01,2014-07-01,"hml,smb,mom",mkt,14,5,168,10,5,mom
2011-07-01_to_2014-07-01,2011-07-01,2014-07-01,"hml,smb,mom",mkt,14,5,168,10,6,hml
2011-07-01_to_2014-07-01,2011-07-01,2014-07-01,"hml,smb,mom",mkt,14,5,168,10,7,smb
2011-07-01_to_2014-07-01,2011-07-01,2014-07-01,"hml,smb,mom",mkt,14,5,168,10,8,hml
2011-07-01_to_2014-07-01,2011-07-01,2014-07-01,"hml,smb,mom",mkt,14,5,168,10,9,smb
2011-07-01_to_2014-07-01,2011-07-01,2014-07-01,"hml,smb,mom",mkt,14,5,168,10,10,hml
2011-07-01_to_2014-07-01,2011-07-01,2014-07-01,"hml,smb,mom",mkt,14,5,170,10,1,mom
2011-07-01_to_2014-07-01,2011-07-01,2014-07-01,"hml,smb,mom",mkt,14,5,170,10,2,mom
2011-07-01_to_2014-07-01,2011-07-01,2014-07-01,"hml,smb,mom",mkt,14,5,170,10,3,mom
2011-07-01_to_2014-07-01,2011-07-01,2014-07-01,"hml,smb,mom",mkt,14,5,170,10,4,mom
2011-07-01_to_2014-07-01,2011-07-01,2014-07-01,"hml,smb,mom",mkt,14,5,170,10,5,mom
2011-07-01_to_2014-07-01,2011-07-01,2014-07-01,"hml,smb,mom",mkt,14,5,170,10,6,hml
2011-07-01_to_2014-07-01,2011-07-01,2014-07-01,"hml,smb,mom",mkt,14,5,170,10,7,smb
2011-07-01_to_2014-07-01,2011-07-01,2014-07-01,"hml,smb,mom",mkt,14,5,170,10,8,hml
2011-07-01_to_2014-07-01,2011-07-01,2014-07-01,"hml,smb,mom",mkt,14,5,170,10,9,smb
2011-07-01_to_2014-07-01,2011-07-01,2014-07-01,"hml,smb,mom",mkt,14,5,170,10,10,hml
2011-07-01_to_2014-07-01,2011-07-01,2014-07-01,"hml,smb,mom",mkt,14,5,172,11,1,mom
2011-07-01_to_2014-07-01,2011-07-01,2014-07-01,"hml,smb,mom",mkt,14,5,172,11,2,mom
2011-07-01_to_2014-07-01,2011-07-01,2014-07-01,"hml,smb,mom",mkt,14,5,172,11,3,mom
2011-07-01_to_2014-07-01,2011-07-01,2014-07-01,"hml,smb,mom",mkt,14,5,172,11,4,mom
2011-07-01_to_2014-07-01,2011-07-01,2014-07-01,"hml,smb,mom",mkt,14,5,172,11,5,mom
2011-07-01_to_2014-07-01,2011-07-01,2014-07-01,"hml,smb,mom",mkt,14,5,172,11,6,hml
2011-07-01_to_2014-07-01,2011-07-01,2014-07-01,"hml,smb,mom",mkt,14,5,172,11,7,smb
2011-07-01_to_2014-07-01,2011-07-01,2014-07-01,"hml,smb,mom",mkt,14,5,172,11,8,hml
2011-07-01_to_2014-07-01,2011-07-01,2014-07-01,"hml,smb,mom",mkt,14,5,172,11,9,smb
2011-07-01_to_2014-07-01,2011-07-01,2014-07-01,"hml,smb,mom",mkt,14,5,172,11,10,hml
2011-07-01_to_2014-07-01,2011-07-01,2014-07-01,"hml,smb,mom",mkt,14,5,172,11,11,hml
2011-07-01_to_2014-07-01,2011-07-01,2014-07-01,"hml,smb,mom",mkt,14,5,173,11,1,mom
2011-07-01_to_2014-07-01,2011-07-01,2014-07-01,"hml,smb,mom",mkt,14,5,173,11,2,mom
2011-07-01_to_2014-07-01,2011-07-01,2014-07-01,"hml,smb,mom",mkt,14,5,173,11,3,mom
2011-07-01_to_2014-07-01,2011-07-01,2014-07-01,"hml,smb,mom",mkt,14,5,173,11,4,mom
2011-07-01_to_2014-07-01,2011-07-01,2014-07-01,"hml,smb,mom",mkt,14,5,173,11,5,mom
2011-07-01_to_2014-07-01,2011-07-01,2014-07-01,"hml,smb,mom",mkt,14,5,173,11,6,hml
2011-07-01_to_2014-07-01,2011-07-01,2014-07-01,"hml,smb,mom",mkt,14,5,173,11,7,smb
2011-07-01_to_2014-07-01,2011-07-01,2014-07-01,"hml,smb,mom",mkt,14,5,173,11,8,hml
2011-07-01_to_2014-07-01,2011-07-01,2014-07-01,"hml,smb,mom",mkt,14,5,173,11,9,smb
2011-07-01_to_2014-07-01,2011-07-01,2014-07-01,"hml,smb,mom",mkt,14,5,173,11,10,hml
2011-07-01_to_2014-07-01,2011-07-01,2014-07-01,"hml,smb,mom",mkt,14,5,173,11,11,hml
2011-07-01_to_2014-07-01,2011-07-01,2014-07-01,"hml,smb,mom",mkt,14,5,176,10,1,mom
2011-07-01_to_2014-07-01,2011-07-01,2014-07-01,"hml,smb,mom",mkt,14,5,176,10,2,mom
2011-07-01_to_2014-07-01,2011-07-01,2014-07-01,"hml,smb,mom",mkt,14,5,176,10,3,mom
2011-07-01_to_2014-07-01,2011-07-01,2014-07-01,"hml,smb,mom",mkt,14,5,176,10,4,mom
2011-07-01_to_2014-07-01,2011-07-01,2014-07-01,"hml,smb,mom",mkt,14,5,176,10,5,mom
2011-07-01_to_2014-07-01,2011-07-01,2014-07-01,"hml,smb,mom",mkt,14,5,176,10,6,hml
2011-07-01_to_2014-07-01,2011-07-01,2014-07-01,"hml,smb,mom",mkt,14,5,176,10,7,smb
2011-07-01_to_2014-07-01,2011-07-01,2014-07-01,"hml,smb,mom",mkt,14,5,176,10,8,hml
2011-07-01_to_2014-07-01,2011-07-01,2014-07-01,"hml,smb,mom",mkt,14,5,176,10,9,mom
2011-07-01_to_2014-07-01,2011-07-01,2014-07-01,"hml,smb,mom",mkt,14,5,176,10,10,smb
2011-07-01_to_2014-07-01,2011-07-01,2014-07-01,"hml,smb,mom",mkt,14,5,178,11,1,mom
2011-07-01_to_2014-07-01,2011-07-01,2014-07-01,"hml,smb,mom",mkt,14,5,178,11,2,mom
2011-07-01_to_2014-07-01,2011-07-01,2014-07-01,"hml,smb,mom",mkt,14,5,178,11,3,mom
2011-07-01_to_2014-07-01,2011-07-01,2014-07-01,"hml,smb,mom",mkt,14,5,178,11,4,mom
2011-07-01_to_2014-07-01,2011-07-01,2014-07-01,"hml,smb,mom",mkt,14,5,178,11,5,mom
2011-07-01_to_2014-07-01,2011-07-01,2014-07-01,"hml,smb,mom",mkt,14,5,178,11,6,hml
2011-07-01_to_2014-07-01,2011-07-01,2014-07-01,"hml,smb,mom",mkt,14,5,178,11,7,smb
2011-07-01_to_2014-07-01,2011-07-01,2014-07-01,"hml,smb,mom",mkt,14,5,178,11,8,hml
2011-07-01_to_2014-07-01,2011-07-01,2014-07-01,"hml,smb,mom",mkt,14,5,178,11,9,mom
2011-07-01_to_2014-07-01,2011-07-01,2014-07-01,"hml,smb,mom",mkt,14,5,178,11,10,smb
2011-07-01_to_2014-07-01,2011-07-01,2014-07-01,"hml,smb,mom",mkt,14,5,178,11,11,mom
2011-07-01_to_2014-07-01,2011-07-01,2014-07-01,"hml,smb,mom",mkt,14,5,179,11,1,mom
2011-07-01_to_2014-07-01,2011-07-01,2014-07-01,"hml,smb,mom",mkt,14,5,179,11,2,mom
2011-07-01_to_2014-07-01,2011-07-01,2014-07-01,"hml,smb,mom",mkt,14,5,179,11,3,mom
2011-07-01_to_2014-07-01,2011-07-01,2014-07-01,"hml,smb,mom",mkt,14,5,179,11,4,mom
2011-07-01_to_2014-07-01,2011-07-01,2014-07-01,"hml,smb,mom",mkt,14,5,179,11,5,mom
2011-07-01_to_2014-07-01,2011-07-01,2014-07-01,"hml,smb,mom",mkt,14,5,179,11,6,hml
2011-07-01_to_2014-07-01,2011-07-01,2014-07-01,"hml,smb,mom",mkt,14,5,179,11,7,smb
2011-07-01_to_2014-07-01,2011-07-01,2014-07-01,"hml,smb,mom",mkt,14,5,179,11,8,hml
2011-07-01_to_2014-07-01,2011-07-01,2014-07-01,"hml,smb,mom",mkt,14,5,179,11,9,mom
2011-07-01_to_2014-07-01,2011-07-01,2014-07-01,"hml,smb,mom",mkt,14,5,179,11,10,smb
2011-07-01_to_2014-07-01,2011-07-01,2014-07-01,"hml,smb,mom",mkt,14,5,179,11,11,mom
2011-07-01_to_2014-07-01,2011-07-01,2014-07-01,"hml,smb,mom",mkt,14,5,182,11,1,mom
2011-07-01_to_2014-07-01,2011-07-01,2014-07-01,"hml,smb,mom",mkt,14,5,182,11,2,mom
2011-07-01_to_2014-07-01,2011-07-01,2014-07-01,"hml,smb,mom",mkt,14,5,182,11,3,mom
2011-07-01_to_2014-07-01,2011-07-01,2014-07-01,"hml,smb,mom",mkt,14,5,182,11,4,mom
2011-07-01_to_2014-07-01,2011-07-01,2014-07-01,"hml,smb,mom",mkt,14,5,182,11,5,mom
2011-07-01_to_2014-07-01,2011-07-01,2014-07-01,"hml,smb,mom",mkt,14,5,182,11,6,hml
2011-07-01_to_2014-07-01,2011-07-01,2014-07-01,"hml,smb,mom",mkt,14,5,182,11,7,smb
2011-07-01_to_2014-07-01,2011-07-01,2014-07-01,"hml,smb,mom",mkt,14,5,182,11,8,hml
2011-07-01_to_2014-07-01,2011-07-01,2014-07-01,"hml,smb,mom",mkt,14,5,182,11,9,mom
2011-07-01_to_2014-07-01,2011-07-01,2014-07-01,"hml,smb,mom",mkt,14,5,182,11,10,hml
2011-07-01_to_2014-07-01,2011-07-01,2014-07-01,"hml,smb,mom",mkt,14,5,182,11,11,hml
2011-07-01_to_2014-07-01,2011-07-01,2014-07-01,"hml,smb,mom",mkt,14,5,183,11,1,mom
2011-07-01_to_2014-07-01,2011-07-01,2014-07-01,"hml,smb,mom",mkt,14,5,183,11,2,mom
2011-07-01_to_2014-07-01,2011-07-01,2014-07-01,"hml,smb,mom",mkt,14,5,183,11,3,mom
2011-07-01_to_2014-07-01,2011-07-01,2014-07-01,"hml,smb,mom",mkt,14,5,183,11,4,mom
2011-07-01_to_2014-07-01,2011-07-01,2014-07-01,"hml,smb,mom",mkt,14,5,183,11,5,mom
2011-07-01_to_2014-07-01,2011-07-01,2014-07-01,"hml,smb,mom",mkt,14,5,183,11,6,hml
2011-07-01_to_2014-07-01,2011-07-01,2014-07-01,"hml,smb,mom",mkt,14,5,183,11,7,smb
2011-07-01_to_2014-07-01,2011-07-01,2014-07-01,"hml,smb,mom",mkt,14,5,183,11,8,hml
2011-07-01_to_2014-07-01,2011-07-01,2014-07-01,"hml,smb,mom",mkt,14,5,183,11,9,mom
2011-07-01_to_2014-07-01,2011-07-01,2014-07-01,"hml,smb,mom",mkt,14,5,183,11,10,hml
2011-07-01_to_2014-07-01,2011-07-01,2014-07-01,"hml,smb,mom",mkt,14,5,183,11,11,hml
2011-07-01_to_2014-07-01,2011-07-01,2014-07-01,"hml,smb,mom",mkt,14,5,185,11,1,mom
2011-07-01_to_2014-07-01,2011-07-01,2014-07-01,"hml,smb,mom",mkt,14,5,185,11,2,mom
2011-07-01_to_2014-07-01,2011-07-01,2014-07-01,"hml,smb,mom",mkt,14,5,185,11,3,mom
2011-07-01_to_2014-07-01,2011-07-01,2014-07-01,"hml,smb,mom",mkt,14,5,185,11,4,mom
2011-07-01_to_2014-07-01,2011-07-01,2014-07-01,"hml,smb,mom",mkt,14,5,185,11,5,mom
2011-07-01_to_2014-07-01,2011-07-01,2014-07-01,"hml,smb,mom",mkt,14,5,185,11,6,hml
2011-07-01_to_2014-07-01,2011-07-01,2014-07-01,"hml,smb,mom",mkt,14,5,185,11,7,smb
2011-07-01_to_2014-07-01,2011-07-01,2014-07-01,"hml,smb,mom",mkt,14,5,185,11,8,hml
2011-07-01_to_2014-07-01,2011-07-01,2014-07-01,"hml,smb,mom",mkt,14,5,185,11,9,mom
2011-07-01_to_2014-07-01,2011-07-01,2014-07-01,"hml,smb,mom",mkt,14,5,185,11,10,hml
2011-07-01_to_2014-07-01,2011-07-01,2014-07-01,"hml,smb,mom",mkt,14,5,185,11,11,hml
2011-07-01_to_2014-07-01,2011-07-01,2014-07-01,"hml,smb,mom",mkt,14,5,186,11,1,mom
2011-07-01_to_2014-07-01,2011-07-01,2014-07-01,"hml,smb,mom",mkt,14,5,186,11,2,mom
2011-07-01_to_2014-07-01,2011-07-01,2014-07-01,"hml,smb,mom",mkt,14,5,186,11,3,mom
2011-07-01_to_2014-07-01,2011-07-01,2014-07-01,"hml,smb,mom",mkt,14,5,186,11,4,mom
2011-07-01_to_2014-07-01,2011-07-01,2014-07-01,"hml,smb,mom",mkt,14,5,186,11,5,mom
2011-07-01_to_2014-07-01,2011-07-01,2014-07-01,"hml,smb,mom",mkt,14,5,186,11,6,hml
2011-07-01_to_2014-07-01,2011-07-01,2014-07-01,"hml,smb,mom",mkt,14,5,186,11,7,smb
2011-07-01_to_2014-07-01,2011-07-01,2014-07-01,"hml,smb,mom",mkt,14,5,186,11,8,hml
2011-07-01_to_2014-07-01,2011-07-01,2014-07-01,"hml,smb,mom",mkt,14,5,186,11,9,mom
2011-07-01_to_2014-07-01,2011-07-01,2014-07-01,"hml,smb,mom",mkt,14,5,186,11,10,hml
2011-07-01_to_2014-07-01,2011-07-01,2014-07-01,"hml,smb,mom",mkt,14,5,186,11,11,hml
2011-07-01_to_2014-07-01,2011-07-01,2014-07-01,"hml,smb,mom",mkt,14,5,190,7,1,mom
2011-07-01_to_2014-07-01,2011-07-01,2014-07-01,"hml,smb,mom",mkt,14,5,190,7,2,mom
2011-07-01_to_2014-07-01,2011-07-01,2014-07-01,"hml,smb,mom",mkt,14,5,190,7,3,mom
2011-07-01_to_2014-07-01,2011-07-01,2014-07-01,"hml,smb,mom",mkt,14,5,190,7,4,mom
2011-07-01_to_2014-07-01,2011-07-01,2014-07-01,"hml,smb,mom",mkt,14,5,190,7,5,hml
2011-07-01_to_2014-07-01,2011-07-01,2014-07-01,"hml,smb,mom",mkt,14,5,190,7,6,mom
2011-07-01_to_2014-07-01,2011-07-01,2014-07-01,"hml,smb,mom",mkt,14,5,190,7,7,smb
2011-07-01_to_2014-07-01,2011-07-01,2014-07-01,"hml,smb,mom",mkt,14,5,192,8,1,mom
2011-07-01_to_2014-07-01,2011-07-01,2014-07-01,"hml,smb,mom",mkt,14,5,192,8,2,mom
2011-07-01_to_2014-07-01,2011-07-01,2014-07-01,"hml,smb,mom",mkt,14,5,192,8,3,mom
2011-07-01_to_2014-07-01,2011-07-01,2014-07-01,"hml,smb,mom",mkt,14,5,192,8,4,mom
2011-07-01_to_2014-07-01,2011-07-01,2014-07-01,"hml,smb,mom",mkt,14,5,192,8,5,hml
2011-07-01_to_2014-07-01,2011-07-01,2014-07-01,"hml,smb,mom",mkt,14,5,192,8,6,mom
2011-07-01_to_2014-07-01,2011-07-01,2014-07-01,"hml,smb,mom",mkt,14,5,192,8,7,smb
2011-07-01_to_2014-07-01,2011-07-01,2014-07-01,"hml,smb,mom",mkt,14,5,192,8,8,hml
2011-07-01_to_2014-07-01,2011-07-01,2014-07-01,"hml,smb,mom",mkt,14,5,195,10,1,mom
2011-07-01_to_2014-07-01,2011-07-01,2014-07-01,"hml,smb,mom",mkt,14,5,195,10,2,mom
2011-07-01_to_2014-07-01,2011-07-01,2014-07-01,"hml,smb,mom",mkt,14,5,195,10,3,mom
2011-07-01_to_2014-07-01,2011-07-01,2014-07-01,"hml,smb,mom",mkt,14,5,195,10,4,mom
2011-07-01_to_2014-07-01,2011-07-01,2014-07-01,"hml,smb,mom",mkt,14,5,195,10,5,hml
2011-07-01_to_2014-07-01,2011-07-01,2014-07-01,"hml,smb,mom",mkt,14,5,195,10,6,mom
2011-07-01_to_2014-07-01,2011-07-01,2014-07-01,"hml,smb,mom",mkt,14,5,195,10,7,smb
2011-07-01_to_2014-07-01,2011-07-01,2014-07-01,"hml,smb,mom",mkt,14,5,195,10,8,hml
2011-07-01_to_2014-07-01,2011-07-01,2014-07-01,"hml,smb,mom",mkt,14,5,195,10,9,hml
2011-07-01_to_2014-07-01,2011-07-01,2014-07-01,"hml,smb,mom",mkt,14,5,195,10,10,hml
2011-07-01_to_2014-07-01,2011-07-01,2014-07-01,"hml,smb,mom",mkt,14,5,197,11,1,mom
2011-07-01_to_2014-07-01,2011-07-01,2014-07-01,"hml,smb,mom",mkt,14,5,197,11,2,mom
2011-07-01_to_2014-07-01,2011-07-01,2014-07-01,"hml,smb,mom",mkt,14,5,197,11,3,mom
2011-07-01_to_2014-07-01,2011-07-01,2014-07-01,"hml,smb,mom",mkt,14,5,197,11,4,mom
2011-07-01_to_2014-07-01,2011-07-01,2014-07-01,"hml,smb,mom",mkt,14,5,197,11,5,hml
2011-07-01_to_2014-07-01,2011-07-01,2014-07-01,"hml,smb,mom",mkt,14,5,197,11,6,mom
2011-07-01_to_2014-07-01,2011-07-01,2014-07-01,"hml,smb,mom",mkt,14,5,197,11,7,smb
2011-07-01_to_2014-07-01,2011-07-01,2014-07-01,"hml,smb,mom",mkt,14,5,197,11,8,hml
2011-07-01_to_2014-07-01,2011-07-01,2014-07-01,"hml,smb,mom",mkt,14,5,197,11,9,hml
2011-07-01_to_2014-07-01,2011-07-01,2014-07-01,"hml,smb,mom",mkt,14,5,197,11,10,hml
2011-07-01_to_2014-07-01,2011-07-01,2014-07-01,"hml,smb,mom",mkt,14,5,197,11,11,hml
2011-07-01_to_2014-07-01,2011-07-01,2014-07-01,"hml,smb,mom",mkt,14,5,198,11,1,mom
2011-07-01_to_2014-07-01,2011-07-01,2014-07-01,"hml,smb,mom",mkt,14,5,198,11,2,mom
2011-07-01_to_2014-07-01,2011-07-01,2014-07-01,"hml,smb,mom",mkt,14,5,198,11,3,mom
2011-07-01_to_2014-07-01,2011-07-01,2014-07-01,"hml,smb,mom",mkt,14,5,198,11,4,mom
2011-07-01_to_2014-07-01,2011-07-01,2014-07-01,"hml,smb,mom",mkt,14,5,198,11,5,hml
2011-07-01_to_2014-07-01,2011-07-01,2014-07-01,"hml,smb,mom",mkt,14,5,198,11,6,mom
2011-07-01_to_2014-07-01,2011-07-01,2014-07-01,"hml,smb,mom",mkt,14,5,198,11,7,smb
2011-07-01_to_2014-07-01,2011-07-01,2014-07-01,"hml,smb,mom",mkt,14,5,198,11,8,hml
2011-07-01_to_2014-07-01,2011-07-01,2014-07-01,"hml,smb,mom",mkt,14,5,198,11,9,hml
2011-07-01_to_2014-07-01,2011-07-01,2014-07-01,"hml,smb,mom",mkt,14,5,198,11,10,hml
2011-07-01_to_2014-07-01,2011-07-01,2014-07-01,"hml,smb,mom",mkt,14,5,198,11,11,hml
2011-07-01_to_2014-07-01,2011-07-01,2014-07-01,"hml,smb,mom",mkt,14,5,200,10,1,mom
2011-07-01_to_2014-07-01,2011-07-01,2014-07-01,"hml,smb,mom",mkt,14,5,200,10,2,mom
2011-07-01_to_2014-07-01,2011-07-01,2014-07-01,"hml,smb,mom",mkt,14,5,200,10,3,mom
2011-07-01_to_2014-07-01,2011-07-01,2014-07-01,"hml,smb,mom",mkt,14,5,200,10,4,mom
2011-07-01_to_2014-07-01,2011-07-01,2014-07-01,"hml,smb,mom",mkt,14,5,200,10,5,hml
2011-07-01_to_2014-07-01,2011-07-01,2014-07-01,"hml,smb,mom",mkt,14,5,200,10,6,mom
2011-07-01_to_2014-07-01,2011-07-01,2014-07-01,"hml,smb,mom",mkt,14,5,200,10,7,smb
2011-07-01_to_2014-07-01,2011-07-01,2014-07-01,"hml,smb,mom",mkt,14,5,200,10,8,hml
2011-07-01_to_2014-07-01,2011-07-01,2014-07-01,"hml,smb,mom",mkt,14,5,200,10,9,hml
2011-07-01_to_2014-07-01,2011-07-01,2014-07-01,"hml,smb,mom",mkt,14,5,200,10,10,hml
2011-07-01_to_2014-07-01,2011-07-01,2014-07-01,"hml,smb,mom",mkt,14,5,202,11,1,mom
2011-07-01_to_2014-07-01,2011-07-01,2014-07-01,"hml,smb,mom",mkt,14,5,202,11,2,mom
2011-07-01_to_2014-07-01,2011-07-01,2014-07-01,"hml,smb,mom",mkt,14,5,202,11,3,mom
2011-07-01_to_2014-07-01,2011-07-01,2014-07-01,"hml,smb,mom",mkt,14,5,202,11,4,mom
2011-07-01_to_2014-07-01,2011-07-01,2014-07-01,"hml,smb,mom",mkt,14,5,202,11,5,hml
2011-07-01_to_2014-07-01,2011-07-01,2014-07-01,"hml,smb,mom",mkt,14,5,202,11,6,mom
2011-07-01_to_2014-07-01,2011-07-01,2014-07-01,"hml,smb,mom",mkt,14,5,202,11,7,smb
2011-07-01_to_2014-07-01,2011-07-01,2014-07-01,"hml,smb,mom",mkt,14,5,202,11,8,hml
2011-07-01_to_2014-07-01,2011-07-01,2014-07-01,"hml,smb,mom",mkt,14,5,202,11,9,hml
2011-07-01_to_2014-07-01,2011-07-01,2014-07-01,"hml,smb,mom",mkt,14,5,202,11,10,hml
2011-07-01_to_2014-07-01,2011-07-01,2014-07-01,"hml,smb,mom",mkt,14,5,202,11,11,hml
2011-07-01_to_2014-07-01,2011-07-01,2014-07-01,"hml,smb,mom",mkt,14,5,203,11,1,mom
2011-07-01_to_2014-07-01,2011-07-01,2014-07-01,"hml,smb,mom",mkt,14,5,203,11,2,mom
2011-07-01_to_2014-07-01,2011-07-01,2014-07-01,"hml,smb,mom",mkt,14,5,203,11,3,mom
2011-07-01_to_2014-07-01,2011-07-01,2014-07-01,"hml,smb,mom",mkt,14,5,203,11,4,mom
2011-07-01_to_2014-07-01,2011-07-01,2014-07-01,"hml,smb,mom",mkt,14,5,203,11,5,hml
2011-07-01_to_2014-07-01,2011-07-01,2014-07-01,"hml,smb,mom",mkt,14,5,203,11,6,mom
2011-07-01_to_2014-07-01,2011-07-01,2014-07-01,"hml,smb,mom",mkt,14,5,203,11,7,smb
2011-07-01_to_2014-07-01,2011-07-01,2014-07-01,"hml,smb,mom",mkt,14,5,203,11,8,hml
2011-07-01_to_2014-07-01,2011-07-01,2014-07-01,"hml,smb,mom",mkt,14,5,203,11,9,hml
2011-07-01_to_2014-07-01,2011-07-01,2014-07-01,"hml,smb,mom",mkt,14,5,203,11,10,hml
2011-07-01_to_2014-07-01,2011-07-01,2014-07-01,"hml,smb,mom",mkt,14,5,203,11,11,hml
2011-07-01_to_2014-07-01,2011-07-01,2014-07-01,"hml,smb,mom",mkt,14,5,205,7,1,mom
2011-07-01_to_2014-07-01,2011-07-01,2014-07-01,"hml,smb,mom",mkt,14,5,205,7,2,mom
2011-07-01_to_2014-07-01,2011-07-01,2014-07-01,"hml,smb,mom",mkt,14,5,205,7,3,mom
2011-07-01_to_2014-07-01,2011-07-01,2014-07-01,"hml,smb,mom",mkt,14,5,205,7,4,mom
2011-07-01_to_2014-07-01,2011-07-01,2014-07-01,"hml,smb,mom",mkt,14,5,205,7,5,hml
2011-07-01_to_2014-07-01,2011-07-01,2014-07-01,"hml,smb,mom",mkt,14,5,205,7,6,mom
2011-07-01_to_2014-07-01,2011-07-01,2014-07-01,"hml,smb,mom",mkt,14,5,205,7,7,smb
2011-07-01_to_2014-07-01,2011-07-01,2014-07-01,"hml,smb,mom",mkt,14,5,207,8,1,mom
2011-07-01_to_2014-07-01,2011-07-01,2014-07-01,"hml,smb,mom",mkt,14,5,207,8,2,mom
2011-07-01_to_2014-07-01,2011-07-01,2014-07-01,"hml,smb,mom",mkt,14,5,207,8,3,mom
2011-07-01_to_2014-07-01,2011-07-01,2014-07-01,"hml,smb,mom",mkt,14,5,207,8,4,mom
2011-07-01_to_2014-07-01,2011-07-01,2014-07-01,"hml,smb,mom",mkt,14,5,207,8,5,hml
2011-07-01_to_2014-07-01,2011-07-01,2014-07-01,"hml,smb,mom",mkt,14,5,207,8,6,mom
2011-07-01_to_2014-07-01,2011-07-01,2014-07-01,"hml,smb,mom",mkt,14,5,207,8,7,smb
2011-07-01_to_2014-07-01,2011-07-01,2014-07-01,"hml,smb,mom",mkt,14,5,207,8,8,hml
2011-07-01_to_2014-07-01,2011-07-01,2014-07-01,"hml,smb,mom",mkt,14,5,210,10,1,mom
2011-07-01_to_2014-07-01,2011-07-01,2014-07-01,"hml,smb,mom",mkt,14,5,210,10,2,mom
2011-07-01_to_2014-07-01,2011-07-01,2014-07-01,"hml,smb,mom",mkt,14,5,210,10,3,mom
2011-07-01_to_2014-07-01,2011-07-01,2014-07-01,"hml,smb,mom",mkt,14,5,210,10,4,mom
2011-07-01_to_2014-07-01,2011-07-01,2014-07-01,"hml,smb,mom",mkt,14,5,210,10,5,hml
2011-07-01_to_2014-07-01,2011-07-01,2014-07-01,"hml,smb,mom",mkt,14,5,210,10,6,mom
2011-07-01_to_2014-07-01,2011-07-01,2014-07-01,"hml,smb,mom",mkt,14,5,210,10,7,smb
2011-07-01_to_2014-07-01,2011-07-01,2014-07-01,"hml,smb,mom",mkt,14,5,210,10,8,hml
2011-07-01_to_2014-07-01,2011-07-01,2014-07-01,"hml,smb,mom",mkt,14,5,210,10,9,hml
2011-07-01_to_2014-07-01,2011-07-01,2014-07-01,"hml,smb,mom",mkt,14,5,210,10,10,smb
2011-07-01_to_2014-07-01,2011-07-01,2014-07-01,"hml,smb,mom",mkt,14,5,213,12,1,mom
2011-07-01_to_2014-07-01,2011-07-01,2014-07-01,"hml,smb,mom",mkt,14,5,213,12,2,mom
2011-07-01_to_2014-07-01,2011-07-01,2014-07-01,"hml,smb,mom",mkt,14,5,213,12,3,mom
2011-07-01_to_2014-07-01,2011-07-01,2014-07-01,"hml,smb,mom",mkt,14,5,213,12,4,mom
2011-07-01_to_2014-07-01,2011-07-01,2014-07-01,"hml,smb,mom",mkt,14,5,213,12,5,hml
2011-07-01_to_2014-07-01,2011-07-01,2014-07-01,"hml,smb,mom",mkt,14,5,213,12,6,mom
2011-07-01_to_2014-07-01,2011-07-01,2014-07-01,"hml,smb,mom",mkt,14,5,213,12,7,smb
2011-07-01_to_2014-07-01,2011-07-01,2014-07-01,"hml,smb,mom",mkt,14,5,213,12,8,hml
2011-07-01_to_2014-07-01,2011-07-01,2014-07-01,"hml,smb,mom",mkt,14,5,213,12,9,hml
2011-07-01_to_2014-07-01,2011-07-01,2014-07-01,"hml,smb,mom",mkt,14,5,213,12,10,smb
2011-07-01_to_2014-07-01,2011-07-01,2014-07-01,"hml,smb,mom",mkt,14,5,213,12,11,mom
2011-07-01_to_2014-07-01,2011-07-01,2014-07-01,"hml,smb,mom",mkt,14,5,213,12,12,hml
2011-07-01_to_2014-07-01,2011-07-01,2014-07-01,"hml,smb,mom",mkt,14,5,214,12,1,mom
2011-07-01_to_2014-07-01,2011-07-01,2014-07-01,"hml,smb,mom",mkt,14,5,214,12,2,mom
2011-07-01_to_2014-07-01,2011-07-01,2014-07-01,"hml,smb,mom",mkt,14,5,214,12,3,mom
2011-07-01_to_2014-07-01,2011-07-01,2014-07-01,"hml,smb,mom",mkt,14,5,214,12,4,mom
2011-07-01_to_2014-07-01,2011-07-01,2014-07-01,"hml,smb,mom",mkt,14,5,214,12,5,hml
2011-07-01_to_2014-07-01,2011-07-01,2014-07-01,"hml,smb,mom",mkt,14,5,214,12,6,mom
2011-07-01_to_2014-07-01,2011-07-01,2014-07-01,"hml,smb,mom",mkt,14,5,214,12,7,smb
2011-07-01_to_2014-07-01,2011-07-01,2014-07-01,"hml,smb,mom",mkt,14,5,214,12,8,hml
2011-07-01_to_2014-07-01,2011-07-01,2014-07-01,"hml,smb,mom",mkt,14,5,214,12,9,hml
2011-07-01_to_2014-07-01,2011-07-01,2014-07-01,"hml,smb,mom",mkt,14,5,214,12,10,smb
2011-07-01_to_2014-07-01,2011-07-01,2014-07-01,"hml,smb,mom",mkt,14,5,214,12,11,mom
2011-07-01_to_2014-07-01,2011-07-01,2014-07-01,"hml,smb,mom",mkt,14,5,214,12,12,hml
2011-07-01_to_2014-07-01,2011-07-01,2014-07-01,"hml,smb,mom",mkt,14,5,215,11,1,mom
2011-07-01_to_2014-07-01,2011-07-01,2014-07-01,"hml,smb,mom",mkt,14,5,215,11,2,mom
2011-07-01_to_2014-07-01,2011-07-01,2014-07-01,"hml,smb,mom",mkt,14,5,215,11,3,mom
2011-07-01_to_2014-07-01,2011-07-01,2014-07-01,"hml,smb,mom",mkt,14,5,215,11,4,mom
2011-07-01_to_2014-07-01,2011-07-01,2014-07-01,"hml,smb,mom",mkt,14,5,215,11,5,hml
2011-07-01_to_2014-07-01,2011-07-01,2014-07-01,"hml,smb,mom",mkt,14,5,215,11,6,mom
2011-07-01_to_2014-07-01,2011-07-01,2014-07-01,"hml,smb,mom",mkt,14,5,215,11,7,smb
2011-07-01_to_2014-07-01,2011-07-01,2014-07-01,"hml,smb,mom",mkt,14,5,215,11,8,hml
2011-07-01_to_2014-07-01,2011-07-01,2014-07-01,"hml,smb,mom",mkt,14,5,215,11,9,hml
2011-07-01_to_2014-07-01,2011-07-01,2014-07-01,"hml,smb,mom",mkt,14,5,215,11,10,smb
2011-07-01_to_2014-07-01,2011-07-01,2014-07-01,"hml,smb,mom",mkt,14,5,215,11,11,mom
2011-07-01_to_2014-07-01,2011-07-01,2014-07-01,"hml,smb,mom",mkt,14,5,216,9,1,mom
2011-07-01_to_2014-07-01,2011-07-01,2014-07-01,"hml,smb,mom",mkt,14,5,216,9,2,mom
2011-07-01_to_2014-07-01,2011-07-01,2014-07-01,"hml,smb,mom",mkt,14,5,216,9,3,mom
2011-07-01_to_2014-07-01,2011-07-01,2014-07-01,"hml,smb,mom",mkt,14,5,216,9,4,mom
2011-07-01_to_2014-07-01,2011-07-01,2014-07-01,"hml,smb,mom",mkt,14,5,216,9,5,hml
2011-07-01_to_2014-07-01,2011-07-01,2014-07-01,"hml,smb,mom",mkt,14,5,216,9,6,mom
2011-07-01_to_2014-07-01,2011-07-01,2014-07-01,"hml,smb,mom",mkt,14,5,216,9,7,smb
2011-07-01_to_2014-07-01,2011-07-01,2014-07-01,"hml,smb,mom",mkt,14,5,216,9,8,hml
2011-07-01_to_2014-07-01,2011-07-01,2014-07-01,"hml,smb,mom",mkt,14,5,216,9,9,hml
2011-07-01_to_2014-07-01,2011-07-01,2014-07-01,"hml,smb,mom",mkt,14,5,218,6,1,mom
2011-07-01_to_2014-07-01,2011-07-01,2014-07-01,"hml,smb,mom",mkt,14,5,218,6,2,mom
2011-07-01_to_2014-07-01,2011-07-01,2014-07-01,"hml,smb,mom",mkt,14,5,218,6,3,mom
2011-07-01_to_2014-07-01,2011-07-01,2014-07-01,"hml,smb,mom",mkt,14,5,218,6,4,mom
2011-07-01_to_2014-07-01,2011-07-01,2014-07-01,"hml,smb,mom",mkt,14,5,218,6,5,hml
2011-07-01_to_2014-07-01,2011-07-01,2014-07-01,"hml,smb,mom",mkt,14,5,218,6,6,mom
2011-07-01_to_2014-07-01,2011-07-01,2014-07-01,"hml,smb,mom",mkt,14,5,220,7,1,mom
2011-07-01_to_2014-07-01,2011-07-01,2014-07-01,"hml,smb,mom",mkt,14,5,220,7,2,mom
2011-07-01_to_2014-07-01,2011-07-01,2014-07-01,"hml,smb,mom",mkt,14,5,220,7,3,mom
2011-07-01_to_2014-07-01,2011-07-01,2014-07-01,"hml,smb,mom",mkt,14,5,220,7,4,mom
2011-07-01_to_2014-07-01,2011-07-01,2014-07-01,"hml,smb,mom",mkt,14,5,220,7,5,hml
2011-07-01_to_2014-07-01,2011-07-01,2014-07-01,"hml,smb,mom",mkt,14,5,220,7,6,mom
2011-07-01_to_2014-07-01,2011-07-01,2014-07-01,"hml,smb,mom",mkt,14,5,220,7,7,smb
2011-07-01_to_2014-07-01,2011-07-01,2014-07-01,"hml,smb,mom",mkt,14,5,221,7,1,mom
2011-07-01_to_2014-07-01,2011-07-01,2014-07-01,"hml,smb,mom",mkt,14,5,221,7,2,mom
2011-07-01_to_2014-07-01,2011-07-01,2014-07-01,"hml,smb,mom",mkt,14,5,221,7,3,mom
2011-07-01_to_2014-07-01,2011-07-01,2014-07-01,"hml,smb,mom",mkt,14,5,221,7,4,mom
2011-07-01_to_2014-07-01,2011-07-01,2014-07-01,"hml,smb,mom",mkt,14,5,221,7,5,hml
2011-07-01_to_2014-07-01,2011-07-01,2014-07-01,"hml,smb,mom",mkt,14,5,221,7,6,mom
2011-07-01_to_2014-07-01,2011-07-01,2014-07-01,"hml,smb,mom",mkt,14,5,221,7,7,smb
2011-07-01_to_2014-07-01,2011-07-01,2014-07-01,"hml,smb,mom",mkt,14,5,227,6,1,mom
2011-07-01_to_2014-07-01,2011-07-01,2014-07-01,"hml,smb,mom",mkt,14,5,227,6,2,mom
2011-07-01_to_2014-07-01,2011-07-01,2014-07-01,"hml,smb,mom",mkt,14,5,227,6,3,mom
2011-07-01_to_2014-07-01,2011-07-01,2014-07-01,"hml,smb,mom",mkt,14,5,227,6,4,mom
2011-07-01_to_2014-07-01,2011-07-01,2014-07-01,"hml,smb,mom",mkt,14,5,227,6,5,smb
2011-07-01_to_2014-07-01,2011-07-01,2014-07-01,"hml,smb,mom",mkt,14,5,227,6,6,hml
2011-07-01_to_2014-07-01,2011-07-01,2014-07-01,"hml,smb,mom",mkt,14,5,228,6,1,mom
2011-07-01_to_2014-07-01,2011-07-01,2014-07-01,"hml,smb,mom",mkt,14,5,228,6,2,mom
2011-07-01_to_2014-07-01,2011-07-01,2014-07-01,"hml,smb,mom",mkt,14,5,228,6,3,mom
2011-07-01_to_2014-07-01,2011-07-01,2014-07-01,"hml,smb,mom",mkt,14,5,228,6,4,mom
2011-07-01_to_2014-07-01,2011-07-01,2014-07-01,"hml,smb,mom",mkt,14,5,228,6,5,smb
2011-07-01_to_2014-07-01,2011-07-01,2014-07-01,"hml,smb,mom",mkt,14,5,228,6,6,hml
2011-07-01_to_2014-07-01,2011-07-01,2014-07-01,"hml,smb,mom",mkt,14,5,231,7,1,mom
2011-07-01_to_2014-07-01,2011-07-01,2014-07-01,"hml,smb,mom",mkt,14,5,231,7,2,mom
2011-07-01_to_2014-07-01,2011-07-01,2014-07-01,"hml,smb,mom",mkt,14,5,231,7,3,mom
2011-07-01_to_2014-07-01,2011-07-01,2014-07-01,"hml,smb,mom",mkt,14,5,231,7,4,mom
2011-07-01_to_2014-07-01,2011-07-01,2014-07-01,"hml,smb,mom",mkt,14,5,231,7,5,smb
2011-07-01_to_2014-07-01,2011-07-01,2014-07-01,"hml,smb,mom",mkt,14,5,231,7,6,mom
2011-07-01_to_2014-07-01,2011-07-01,2014-07-01,"hml,smb,mom",mkt,14,5,231,7,7,hml
2011-07-01_to_2014-07-01,2011-07-01,2014-07-01,"hml,smb,mom",mkt,14,5,235,10,1,mom
2011-07-01_to_2014-07-01,2011-07-01,2014-07-01,"hml,smb,mom",mkt,14,5,235,10,2,mom
2011-07-01_to_2014-07-01,2011-07-01,2014-07-01,"hml,smb,mom",mkt,14,5,235,10,3,mom
2011-07-01_to_2014-07-01,2011-07-01,2014-07-01,"hml,smb,mom",mkt,14,5,235,10,4,mom
2011-07-01_to_2014-07-01,2011-07-01,2014-07-01,"hml,smb,mom",mkt,14,5,235,10,5,smb
2011-07-01_to_2014-07-01,2011-07-01,2014-07-01,"hml,smb,mom",mkt,14,5,235,10,6,mom
2011-07-01_to_2014-07-01,2011-07-01,2014-07-01,"hml,smb,mom",mkt,14,5,235,10,7,hml
2011-07-01_to_2014-07-01,2011-07-01,2014-07-01,"hml,smb,mom",mkt,14,5,235,10,8,smb
2011-07-01_to_2014-07-01,2011-07-01,2014-07-01,"hml,smb,mom",mkt,14,5,235,10,9,smb
2011-07-01_to_2014-07-01,2011-07-01,2014-07-01,"hml,smb,mom",mkt,14,5,235,10,10,smb
2011-07-01_to_2014-07-01,2011-07-01,2014-07-01,"hml,smb,mom",mkt,14,5,239,13,1,mom
2011-07-01_to_2014-07-01,2011-07-01,2014-07-01,"hml,smb,mom",mkt,14,5,239,13,2,mom
2011-07-01_to_2014-07-01,2011-07-01,2014-07-01,"hml,smb,mom",mkt,14,5,239,13,3,mom
2011-07-01_to_2014-07-01,2011-07-01,2014-07-01,"hml,smb,mom",mkt,14,5,239,13,4,mom
2011-07-01_to_2014-07-01,2011-07-01,2014-07-01,"hml,smb,mom",mkt,14,5,239,13,5,smb
2011-07-01_to_2014-07-01,2011-07-01,2014-07-01,"hml,smb,mom",mkt,14,5,239,13,6,mom
2011-07-01_to_2014-07-01,2011-07-01,2014-07-01,"hml,smb,mom",mkt,14,5,239,13,7,hml
2011-07-01_to_2014-07-01,2011-07-01,2014-07-01,"hml,smb,mom",mkt,14,5,239,13,8,smb
2011-07-01_to_2014-07-01,2011-07-01,2014-07-01,"hml,smb,mom",mkt,14,5,239,13,9,smb
2011-07-01_to_2014-07-01,2011-07-01,2014-07-01,"hml,smb,mom",mkt,14,5,239,13,10,smb
2011-07-01_to_2014-07-01,2011-07-01,2014-07-01,"hml,smb,mom",mkt,14,5,239,13,11,hml
2011-07-01_to_2014-07-01,2011-07-01,2014-07-01,"hml,smb,mom",mkt,14,5,239,13,12,smb
2011-07-01_to_2014-07-01,2011-07-01,2014-07-01,"hml,smb,mom",mkt,14,5,239,13,13,hml
2011-07-01_to_2014-07-01,2011-07-01,2014-07-01,"hml,smb,mom",mkt,14,5,241,14,1,mom
2011-07-01_to_2014-07-01,2011-07-01,2014-07-01,"hml,smb,mom",mkt,14,5,241,14,2,mom
2011-07-01_to_2014-07-01,2011-07-01,2014-07-01,"hml,smb,mom",mkt,14,5,241,14,3,mom
2011-07-01_to_2014-07-01,2011-07-01,2014-07-01,"hml,smb,mom",mkt,14,5,241,14,4,mom
2011-07-01_to_2014-07-01,2011-07-01,2014-07-01,"hml,smb,mom",mkt,14,5,241,14,5,smb
2011-07-01_to_2014-07-01,2011-07-01,2014-07-01,"hml,smb,mom",mkt,14,5,241,14,6,mom
2011-07-01_to_2014-07-01,2011-07-01,2014-07-01,"hml,smb,mom",mkt,14,5,241,14,7,hml
2011-07-01_to_2014-07-01,2011-07-01,2014-07-01,"hml,smb,mom",mkt,14,5,241,14,8,smb
2011-07-01_to_2014-07-01,2011-07-01,2014-07-01,"hml,smb,mom",mkt,14,5,241,14,9,smb
2011-07-01_to_2014-07-01,2011-07-01,2014-07-01,"hml,smb,mom",mkt,14,5,241,14,10,smb
2011-07-01_to_2014-07-01,2011-07-01,2014-07-01,"hml,smb,mom",mkt,14,5,241,14,11,hml
2011-07-01_to_2014-07-01,2011-07-01,2014-07-01,"hml,smb,mom",mkt,14,5,241,14,12,smb
2011-07-01_to_2014-07-01,2011-07-01,2014-07-01,"hml,smb,mom",mkt,14,5,241,14,13,hml
2011-07-01_to_2014-07-01,2011-07-01,2014-07-01,"hml,smb,mom",mkt,14,5,241,14,14,hml
2011-07-01_to_2014-07-01,2011-07-01,2014-07-01,"hml,smb,mom",mkt,14,5,242,14,1,mom
2011-07-01_to_2014-07-01,2011-07-01,2014-07-01,"hml,smb,mom",mkt,14,5,242,14,2,mom
2011-07-01_to_2014-07-01,2011-07-01,2014-07-01,"hml,smb,mom",mkt,14,5,242,14,3,mom
2011-07-01_to_2014-07-01,2011-07-01,2014-07-01,"hml,smb,mom",mkt,14,5,242,14,4,mom
2011-07-01_to_2014-07-01,2011-07-01,2014-07-01,"hml,smb,mom",mkt,14,5,242,14,5,smb
2011-07-01_to_2014-07-01,2011-07-01,2014-07-01,"hml,smb,mom",mkt,14,5,242,14,6,mom
2011-07-01_to_2014-07-01,2011-07-01,2014-07-01,"hml,smb,mom",mkt,14,5,242,14,7,hml
2011-07-01_to_2014-07-01,2011-07-01,2014-07-01,"hml,smb,mom",mkt,14,5,242,14,8,smb
2011-07-01_to_2014-07-01,2011-07-01,2014-07-01,"hml,smb,mom",mkt,14,5,242,14,9,smb
2011-07-01_to_2014-07-01,2011-07-01,2014-07-01,"hml,smb,mom",mkt,14,5,242,14,10,smb
2011-07-01_to_2014-07-01,2011-07-01,2014-07-01,"hml,smb,mom",mkt,14,5,242,14,11,hml
2011-07-01_to_2014-07-01,2011-07-01,2014-07-01,"hml,smb,mom",mkt,14,5,242,14,12,smb
2011-07-01_to_2014-07-01,2011-07-01,2014-07-01,"hml,smb,mom",mkt,14,5,242,14,13,hml
2011-07-01_to_2014-07-01,2011-07-01,2014-07-01,"hml,smb,mom",mkt,14,5,242,14,14,hml
2011-07-01_to_2014-07-01,2011-07-01,2014-07-01,"hml,smb,mom",mkt,14,5,244,13,1,mom
2011-07-01_to_2014-07-01,2011-07-01,2014-07-01,"hml,smb,mom",mkt,14,5,244,13,2,mom
2011-07-01_to_2014-07-01,2011-07-01,2014-07-01,"hml,smb,mom",mkt,14,5,244,13,3,mom
2011-07-01_to_2014-07-01,2011-07-01,2014-07-01,"hml,smb,mom",mkt,14,5,244,13,4,mom
2011-07-01_to_2014-07-01,2011-07-01,2014-07-01,"hml,smb,mom",mkt,14,5,244,13,5,smb
2011-07-01_to_2014-07-01,2011-07-01,2014-07-01,"hml,smb,mom",mkt,14,5,244,13,6,mom
2011-07-01_to_2014-07-01,2011-07-01,2014-07-01,"hml,smb,mom",mkt,14,5,244,13,7,hml
2011-07-01_to_2014-07-01,2011-07-01,2014-07-01,"hml,smb,mom",mkt,14,5,244,13,8,smb
2011-07-01_to_2014-07-01,2011-07-01,2014-07-01,"hml,smb,mom",mkt,14,5,244,13,9,smb
2011-07-01_to_2014-07-01,2011-07-01,2014-07-01,"hml,smb,mom",mkt,14,5,244,13,10,smb
2011-07-01_to_2014-07-01,2011-07-01,2014-07-01,"hml,smb,mom",mkt,14,5,244,13,11,hml
2011-07-01_to_2014-07-01,2011-07-01,2014-07-01,"hml,smb,mom",mkt,14,5,244,13,12,smb
2011-07-01_to_2014-07-01,2011-07-01,2014-07-01,"hml,smb,mom",mkt,14,5,244,13,13,hml
2011-07-01_to_2014-07-01,2011-07-01,2014-07-01,"hml,smb,mom",mkt,14,5,245,13,1,mom
2011-07-01_to_2014-07-01,2011-07-01,2014-07-01,"hml,smb,mom",mkt,14,5,245,13,2,mom
2011-07-01_to_2014-07-01,2011-07-01,2014-07-01,"hml,smb,mom",mkt,14,5,245,13,3,mom
2011-07-01_to_2014-07-01,2011-07-01,2014-07-01,"hml,smb,mom",mkt,14,5,245,13,4,mom
2011-07-01_to_2014-07-01,2011-07-01,2014-07-01,"hml,smb,mom",mkt,14,5,245,13,5,smb
2011-07-01_to_2014-07-01,2011-07-01,2014-07-01,"hml,smb,mom",mkt,14,5,245,13,6,mom
2011-07-01_to_2014-07-01,2011-07-01,2014-07-01,"hml,smb,mom",mkt,14,5,245,13,7,hml
2011-07-01_to_2014-07-01,2011-07-01,2014-07-01,"hml,smb,mom",mkt,14,5,245,13,8,smb
2011-07-01_to_2014-07-01,2011-07-01,2014-07-01,"hml,smb,mom",mkt,14,5,245,13,9,smb
2011-07-01_to_2014-07-01,2011-07-01,2014-07-01,"hml,smb,mom",mkt,14,5,245,13,10,smb
2011-07-01_to_2014-07-01,2011-07-01,2014-07-01,"hml,smb,mom",mkt,14,5,245,13,11,hml
2011-07-01_to_2014-07-01,2011-07-01,2014-07-01,"hml,smb,mom",mkt,14,5,245,13,12,smb
2011-07-01_to_2014-07-01,2011-07-01,2014-07-01,"hml,smb,mom",mkt,14,5,245,13,13,hml
2011-07-01_to_2014-07-01,2011-07-01,2014-07-01,"hml,smb,mom",mkt,14,5,247,12,1,mom
2011-07-01_to_2014-07-01,2011-07-01,2014-07-01,"hml,smb,mom",mkt,14,5,247,12,2,mom
2011-07-01_to_2014-07-01,2011-07-01,2014-07-01,"hml,smb,mom",mkt,14,5,247,12,3,mom
2011-07-01_to_2014-07-01,2011-07-01,2014-07-01,"hml,smb,mom",mkt,14,5,247,12,4,mom
2011-07-01_to_2014-07-01,2011-07-01,2014-07-01,"hml,smb,mom",mkt,14,5,247,12,5,smb
2011-07-01_to_2014-07-01,2011-07-01,2014-07-01,"hml,smb,mom",mkt,14,5,247,12,6,mom
2011-07-01_to_2014-07-01,2011-07-01,2014-07-01,"hml,smb,mom",mkt,14,5,247,12,7,hml
2011-07-01_to_2014-07-01,2011-07-01,2014-07-01,"hml,smb,mom",mkt,14,5,247,12,8,smb
2011-07-01_to_2014-07-01,2011-07-01,2014-07-01,"hml,smb,mom",mkt,14,5,247,12,9,smb
2011-07-01_to_2014-07-01,2011-07-01,2014-07-01,"hml,smb,mom",mkt,14,5,247,12,10,smb
2011-07-01_to_2014-07-01,2011-07-01,2014-07-01,"hml,smb,mom",mkt,14,5,247,12,11,hml
2011-07-01_to_2014-07-01,2011-07-01,2014-07-01,"hml,smb,mom",mkt,14,5,247,12,12,mom
2011-07-01_to_2014-07-01,2011-07-01,2014-07-01,"hml,smb,mom",mkt,14,5,248,12,1,mom
2011-07-01_to_2014-07-01,2011-07-01,2014-07-01,"hml,smb,mom",mkt,14,5,248,12,2,mom
2011-07-01_to_2014-07-01,2011-07-01,2014-07-01,"hml,smb,mom",mkt,14,5,248,12,3,mom
2011-07-01_to_2014-07-01,2011-07-01,2014-07-01,"hml,smb,mom",mkt,14,5,248,12,4,mom
2011-07-01_to_2014-07-01,2011-07-01,2014-07-01,"hml,smb,mom",mkt,14,5,248,12,5,smb
2011-07-01_to_2014-07-01,2011-07-01,2014-07-01,"hml,smb,mom",mkt,14,5,248,12,6,mom
2011-07-01_to_2014-07-01,2011-07-01,2014-07-01,"hml,smb,mom",mkt,14,5,248,12,7,hml
2011-07-01_to_2014-07-01,2011-07-01,2014-07-01,"hml,smb,mom",mkt,14,5,248,12,8,smb
2011-07-01_to_2014-07-01,2011-07-01,2014-07-01,"hml,smb,mom",mkt,14,5,248,12,9,smb
2011-07-01_to_2014-07-01,2011-07-01,2014-07-01,"hml,smb,mom",mkt,14,5,248,12,10,smb
2011-07-01_to_2014-07-01,2011-07-01,2014-07-01,"hml,smb,mom",mkt,14,5,248,12,11,hml
2011-07-01_to_2014-07-01,2011-07-01,2014-07-01,"hml,smb,mom",mkt,14,5,248,12,12,mom
2011-07-01_to_2014-07-01,2011-07-01,2014-07-01,"hml,smb,mom",mkt,14,5,249,9,1,mom
2011-07-01_to_2014-07-01,2011-07-01,2014-07-01,"hml,smb,mom",mkt,14,5,249,9,2,mom
2011-07-01_to_2014-07-01,2011-07-01,2014-07-01,"hml,smb,mom",mkt,14,5,249,9,3,mom
2011-07-01_to_2014-07-01,2011-07-01,2014-07-01,"hml,smb,mom",mkt,14,5,249,9,4,mom
2011-07-01_to_2014-07-01,2011-07-01,2014-07-01,"hml,smb,mom",mkt,14,5,249,9,5,smb
2011-07-01_to_2014-07-01,2011-07-01,2014-07-01,"hml,smb,mom",mkt,14,5,249,9,6,mom
2011-07-01_to_2014-07-01,2011-07-01,2014-07-01,"hml,smb,mom",mkt,14,5,249,9,7,hml
2011-07-01_to_2014-07-01,2011-07-01,2014-07-01,"hml,smb,mom",mkt,14,5,249,9,8,smb
2011-07-01_to_2014-07-01,2011-07-01,2014-07-01,"hml,smb,mom",mkt,14,5,249,9,9,smb
2011-07-01_to_2014-07-01,2011-07-01,2014-07-01,"hml,smb,mom",mkt,14,5,251,9,1,mom
2011-07-01_to_2014-07-01,2011-07-01,2014-07-01,"hml,smb,mom",mkt,14,5,251,9,2,mom
2011-07-01_to_2014-07-01,2011-07-01,2014-07-01,"hml,smb,mom",mkt,14,5,251,9,3,mom
2011-07-01_to_2014-07-01,2011-07-01,2014-07-01,"hml,smb,mom",mkt,14,5,251,9,4,mom
2011-07-01_to_2014-07-01,2011-07-01,2014-07-01,"hml,smb,mom",mkt,14,5,251,9,5,smb
2011-07-01_to_2014-07-01,2011-07-01,2014-07-01,"hml,smb,mom",mkt,14,5,251,9,6,mom
2011-07-01_to_2014-07-01,2011-07-01,2014-07-01,"hml,smb,mom",mkt,14,5,251,9,7,hml
2011-07-01_to_2014-07-01,2011-07-01,2014-07-01,"hml,smb,mom",mkt,14,5,251,9,8,smb
2011-07-01_to_2014-07-01,2011-07-01,2014-07-01,"hml,smb,mom",mkt,14,5,251,9,9,smb
2011-07-01_to_2014-07-01,2011-07-01,2014-07-01,"hml,smb,mom",mkt,14,5,253,10,1,mom
2011-07-01_to_2014-07-01,2011-07-01,2014-07-01,"hml,smb,mom",mkt,14,5,253,10,2,mom
2011-07-01_to_2014-07-01,2011-07-01,2014-07-01,"hml,smb,mom",mkt,14,5,253,10,3,mom
2011-07-01_to_2014-07-01,2011-07-01,2014-07-01,"hml,smb,mom",mkt,14,5,253,10,4,mom
2011-07-01_to_2014-07-01,2011-07-01,2014-07-01,"hml,smb,mom",mkt,14,5,253,10,5,smb
2011-07-01_to_2014-07-01,2011-07-01,2014-07-01,"hml,smb,mom",mkt,14,5,253,10,6,mom
2011-07-01_to_2014-07-01,2011-07-01,2014-07-01,"hml,smb,mom",mkt,14,5,253,10,7,hml
2011-07-01_to_2014-07-01,2011-07-01,2014-07-01,"hml,smb,mom",mkt,14,5,253,10,8,smb
2011-07-01_to_2014-07-01,2011-07-01,2014-07-01,"hml,smb,mom",mkt,14,5,253,10,9,smb
2011-07-01_to_2014-07-01,2011-07-01,2014-07-01,"hml,smb,mom",mkt,14,5,253,10,10,mom
2011-07-01_to_2014-07-01,2011-07-01,2014-07-01,"hml,smb,mom",mkt,14,5,254,10,1,mom
2011-07-01_to_2014-07-01,2011-07-01,2014-07-01,"hml,smb,mom",mkt,14,5,254,10,2,mom
2011-07-01_to_2014-07-01,2011-07-01,2014-07-01,"hml,smb,mom",mkt,14,5,254,10,3,mom
2011-07-01_to_2014-07-01,2011-07-01,2014-07-01,"hml,smb,mom",mkt,14,5,254,10,4,mom
2011-07-01_to_2014-07-01,2011-07-01,2014-07-01,"hml,smb,mom",mkt,14,5,254,10,5,smb
2011-07-01_to_2014-07-01,2011-07-01,2014-07-01,"hml,smb,mom",mkt,14,5,254,10,6,mom
2011-07-01_to_2014-07-01,2011-07-01,2014-07-01,"hml,smb,mom",mkt,14,5,254,10,7,hml
2011-07-01_to_2014-07-01,2011-07-01,2014-07-01,"hml,smb,mom",mkt,14,5,254,10,8,smb
2011-07-01_to_2014-07-01,2011-07-01,2014-07-01,"hml,smb,mom",mkt,14,5,254,10,9,smb
2011-07-01_to_2014-07-01,2011-07-01,2014-07-01,"hml,smb,mom",mkt,14,5,254,10,10,mom
2011-07-01_to_2014-07-01,2011-07-01,2014-07-01,"hml,smb,mom",mkt,14,5,258,9,1,mom
2011-07-01_to_2014-07-01,2011-07-01,2014-07-01,"hml,smb,mom",mkt,14,5,258,9,2,mom
2011-07-01_to_2014-07-01,2011-07-01,2014-07-01,"hml,smb,mom",mkt,14,5,258,9,3,mom
2011-07-01_to_2014-07-01,2011-07-01,2014-07-01,"hml,smb,mom",mkt,14,5,258,9,4,mom
2011-07-01_to_2014-07-01,2011-07-01,2014-07-01,"hml,smb,mom",mkt,14,5,258,9,5,smb
2011-07-01_to_2014-07-01,2011-07-01,2014-07-01,"hml,smb,mom",mkt,14,5,258,9,6,mom
2011-07-01_to_2014-07-01,2011-07-01,2014-07-01,"hml,smb,mom",mkt,14,5,258,9,7,mom
2011-07-01_to_2014-07-01,2011-07-01,2014-07-01,"hml,smb,mom",mkt,14,5,258,9,8,smb
2011-07-01_to_2014-07-01,2011-07-01,2014-07-01,"hml,smb,mom",mkt,14,5,258,9,9,hml
2011-07-01_to_2014-07-01,2011-07-01,2014-07-01,"hml,smb,mom",mkt,14,5,261,11,1,mom
2011-07-01_to_2014-07-01,2011-07-01,2014-07-01,"hml,smb,mom",mkt,14,5,261,11,2,mom
2011-07-01_to_2014-07-01,2011-07-01,2014-07-01,"hml,smb,mom",mkt,14,5,261,11,3,mom
2011-07-01_to_2014-07-01,2011-07-01,2014-07-01,"hml,smb,mom",mkt,14,5,261,11,4,mom
2011-07-01_to_2014-07-01,2011-07-01,2014-07-01,"hml,smb,mom",mkt,14,5,261,11,5,smb
2011-07-01_to_2014-07-01,2011-07-01,2014-07-01,"hml,smb,mom",mkt,14,5,261,11,6,mom
2011-07-01_to_2014-07-01,2011-07-01,2014-07-01,"hml,smb,mom",mkt,14,5,261,11,7,mom
2011-07-01_to_2014-07-01,2011-07-01,2014-07-01,"hml,smb,mom",mkt,14,5,261,11,8,smb
2011-07-01_to_2014-07-01,2011-07-01,2014-07-01,"hml,smb,mom",mkt,14,5,261,11,9,hml
2011-07-01_to_2014-07-01,2011-07-01,2014-07-01,"hml,smb,mom",mkt,14,5,261,11,10,hml
2011-07-01_to_2014-07-01,2011-07-01,2014-07-01,"hml,smb,mom",mkt,14,5,261,11,11,smb
2011-07-01_to_2014-07-01,2011-07-01,2014-07-01,"hml,smb,mom",mkt,14,5,262,11,1,mom
2011-07-01_to_2014-07-01,2011-07-01,2014-07-01,"hml,smb,mom",mkt,14,5,262,11,2,mom
2011-07-01_to_2014-07-01,2011-07-01,2014-07-01,"hml,smb,mom",mkt,14,5,262,11,3,mom
2011-07-01_to_2014-07-01,2011-07-01,2014-07-01,"hml,smb,mom",mkt,14,5,262,11,4,mom
2011-07-01_to_2014-07-01,2011-07-01,2014-07-01,"hml,smb,mom",mkt,14,5,262,11,5,smb
2011-07-01_to_2014-07-01,2011-07-01,2014-07-01,"hml,smb,mom",mkt,14,5,262,11,6,mom
2011-07-01_to_2014-07-01,2011-07-01,2014-07-01,"hml,smb,mom",mkt,14,5,262,11,7,mom
2011-07-01_to_2014-07-01,2011-07-01,2014-07-01,"hml,smb,mom",mkt,14,5,262,11,8,smb
2011-07-01_to_2014-07-01,2011-07-01,2014-07-01,"hml,smb,mom",mkt,14,5,262,11,9,hml
2011-07-01_to_2014-07-01,2011-07-01,2014-07-01,"hml,smb,mom",mkt,14,5,262,11,10,hml
2011-07-01_to_2014-07-01,2011-07-01,2014-07-01,"hml,smb,mom",mkt,14,5,262,11,11,smb
2011-07-01_to_2014-07-01,2011-07-01,2014-07-01,"hml,smb,mom",mkt,14,5,264,11,1,mom
2011-07-01_to_2014-07-01,2011-07-01,2014-07-01,"hml,smb,mom",mkt,14,5,264,11,2,mom
2011-07-01_to_2014-07-01,2011-07-01,2014-07-01,"hml,smb,mom",mkt,14,5,264,11,3,mom
2011-07-01_to_2014-07-01,2011-07-01,2014-07-01,"hml,smb,mom",mkt,14,5,264,11,4,mom
2011-07-01_to_2014-07-01,2011-07-01,2014-07-01,"hml,smb,mom",mkt,14,5,264,11,5,smb
2011-07-01_to_2014-07-01,2011-07-01,2014-07-01,"hml,smb,mom",mkt,14,5,264,11,6,mom
2011-07-01_to_2014-07-01,2011-07-01,2014-07-01,"hml,smb,mom",mkt,14,5,264,11,7,mom
2011-07-01_to_2014-07-01,2011-07-01,2014-07-01,"hml,smb,mom",mkt,14,5,264,11,8,smb
2011-07-01_to_2014-07-01,2011-07-01,2014-07-01,"hml,smb,mom",mkt,14,5,264,11,9,hml
2011-07-01_to_2014-07-01,2011-07-01,2014-07-01,"hml,smb,mom",mkt,14,5,264,11,10,hml
2011-07-01_to_2014-07-01,2011-07-01,2014-07-01,"hml,smb,mom",mkt,14,5,264,11,11,smb
2011-07-01_to_2014-07-01,2011-07-01,2014-07-01,"hml,smb,mom",mkt,14,5,265,11,1,mom
2011-07-01_to_2014-07-01,2011-07-01,2014-07-01,"hml,smb,mom",mkt,14,5,265,11,2,mom
2011-07-01_to_2014-07-01,2011-07-01,2014-07-01,"hml,smb,mom",mkt,14,5,265,11,3,mom
2011-07-01_to_2014-07-01,2011-07-01,2014-07-01,"hml,smb,mom",mkt,14,5,265,11,4,mom
2011-07-01_to_2014-07-01,2011-07-01,2014-07-01,"hml,smb,mom",mkt,14,5,265,11,5,smb
2011-07-01_to_2014-07-01,2011-07-01,2014-07-01,"hml,smb,mom",mkt,14,5,265,11,6,mom
2011-07-01_to_2014-07-01,2011-07-01,2014-07-01,"hml,smb,mom",mkt,14,5,265,11,7,mom
2011-07-01_to_2014-07-01,2011-07-01,2014-07-01,"hml,smb,mom",mkt,14,5,265,11,8,smb
2011-07-01_to_2014-07-01,2011-07-01,2014-07-01,"hml,smb,mom",mkt,14,5,265,11,9,hml
2011-07-01_to_2014-07-01,2011-07-01,2014-07-01,"hml,smb,mom",mkt,14,5,265,11,10,hml
2011-07-01_to_2014-07-01,2011-07-01,2014-07-01,"hml,smb,mom",mkt,14,5,265,11,11,smb
2011-07-01_to_2014-07-01,2011-07-01,2014-07-01,"hml,smb,mom",mkt,14,5,267,9,1,mom
2011-07-01_to_2014-07-01,2011-07-01,2014-07-01,"hml,smb,mom",mkt,14,5,267,9,2,mom
2011-07-01_to_2014-07-01,2011-07-01,2014-07-01,"hml,smb,mom",mkt,14,5,267,9,3,mom
2011-07-01_to_2014-07-01,2011-07-01,2014-07-01,"hml,smb,mom",mkt,14,5,267,9,4,mom
2011-07-01_to_2014-07-01,2011-07-01,2014-07-01,"hml,smb,mom",mkt,14,5,267,9,5,smb
2011-07-01_to_2014-07-01,2011-07-01,2014-07-01,"hml,smb,mom",mkt,14,5,267,9,6,mom
2011-07-01_to_2014-07-01,2011-07-01,2014-07-01,"hml,smb,mom",mkt,14,5,267,9,7,mom
2011-07-01_to_2014-07-01,2011-07-01,2014-07-01,"hml,smb,mom",mkt,14,5,267,9,8,smb
2011-07-01_to_2014-07-01,2011-07-01,2014-07-01,"hml,smb,mom",mkt,14,5,267,9,9,smb
2011-07-01_to_2014-07-01,2011-07-01,2014-07-01,"hml,smb,mom",mkt,14,5,268,9,1,mom
2011-07-01_to_2014-07-01,2011-07-01,2014-07-01,"hml,smb,mom",mkt,14,5,268,9,2,mom
2011-07-01_to_2014-07-01,2011-07-01,2014-07-01,"hml,smb,mom",mkt,14,5,268,9,3,mom
2011-07-01_to_2014-07-01,2011-07-01,2014-07-01,"hml,smb,mom",mkt,14,5,268,9,4,mom
2011-07-01_to_2014-07-01,2011-07-01,2014-07-01,"hml,smb,mom",mkt,14,5,268,9,5,smb
2011-07-01_to_2014-07-01,2011-07-01,2014-07-01,"hml,smb,mom",mkt,14,5,268,9,6,mom
2011-07-01_to_2014-07-01,2011-07-01,2014-07-01,"hml,smb,mom",mkt,14,5,268,9,7,mom
2011-07-01_to_2014-07-01,2011-07-01,2014-07-01,"hml,smb,mom",mkt,14,5,268,9,8,smb
2011-07-01_to_2014-07-01,2011-07-01,2014-07-01,"hml,smb,mom",mkt,14,5,268,9,9,smb
2011-07-01_to_2014-07-01,2011-07-01,2014-07-01,"hml,smb,mom",mkt,14,5,270,8,1,mom
2011-07-01_to_2014-07-01,2011-07-01,2014-07-01,"hml,smb,mom",mkt,14,5,270,8,2,mom
2011-07-01_to_2014-07-01,2011-07-01,2014-07-01,"hml,smb,mom",mkt,14,5,270,8,3,mom
2011-07-01_to_2014-07-01,2011-07-01,2014-07-01,"hml,smb,mom",mkt,14,5,270,8,4,mom
2011-07-01_to_2014-07-01,2011-07-01,2014-07-01,"hml,smb,mom",mkt,14,5,270,8,5,smb
2011-07-01_to_2014-07-01,2011-07-01,2014-07-01,"hml,smb,mom",mkt,14,5,270,8,6,mom
2011-07-01_to_2014-07-01,2011-07-01,2014-07-01,"hml,smb,mom",mkt,14,5,270,8,7,mom
2011-07-01_to_2014-07-01,2011-07-01,2014-07-01,"hml,smb,mom",mkt,14,5,270,8,8,smb
2011-07-01_to_2014-07-01,2011-07-01,2014-07-01,"hml,smb,mom",mkt,14,5,271,8,1,mom
2011-07-01_to_2014-07-01,2011-07-01,2014-07-01,"hml,smb,mom",mkt,14,5,271,8,2,mom
2011-07-01_to_2014-07-01,2011-07-01,2014-07-01,"hml,smb,mom",mkt,14,5,271,8,3,mom
2011-07-01_to_2014-07-01,2011-07-01,2014-07-01,"hml,smb,mom",mkt,14,5,271,8,4,mom
2011-07-01_to_2014-07-01,2011-07-01,2014-07-01,"hml,smb,mom",mkt,14,5,271,8,5,smb
2011-07-01_to_2014-07-01,2011-07-01,2014-07-01,"hml,smb,mom",mkt,14,5,271,8,6,mom
2011-07-01_to_2014-07-01,2011-07-01,2014-07-01,"hml,smb,mom",mkt,14,5,271,8,7,mom
2011-07-01_to_2014-07-01,2011-07-01,2014-07-01,"hml,smb,mom",mkt,14,5,271,8,8,smb
2011-07-01_to_2014-07-01,2011-07-01,2014-07-01,"hml,smb,mom",mkt,14,5,275,7,1,mom
2011-07-01_to_2014-07-01,2011-07-01,2014-07-01,"hml,smb,mom",mkt,14,5,275,7,2,mom
2011-07-01_to_2014-07-01,2011-07-01,2014-07-01,"hml,smb,mom",mkt,14,5,275,7,3,mom
2011-07-01_to_2014-07-01,2011-07-01,2014-07-01,"hml,smb,mom",mkt,14,5,275,7,4,mom
2011-07-01_to_2014-07-01,2011-07-01,2014-07-01,"hml,smb,mom",mkt,14,5,275,7,5,hml
2011-07-01_to_2014-07-01,2011-07-01,2014-07-01,"hml,smb,mom",mkt,14,5,275,7,6,hml
2011-07-01_to_2014-07-01,2011-07-01,2014-07-01,"hml,smb,mom",mkt,14,5,275,7,7,mom
2011-07-01_to_2014-07-01,2011-07-01,2014-07-01,"hml,smb,mom",mkt,14,5,276,7,1,mom
2011-07-01_to_2014-07-01,2011-07-01,2014-07-01,"hml,smb,mom",mkt,14,5,276,7,2,mom
2011-07-01_to_2014-07-01,2011-07-01,2014-07-01,"hml,smb,mom",mkt,14,5,276,7,3,mom
2011-07-01_to_2014-07-01,2011-07-01,2014-07-01,"hml,smb,mom",mkt,14,5,276,7,4,mom
2011-07-01_to_2014-07-01,2011-07-01,2014-07-01,"hml,smb,mom",mkt,14,5,276,7,5,hml
2011-07-01_to_2014-07-01,2011-07-01,2014-07-01,"hml,smb,mom",mkt,14,5,276,7,6,hml
2011-07-01_to_2014-07-01,2011-07-01,2014-07-01,"hml,smb,mom",mkt,14,5,276,7,7,mom
2011-07-01_to_2014-07-01,2011-07-01,2014-07-01,"hml,smb,mom",mkt,14,5,278,7,1,mom
2011-07-01_to_2014-07-01,2011-07-01,2014-07-01,"hml,smb,mom",mkt,14,5,278,7,2,mom
2011-07-01_to_2014-07-01,2011-07-01,2014-07-01,"hml,smb,mom",mkt,14,5,278,7,3,mom
2011-07-01_to_2014-07-01,2011-07-01,2014-07-01,"hml,smb,mom",mkt,14,5,278,7,4,mom
2011-07-01_to_2014-07-01,2011-07-01,2014-07-01,"hml,smb,mom",mkt,14,5,278,7,5,hml
2011-07-01_to_2014-07-01,2011-07-01,2014-07-01,"hml,smb,mom",mkt,14,5,278,7,6,hml
2011-07-01_to_2014-07-01,2011-07-01,2014-07-01,"hml,smb,mom",mkt,14,5,278,7,7,smb
2011-07-01_to_2014-07-01,2011-07-01,2014-07-01,"hml,smb,mom",mkt,14,5,279,7,1,mom
2011-07-01_to_2014-07-01,2011-07-01,2014-07-01,"hml,smb,mom",mkt,14,5,279,7,2,mom
2011-07-01_to_2014-07-01,2011-07-01,2014-07-01,"hml,smb,mom",mkt,14,5,279,7,3,mom
2011-07-01_to_2014-07-01,2011-07-01,2014-07-01,"hml,smb,mom",mkt,14,5,279,7,4,mom
2011-07-01_to_2014-07-01,2011-07-01,2014-07-01,"hml,smb,mom",mkt,14,5,279,7,5,hml
2011-07-01_to_2014-07-01,2011-07-01,2014-07-01,"hml,smb,mom",mkt,14,5,279,7,6,hml
2011-07-01_to_2014-07-01,2011-07-01,2014-07-01,"hml,smb,mom",mkt,14,5,279,7,7,smb
2011-07-01_to_2014-07-01,2011-07-01,2014-07-01,"hml,smb,mom",mkt,14,5,282,7,1,mom
2011-07-01_to_2014-07-01,2011-07-01,2014-07-01,"hml,smb,mom",mkt,14,5,282,7,2,mom
2011-07-01_to_2014-07-01,2011-07-01,2014-07-01,"hml,smb,mom",mkt,14,5,282,7,3,mom
2011-07-01_to_2014-07-01,2011-07-01,2014-07-01,"hml,smb,mom",mkt,14,5,282,7,4,mom
2011-07-01_to_2014-07-01,2011-07-01,2014-07-01,"hml,smb,mom",mkt,14,5,282,7,5,hml
2011-07-01_to_2014-07-01,2011-07-01,2014-07-01,"hml,smb,mom",mkt,14,5,282,7,6,mom
2011-07-01_to_2014-07-01,2011-07-01,2014-07-01,"hml,smb,mom",mkt,14,5,282,7,7,mom
2011-07-01_to_2014-07-01,2011-07-01,2014-07-01,"hml,smb,mom",mkt,14,5,283,7,1,mom
2011-07-01_to_2014-07-01,2011-07-01,2014-07-01,"hml,smb,mom",mkt,14,5,283,7,2,mom
2011-07-01_to_2014-07-01,2011-07-01,2014-07-01,"hml,smb,mom",mkt,14,5,283,7,3,mom
2011-07-01_to_2014-07-01,2011-07-01,2014-07-01,"hml,smb,mom",mkt,14,5,283,7,4,mom
2011-07-01_to_2014-07-01,2011-07-01,2014-07-01,"hml,smb,mom",mkt,14,5,283,7,5,hml
2011-07-01_to_2014-07-01,2011-07-01,2014-07-01,"hml,smb,mom",mkt,14,5,283,7,6,mom
2011-07-01_to_2014-07-01,2011-07-01,2014-07-01,"hml,smb,mom",mkt,14,5,283,7,7,mom
2011-07-01_to_2014-07-01,2011-07-01,2014-07-01,"hml,smb,mom",mkt,14,5,286,8,1,mom
2011-07-01_to_2014-07-01,2011-07-01,2014-07-01,"hml,smb,mom",mkt,14,5,286,8,2,mom
2011-07-01_to_2014-07-01,2011-07-01,2014-07-01,"hml,smb,mom",mkt,14,5,286,8,3,mom
2011-07-01_to_2014-07-01,2011-07-01,2014-07-01,"hml,smb,mom",mkt,14,5,286,8,4,mom
2011-07-01_to_2014-07-01,2011-07-01,2014-07-01,"hml,smb,mom",mkt,14,5,286,8,5,hml
2011-07-01_to_2014-07-01,2011-07-01,2014-07-01,"hml,smb,mom",mkt,14,5,286,8,6,mom
2011-07-01_to_2014-07-01,2011-07-01,2014-07-01,"hml,smb,mom",mkt,14,5,286,8,7,smb
2011-07-01_to_2014-07-01,2011-07-01,2014-07-01,"hml,smb,mom",mkt,14,5,286,8,8,smb
2011-07-01_to_2014-07-01,2011-07-01,2014-07-01,"hml,smb,mom",mkt,14,5,287,8,1,mom
2011-07-01_to_2014-07-01,2011-07-01,2014-07-01,"hml,smb,mom",mkt,14,5,287,8,2,mom
2011-07-01_to_2014-07-01,2011-07-01,2014-07-01,"hml,smb,mom",mkt,14,5,287,8,3,mom
2011-07-01_to_2014-07-01,2011-07-01,2014-07-01,"hml,smb,mom",mkt,14,5,287,8,4,mom
2011-07-01_to_2014-07-01,2011-07-01,2014-07-01,"hml,smb,mom",mkt,14,5,287,8,5,hml
2011-07-01_to_2014-07-01,2011-07-01,2014-07-01,"hml,smb,mom",mkt,14,5,287,8,6,mom
2011-07-01_to_2014-07-01,2011-07-01,2014-07-01,"hml,smb,mom",mkt,14,5,287,8,7,smb
2011-07-01_to_2014-07-01,2011-07-01,2014-07-01,"hml,smb,mom",mkt,14,5,287,8,8,smb
2011-07-01_to_2014-07-01,2011-07-01,2014-07-01,"hml,smb,mom",mkt,14,5,288,7,1,mom
2011-07-01_to_2014-07-01,2011-07-01,2014-07-01,"hml,smb,mom",mkt,14,5,288,7,2,mom
2011-07-01_to_2014-07-01,2011-07-01,2014-07-01,"hml,smb,mom",mkt,14,5,288,7,3,mom
2011-07-01_to_2014-07-01,2011-07-01,2014-07-01,"hml,smb,mom",mkt,14,5,288,7,4,mom
2011-07-01_to_2014-07-01,2011-07-01,2014-07-01,"hml,smb,mom",mkt,14,5,288,7,5,hml
2011-07-01_to_2014-07-01,2011-07-01,2014-07-01,"hml,smb,mom",mkt,14,5,288,7,6,mom
2011-07-01_to_2014-07-01,2011-07-01,2014-07-01,"hml,smb,mom",mkt,14,5,288,7,7,smb
2011-07-01_to_2014-07-01,2011-07-01,2014-07-01,"hml,smb,mom",mkt,14,5,293,7,1,mom
2011-07-01_to_2014-07-01,2011-07-01,2014-07-01,"hml,smb,mom",mkt,14,5,293,7,2,mom
2011-07-01_to_2014-07-01,2011-07-01,2014-07-01,"hml,smb,mom",mkt,14,5,293,7,3,mom
2011-07-01_to_2014-07-01,2011-07-01,2014-07-01,"hml,smb,mom",mkt,14,5,293,7,4,mom
2011-07-01_to_2014-07-01,2011-07-01,2014-07-01,"hml,smb,mom",mkt,14,5,293,7,5,smb
2011-07-01_to_2014-07-01,2011-07-01,2014-07-01,"hml,smb,mom",mkt,14,5,293,7,6,hml
2011-07-01_to_2014-07-01,2011-07-01,2014-07-01,"hml,smb,mom",mkt,14,5,293,7,7,hml
2011-07-01_to_2014-07-01,2011-07-01,2014-07-01,"hml,smb,mom",mkt,14,5,294,7,1,mom
2011-07-01_to_2014-07-01,2011-07-01,2014-07-01,"hml,smb,mom",mkt,14,5,294,7,2,mom
2011-07-01_to_2014-07-01,2011-07-01,2014-07-01,"hml,smb,mom",mkt,14,5,294,7,3,mom
2011-07-01_to_2014-07-01,2011-07-01,2014-07-01,"hml,smb,mom",mkt,14,5,294,7,4,mom
2011-07-01_to_2014-07-01,2011-07-01,2014-07-01,"hml,smb,mom",mkt,14,5,294,7,5,smb
2011-07-01_to_2014-07-01,2011-07-01,2014-07-01,"hml,smb,mom",mkt,14,5,294,7,6,hml
2011-07-01_to_2014-07-01,2011-07-01,2014-07-01,"hml,smb,mom",mkt,14,5,294,7,7,hml
2011-07-01_to_2014-07-01,2011-07-01,2014-07-01,"hml,smb,mom",mkt,14,5,297,8,1,mom
2011-07-01_to_2014-07-01,2011-07-01,2014-07-01,"hml,smb,mom",mkt,14,5,297,8,2,mom
2011-07-01_to_2014-07-01,2011-07-01,2014-07-01,"hml,smb,mom",mkt,14,5,297,8,3,mom
2011-07-01_to_2014-07-01,2011-07-01,2014-07-01,"hml,smb,mom",mkt,14,5,297,8,4,mom
2011-07-01_to_2014-07-01,2011-07-01,2014-07-01,"hml,smb,mom",mkt,14,5,297,8,5,smb
2011-07-01_to_2014-07-01,2011-07-01,2014-07-01,"hml,smb,mom",mkt,14,5,297,8,6,hml
2011-07-01_to_2014-07-01,2011-07-01,2014-07-01,"hml,smb,mom",mkt,14,5,297,8,7,hml
2011-07-01_to_2014-07-01,2011-07-01,2014-07-01,"hml,smb,mom",mkt,14,5,297,8,8,smb
2011-07-01_to_2014-07-01,2011-07-01,2014-07-01,"hml,smb,mom",mkt,14,5,298,8,1,mom
2011-07-01_to_2014-07-01,2011-07-01,2014-07-01,"hml,smb,mom",mkt,14,5,298,8,2,mom
2011-07-01_to_2014-07-01,2011-07-01,2014-07-01,"hml,smb,mom",mkt,14,5,298,8,3,mom
2011-07-01_to_2014-07-01,2011-07-01,2014-07-01,"hml,smb,mom",mkt,14,5,298,8,4,mom
2011-07-01_to_2014-07-01,2011-07-01,2014-07-01,"hml,smb,mom",mkt,14,5,298,8,5,smb
2011-07-01_to_2014-07-01,2011-07-01,2014-07-01,"hml,smb,mom",mkt,14,5,298,8,6,hml
2011-07-01_to_2014-07-01,2011-07-01,2014-07-01,"hml,smb,mom",mkt,14,5,298,8,7,hml
2011-07-01_to_2014-07-01,2011-07-01,2014-07-01,"hml,smb,mom",mkt,14,5,298,8,8,smb
2011-07-01_to_2014-07-01,2011-07-01,2014-07-01,"hml,smb,mom",mkt,14,5,300,8,1,mom
2011-07-01_to_2014-07-01,2011-07-01,2014-07-01,"hml,smb,mom",mkt,14,5,300,8,2,mom
2011-07-01_to_2014-07-01,2011-07-01,2014-07-01,"hml,smb,mom",mkt,14,5,300,8,3,mom
2011-07-01_to_2014-07-01,2011-07-01,2014-07-01,"hml,smb,mom",mkt,14,5,300,8,4,mom
2011-07-01_to_2014-07-01,2011-07-01,2014-07-01,"hml,smb,mom",mkt,14,5,300,8,5,smb
2011-07-01_to_2014-07-01,2011-07-01,2014-07-01,"hml,smb,mom",mkt,14,5,300,8,6,hml
2011-07-01_to_2014-07-01,2011-07-01,2014-07-01,"hml,smb,mom",mkt,14,5,300,8,7,hml
2011-07-01_to_2014-07-01,2011-07-01,2014-07-01,"hml,smb,mom",mkt,14,5,300,8,8,hml
2011-07-01_to_2014-07-01,2011-07-01,2014-07-01,"hml,smb,mom",mkt,14,5,302,9,1,mom
2011-07-01_to_2014-07-01,2011-07-01,2014-07-01,"hml,smb,mom",mkt,14,5,302,9,2,mom
2011-07-01_to_2014-07-01,2011-07-01,2014-07-01,"hml,smb,mom",mkt,14,5,302,9,3,mom
2011-07-01_to_2014-07-01,2011-07-01,2014-07-01,"hml,smb,mom",mkt,14,5,302,9,4,mom
2011-07-01_to_2014-07-01,2011-07-01,2014-07-01,"hml,smb,mom",mkt,14,5,302,9,5,smb
2011-07-01_to_2014-07-01,2011-07-01,2014-07-01,"hml,smb,mom",mkt,14,5,302,9,6,hml
2011-07-01_to_2014-07-01,2011-07-01,2014-07-01,"hml,smb,mom",mkt,14,5,302,9,7,hml
2011-07-01_to_2014-07-01,2011-07-01,2014-07-01,"hml,smb,mom",mkt,14,5,302,9,8,hml
2011-07-01_to_2014-07-01,2011-07-01,2014-07-01,"hml,smb,mom",mkt,14,5,302,9,9,hml
2011-07-01_to_2014-07-01,2011-07-01,2014-07-01,"hml,smb,mom",mkt,14,5,304,10,1,mom
2011-07-01_to_2014-07-01,2011-07-01,2014-07-01,"hml,smb,mom",mkt,14,5,304,10,2,mom
2011-07-01_to_2014-07-01,2011-07-01,2014-07-01,"hml,smb,mom",mkt,14,5,304,10,3,mom
2011-07-01_to_2014-07-01,2011-07-01,2014-07-01,"hml,smb,mom",mkt,14,5,304,10,4,mom
2011-07-01_to_2014-07-01,2011-07-01,2014-07-01,"hml,smb,mom",mkt,14,5,304,10,5,smb
2011-07-01_to_2014-07-01,2011-07-01,2014-07-01,"hml,smb,mom",mkt,14,5,304,10,6,hml
2011-07-01_to_2014-07-01,2011-07-01,2014-07-01,"hml,smb,mom",mkt,14,5,304,10,7,hml
2011-07-01_to_2014-07-01,2011-07-01,2014-07-01,"hml,smb,mom",mkt,14,5,304,10,8,hml
2011-07-01_to_2014-07-01,2011-07-01,2014-07-01,"hml,smb,mom",mkt,14,5,304,10,9,hml
2011-07-01_to_2014-07-01,2011-07-01,2014-07-01,"hml,smb,mom",mkt,14,5,304,10,10,smb
2011-07-01_to_2014-07-01,2011-07-01,2014-07-01,"hml,smb,mom",mkt,14,5,306,11,1,mom
2011-07-01_to_2014-07-01,2011-07-01,2014-07-01,"hml,smb,mom",mkt,14,5,306,11,2,mom
2011-07-01_to_2014-07-01,2011-07-01,2014-07-01,"hml,smb,mom",mkt,14,5,306,11,3,mom
2011-07-01_to_2014-07-01,2011-07-01,2014-07-01,"hml,smb,mom",mkt,14,5,306,11,4,mom
2011-07-01_to_2014-07-01,2011-07-01,2014-07-01,"hml,smb,mom",mkt,14,5,306,11,5,smb
2011-07-01_to_2014-07-01,2011-07-01,2014-07-01,"hml,smb,mom",mkt,14,5,306,11,6,hml
2011-07-01_to_2014-07-01,2011-07-01,2014-07-01,"hml,smb,mom",mkt,14,5,306,11,7,hml
2011-07-01_to_2014-07-01,2011-07-01,2014-07-01,"hml,smb,mom",mkt,14,5,306,11,8,hml
2011-07-01_to_2014-07-01,2011-07-01,2014-07-01,"hml,smb,mom",mkt,14,5,306,11,9,hml
2011-07-01_to_2014-07-01,2011-07-01,2014-07-01,"hml,smb,mom",mkt,14,5,306,11,10,smb
2011-07-01_to_2014-07-01,2011-07-01,2014-07-01,"hml,smb,mom",mkt,14,5,306,11,11,hml
2011-07-01_to_2014-07-01,2011-07-01,2014-07-01,"hml,smb,mom",mkt,14,5,307,11,1,mom
2011-07-01_to_2014-07-01,2011-07-01,2014-07-01,"hml,smb,mom",mkt,14,5,307,11,2,mom
2011-07-01_to_2014-07-01,2011-07-01,2014-07-01,"hml,smb,mom",mkt,14,5,307,11,3,mom
2011-07-01_to_2014-07-01,2011-07-01,2014-07-01,"hml,smb,mom",mkt,14,5,307,11,4,mom
2011-07-01_to_2014-07-01,2011-07-01,2014-07-01,"hml,smb,mom",mkt,14,5,307,11,5,smb
2011-07-01_to_2014-07-01,2011-07-01,2014-07-01,"hml,smb,mom",mkt,14,5,307,11,6,hml
2011-07-01_to_2014-07-01,2011-07-01,2014-07-01,"hml,smb,mom",mkt,14,5,307,11,7,hml
2011-07-01_to_2014-07-01,2011-07-01,2014-07-01,"hml,smb,mom",mkt,14,5,307,11,8,hml
2011-07-01_to_2014-07-01,2011-07-01,2014-07-01,"hml,smb,mom",mkt,14,5,307,11,9,hml
2011-07-01_to_2014-07-01,2011-07-01,2014-07-01,"hml,smb,mom",mkt,14,5,307,11,10,smb
2011-07-01_to_2014-07-01,2011-07-01,2014-07-01,"hml,smb,mom",mkt,14,5,307,11,11,hml
2011-07-01_to_2014-07-01,2011-07-01,2014-07-01,"hml,smb,mom",mkt,14,5,308,5,1,mom
2011-07-01_to_2014-07-01,2011-07-01,2014-07-01,"hml,smb,mom",mkt,14,5,308,5,2,mom
2011-07-01_to_2014-07-01,2011-07-01,2014-07-01,"hml,smb,mom",mkt,14,5,308,5,3,mom
2011-07-01_to_2014-07-01,2011-07-01,2014-07-01,"hml,smb,mom",mkt,14,5,308,5,4,mom
2011-07-01_to_2014-07-01,2011-07-01,2014-07-01,"hml,smb,mom",mkt,14,5,308,5,5,smb
2011-07-01_to_2014-07-01,2011-07-01,2014-07-01,"hml,smb,mom",mkt,14,5,310,5,1,mom
2011-07-01_to_2014-07-01,2011-07-01,2014-07-01,"hml,smb,mom",mkt,14,5,310,5,2,mom
2011-07-01_to_2014-07-01,2011-07-01,2014-07-01,"hml,smb,mom",mkt,14,5,310,5,3,mom
2011-07-01_to_2014-07-01,2011-07-01,2014-07-01,"hml,smb,mom",mkt,14,5,310,5,4,mom
2011-07-01_to_2014-07-01,2011-07-01,2014-07-01,"hml,smb,mom",mkt,14,5,310,5,5,hml
2011-07-01_to_2014-07-01,2011-07-01,2014-07-01,"hml,smb,mom",mkt,14,5,312,6,1,mom
2011-07-01_to_2014-07-01,2011-07-01,2014-07-01,"hml,smb,mom",mkt,14,5,312,6,2,mom
2011-07-01_to_2014-07-01,2011-07-01,2014-07-01,"hml,smb,mom",mkt,14,5,312,6,3,mom
2011-07-01_to_2014-07-01,2011-07-01,2014-07-01,"hml,smb,mom",mkt,14,5,312,6,4,mom
2011-07-01_to_2014-07-01,2011-07-01,2014-07-01,"hml,smb,mom",mkt,14,5,312,6,5,hml
2011-07-01_to_2014-07-01,2011-07-01,2014-07-01,"hml,smb,mom",mkt,14,5,312,6,6,smb
2011-07-01_to_2014-07-01,2011-07-01,2014-07-01,"hml,smb,mom",mkt,14,5,314,7,1,mom
2011-07-01_to_2014-07-01,2011-07-01,2014-07-01,"hml,smb,mom",mkt,14,5,314,7,2,mom
2011-07-01_to_2014-07-01,2011-07-01,2014-07-01,"hml,smb,mom",mkt,14,5,314,7,3,mom
2011-07-01_to_2014-07-01,2011-07-01,2014-07-01,"hml,smb,mom",mkt,14,5,314,7,4,mom
2011-07-01_to_2014-07-01,2011-07-01,2014-07-01,"hml,smb,mom",mkt,14,5,314,7,5,hml
2011-07-01_to_2014-07-01,2011-07-01,2014-07-01,"hml,smb,mom",mkt,14,5,314,7,6,smb
2011-07-01_to_2014-07-01,2011-07-01,2014-07-01,"hml,smb,mom",mkt,14,5,314,7,7,smb
2011-07-01_to_2014-07-01,2011-07-01,2014-07-01,"hml,smb,mom",mkt,14,5,315,7,1,mom
2011-07-01_to_2014-07-01,2011-07-01,2014-07-01,"hml,smb,mom",mkt,14,5,315,7,2,mom
2011-07-01_to_2014-07-01,2011-07-01,2014-07-01,"hml,smb,mom",mkt,14,5,315,7,3,mom
2011-07-01_to_2014-07-01,2011-07-01,2014-07-01,"hml,smb,mom",mkt,14,5,315,7,4,mom
2011-07-01_to_2014-07-01,2011-07-01,2014-07-01,"hml,smb,mom",mkt,14,5,315,7,5,hml
2011-07-01_to_2014-07-01,2011-07-01,2014-07-01,"hml,smb,mom",mkt,14,5,315,7,6,smb
2011-07-01_to_2014-07-01,2011-07-01,2014-07-01,"hml,smb,mom",mkt,14,5,315,7,7,smb
2011-07-01_to_2014-07-01,2011-07-01,2014-07-01,"hml,smb,mom",mkt,14,5,318,4,1,mom
2011-07-01_to_2014-07-01,2011-07-01,2014-07-01,"hml,smb,mom",mkt,14,5,318,4,2,mom
2011-07-01_to_2014-07-01,2011-07-01,2014-07-01,"hml,smb,mom",mkt,14,5,318,4,3,mom
2011-07-01_to_2014-07-01,2011-07-01,2014-07-01,"hml,smb,mom",mkt,14,5,318,4,4,hml
2011-07-01_to_2014-07-01,2011-07-01,2014-07-01,"hml,smb,mom",mkt,14,5,320,5,1,mom
2011-07-01_to_2014-07-01,2011-07-01,2014-07-01,"hml,smb,mom",mkt,14,5,320,5,2,mom
2011-07-01_to_2014-07-01,2011-07-01,2014-07-01,"hml,smb,mom",mkt,14,5,320,5,3,mom
2011-07-01_to_2014-07-01,2011-07-01,2014-07-01,"hml,smb,mom",mkt,14,5,320,5,4,hml
2011-07-01_to_2014-07-01,2011-07-01,2014-07-01,"hml,smb,mom",mkt,14,5,320,5,5,mom
2011-07-01_to_2014-07-01,2011-07-01,2014-07-01,"hml,smb,mom",mkt,14,5,321,5,1,mom
2011-07-01_to_2014-07-01,2011-07-01,2014-07-01,"hml,smb,mom",mkt,14,5,321,5,2,mom
2011-07-01_to_2014-07-01,2011-07-01,2014-07-01,"hml,smb,mom",mkt,14,5,321,5,3,mom
2011-07-01_to_2014-07-01,2011-07-01,2014-07-01,"hml,smb,mom",mkt,14,5,321,5,4,hml
2011-07-01_to_2014-07-01,2011-07-01,2014-07-01,"hml,smb,mom",mkt,14,5,321,5,5,mom
2011-07-01_to_2014-07-01,2011-07-01,2014-07-01,"hml,smb,mom",mkt,14,5,322,3,1,mom
2011-07-01_to_2014-07-01,2011-07-01,2014-07-01,"hml,smb,mom",mkt,14,5,322,3,2,mom
2011-07-01_to_2014-07-01,2011-07-01,2014-07-01,"hml,smb,mom",mkt,14,5,322,3,3,mom
2012-01-01_to_2015-01-01,2012-01-01,2015-01-01,"hml,smb,mom",mkt,14,5,7,7,1,mom
2012-01-01_to_2015-01-01,2012-01-01,2015-01-01,"hml,smb,mom",mkt,14,5,7,7,2,mom
2012-01-01_to_2015-01-01,2012-01-01,2015-01-01,"hml,smb,mom",mkt,14,5,7,7,3,mom
2012-01-01_to_2015-01-01,2012-01-01,2015-01-01,"hml,smb,mom",mkt,14,5,7,7,4,mom
2012-01-01_to_2015-01-01,2012-01-01,2015-01-01,"hml,smb,mom",mkt,14,5,7,7,5,mom
2012-01-01_to_2015-01-01,2012-01-01,2015-01-01,"hml,smb,mom",mkt,14,5,7,7,6,mom
2012-01-01_to_2015-01-01,2012-01-01,2015-01-01,"hml,smb,mom",mkt,14,5,7,7,7,smb
2012-01-01_to_2015-01-01,2012-01-01,2015-01-01,"hml,smb,mom",mkt,14,5,8,7,1,mom
2012-01-01_to_2015-01-01,2012-01-01,2015-01-01,"hml,smb,mom",mkt,14,5,8,7,2,mom
2012-01-01_to_2015-01-01,2012-01-01,2015-01-01,"hml,smb,mom",mkt,14,5,8,7,3,mom
2012-01-01_to_2015-01-01,2012-01-01,2015-01-01,"hml,smb,mom",mkt,14,5,8,7,4,mom
2012-01-01_to_2015-01-01,2012-01-01,2015-01-01,"hml,smb,mom",mkt,14,5,8,7,5,mom
2012-01-01_to_2015-01-01,2012-01-01,2015-01-01,"hml,smb,mom",mkt,14,5,8,7,6,mom
2012-01-01_to_2015-01-01,2012-01-01,2015-01-01,"hml,smb,mom",mkt,14,5,8,7,7,smb
2012-01-01_to_2015-01-01,2012-01-01,2015-01-01,"hml,smb,mom",mkt,14,5,11,8,1,mom
2012-01-01_to_2015-01-01,2012-01-01,2015-01-01,"hml,smb,mom",mkt,14,5,11,8,2,mom
2012-01-01_to_2015-01-01,2012-01-01,2015-01-01,"hml,smb,mom",mkt,14,5,11,8,3,mom
2012-01-01_to_2015-01-01,2012-01-01,2015-01-01,"hml,smb,mom",mkt,14,5,11,8,4,mom
2012-01-01_to_2015-01-01,2012-01-01,2015-01-01,"hml,smb,mom",mkt,14,5,11,8,5,mom
2012-01-01_to_2015-01-01,2012-01-01,2015-01-01,"hml,smb,mom",mkt,14,5,11,8,6,mom
2012-01-01_to_2015-01-01,2012-01-01,2015-01-01,"hml,smb,mom",mkt,14,5,11,8,7,mom
2012-01-01_to_2015-01-01,2012-01-01,2015-01-01,"hml,smb,mom",mkt,14,5,11,8,8,smb
2012-01-01_to_2015-01-01,2012-01-01,2015-01-01,"hml,smb,mom",mkt,14,5,12,8,1,mom
2012-01-01_to_2015-01-01,2012-01-01,2015-01-01,"hml,smb,mom",mkt,14,5,12,8,2,mom
2012-01-01_to_2015-01-01,2012-01-01,2015-01-01,"hml,smb,mom",mkt,14,5,12,8,3,mom
2012-01-01_to_2015-01-01,2012-01-01,2015-01-01,"hml,smb,mom",mkt,14,5,12,8,4,mom
2012-01-01_to_2015-01-01,2012-01-01,2015-01-01,"hml,smb,mom",mkt,14,5,12,8,5,mom
2012-01-01_to_2015-01-01,2012-01-01,2015-01-01,"hml,smb,mom",mkt,14,5,12,8,6,mom
2012-01-01_to_2015-01-01,2012-01-01,2015-01-01,"hml,smb,mom",mkt,14,5,12,8,7,mom
2012-01-01_to_2015-01-01,2012-01-01,2015-01-01,"hml,smb,mom",mkt,14,5,12,8,8,smb
2012-01-01_to_2015-01-01,2012-01-01,2015-01-01,"hml,smb,mom",mkt,14,5,15,9,1,mom
2012-01-01_to_2015-01-01,2012-01-01,2015-01-01,"hml,smb,mom",mkt,14,5,15,9,2,mom
2012-01-01_to_2015-01-01,2012-01-01,2015-01-01,"hml,smb,mom",mkt,14,5,15,9,3,mom
2012-01-01_to_2015-01-01,2012-01-01,2015-01-01,"hml,smb,mom",mkt,14,5,15,9,4,mom
2012-01-01_to_2015-01-01,2012-01-01,2015-01-01,"hml,smb,mom",mkt,14,5,15,9,5,mom
2012-01-01_to_2015-01-01,2012-01-01,2015-01-01,"hml,smb,mom",mkt,14,5,15,9,6,mom
2012-01-01_to_2015-01-01,2012-01-01,2015-01-01,"hml,smb,mom",mkt,14,5,15,9,7,mom
2012-01-01_to_2015-01-01,2012-01-01,2015-01-01,"hml,smb,mom",mkt,14,5,15,9,8,hml
2012-01-01_to_2015-01-01,2012-01-01,2015-01-01,"hml,smb,mom",mkt,14,5,15,9,9,mom
2012-01-01_to_2015-01-01,2012-01-01,2015-01-01,"hml,smb,mom",mkt,14,5,16,9,1,mom
2012-01-01_to_2015-01-01,2012-01-01,2015-01-01,"hml,smb,mom",mkt,14,5,16,9,2,mom
2012-01-01_to_2015-01-01,2012-01-01,2015-01-01,"hml,smb,mom",mkt,14,5,16,9,3,mom
2012-01-01_to_2015-01-01,2012-01-01,2015-01-01,"hml,smb,mom",mkt,14,5,16,9,4,mom
2012-01-01_to_2015-01-01,2012-01-01,2015-01-01,"hml,smb,mom",mkt,14,5,16,9,5,mom
2012-01-01_to_2015-01-01,2012-01-01,2015-01-01,"hml,smb,mom",mkt,14,5,16,9,6,mom
2012-01-01_to_2015-01-01,2012-01-01,2015-01-01,"hml,smb,mom",mkt,14,5,16,9,7,mom
2012-01-01_to_2015-01-01,2012-01-01,2015-01-01,"hml,smb,mom",mkt,14,5,16,9,8,hml
2012-01-01_to_2015-01-01,2012-01-01,2015-01-01,"hml,smb,mom",mkt,14,5,16,9,9,mom
2012-01-01_to_2015-01-01,2012-01-01,2015-01-01,"hml,smb,mom",mkt,14,5,17,8,1,mom
2012-01-01_to_2015-01-01,2012-01-01,2015-01-01,"hml,smb,mom",mkt,14,5,17,8,2,mom
2012-01-01_to_2015-01-01,2012-01-01,2015-01-01,"hml,smb,mom",mkt,14,5,17,8,3,mom
2012-01-01_to_2015-01-01,2012-01-01,2015-01-01,"hml,smb,mom",mkt,14,5,17,8,4,mom
2012-01-01_to_2015-01-01,2012-01-01,2015-01-01,"hml,smb,mom",mkt,14,5,17,8,5,mom
2012-01-01_to_2015-01-01,2012-01-01,2015-01-01,"hml,smb,mom",mkt,14,5,17,8,6,mom
2012-01-01_to_2015-01-01,2012-01-01,2015-01-01,"hml,smb,mom",mkt,14,5,17,8,7,mom
2012-01-01_to_2015-01-01,2012-01-01,2015-01-01,"hml,smb,mom",mkt,14,5,17,8,8,hml
2012-01-01_to_2015-01-01,2012-01-01,2015-01-01,"hml,smb,mom",mkt,14,5,20,7,1,mom
2012-01-01_to_2015-01-01,2012-01-01,2015-01-01,"hml,smb,mom",mkt,14,5,20,7,2,mom
2012-01-01_to_2015-01-01,2012-01-01,2015-01-01,"hml,smb,mom",mkt,14,5,20,7,3,mom
2012-01-01_to_2015-01-01,2012-01-01,2015-01-01,"hml,smb,mom",mkt,14,5,20,7,4,mom
2012-01-01_to_2015-01-01,2012-01-01,2015-01-01,"hml,smb,mom",mkt,14,5,20,7,5,mom
2012-01-01_to_2015-01-01,2012-01-01,2015-01-01,"hml,smb,mom",mkt,14,5,20,7,6,mom
2012-01-01_to_2015-01-01,2012-01-01,2015-01-01,"hml,smb,mom",mkt,14,5,20,7,7,hml
2012-01-01_to_2015-01-01,2012-01-01,2015-01-01,"hml,smb,mom",mkt,14,5,22,8,1,mom
2012-01-01_to_2015-01-01,2012-01-01,2015-01-01,"hml,smb,mom",mkt,14,5,22,8,2,mom
2012-01-01_to_2015-01-01,2012-01-01,2015-01-01,"hml,smb,mom",mkt,14,5,22,8,3,mom
2012-01-01_to_2015-01-01,2012-01-01,2015-01-01,"hml,smb,mom",mkt,14,5,22,8,4,mom
2012-01-01_to_2015-01-01,2012-01-01,2015-01-01,"hml,smb,mom",mkt,14,5,22,8,5,mom
2012-01-01_to_2015-01-01,2012-01-01,2015-01-01,"hml,smb,mom",mkt,14,5,22,8,6,mom
2012-01-01_to_2015-01-01,2012-01-01,2015-01-01,"hml,smb,mom",mkt,14,5,22,8,7,hml
2012-01-01_to_2015-01-01,2012-01-01,2015-01-01,"hml,smb,mom",mkt,14,5,22,8,8,smb
2012-01-01_to_2015-01-01,2012-01-01,2015-01-01,"hml,smb,mom",mkt,14,5,24,9,1,mom
2012-01-01_to_2015-01-01,2012-01-01,2015-01-01,"hml,smb,mom",mkt,14,5,24,9,2,mom
2012-01-01_to_2015-01-01,2012-01-01,2015-01-01,"hml,smb,mom",mkt,14,5,24,9,3,mom
2012-01-01_to_2015-01-01,2012-01-01,2015-01-01,"hml,smb,mom",mkt,14,5,24,9,4,mom
2012-01-01_to_2015-01-01,2012-01-01,2015-01-01,"hml,smb,mom",mkt,14,5,24,9,5,mom
2012-01-01_to_2015-01-01,2012-01-01,2015-01-01,"hml,smb,mom",mkt,14,5,24,9,6,mom
2012-01-01_to_2015-01-01,2012-01-01,2015-01-01,"hml,smb,mom",mkt,14,5,24,9,7,hml
2012-01-01_to_2015-01-01,2012-01-01,2015-01-01,"hml,smb,mom",mkt,14,5,24,9,8,smb
2012-01-01_to_2015-01-01,2012-01-01,2015-01-01,"hml,smb,mom",mkt,14,5,24,9,9,smb
2012-01-01_to_2015-01-01,2012-01-01,2015-01-01,"hml,smb,mom",mkt,14,5,26,10,1,mom
2012-01-01_to_2015-01-01,2012-01-01,2015-01-01,"hml,smb,mom",mkt,14,5,26,10,2,mom
2012-01-01_to_2015-01-01,2012-01-01,2015-01-01,"hml,smb,mom",mkt,14,5,26,10,3,mom
2012-01-01_to_2015-01-01,2012-01-01,2015-01-01,"hml,smb,mom",mkt,14,5,26,10,4,mom
2012-01-01_to_2015-01-01,2012-01-01,2015-01-01,"hml,smb,mom",mkt,14,5,26,10,5,mom
2012-01-01_to_2015-01-01,2012-01-01,2015-01-01,"hml,smb,mom",mkt,14,5,26,10,6,mom
2012-01-01_to_2015-01-01,2012-01-01,2015-01-01,"hml,smb,mom",mkt,14,5,26,10,7,hml
2012-01-01_to_2015-01-01,2012-01-01,2015-01-01,"hml,smb,mom",mkt,14,5,26,10,8,smb
2012-01-01_to_2015-01-01,2012-01-01,2015-01-01,"hml,smb,mom",mkt,14,5,26,10,9,smb
2012-01-01_to_2015-01-01,2012-01-01,2015-01-01,"hml,smb,mom",mkt,14,5,26,10,10,smb
2012-01-01_to_2015-01-01,2012-01-01,2015-01-01,"hml,smb,mom",mkt,14,5,27,10,1,mom
2012-01-01_to_2015-01-01,2012-01-01,2015-01-01,"hml,smb,mom",mkt,14,5,27,10,2,mom
2012-01-01_to_2015-01-01,2012-01-01,2015-01-01,"hml,smb,mom",mkt,14,5,27,10,3,mom
2012-01-01_to_2015-01-01,2012-01-01,2015-01-01,"hml,smb,mom",mkt,14,5,27,10,4,mom
2012-01-01_to_2015-01-01,2012-01-01,2015-01-01,"hml,smb,mom",mkt,14,5,27,10,5,mom
2012-01-01_to_2015-01-01,2012-01-01,2015-01-01,"hml,smb,mom",mkt,14,5,27,10,6,mom
2012-01-01_to_2015-01-01,2012-01-01,2015-01-01,"hml,smb,mom",mkt,14,5,27,10,7,hml
2012-01-01_to_2015-01-01,2012-01-01,2015-01-01,"hml,smb,mom",mkt,14,5,27,10,8,smb
2012-01-01_to_2015-01-01,2012-01-01,2015-01-01,"hml,smb,mom",mkt,14,5,27,10,9,smb
2012-01-01_to_2015-01-01,2012-01-01,2015-01-01,"hml,smb,mom",mkt,14,5,27,10,10,smb
2012-01-01_to_2015-01-01,2012-01-01,2015-01-01,"hml,smb,mom",mkt,14,5,29,7,1,mom
2012-01-01_to_2015-01-01,2012-01-01,2015-01-01,"hml,smb,mom",mkt,14,5,29,7,2,mom
2012-01-01_to_2015-01-01,2012-01-01,2015-01-01,"hml,smb,mom",mkt,14,5,29,7,3,mom
2012-01-01_to_2015-01-01,2012-01-01,2015-01-01,"hml,smb,mom",mkt,14,5,29,7,4,mom
2012-01-01_to_2015-01-01,2012-01-01,2015-01-01,"hml,smb,mom",mkt,14,5,29,7,5,mom
2012-01-01_to_2015-01-01,2012-01-01,2015-01-01,"hml,smb,mom",mkt,14,5,29,7,6,mom
2012-01-01_to_2015-01-01,2012-01-01,2015-01-01,"hml,smb,mom",mkt,14,5,29,7,7,hml
2012-01-01_to_2015-01-01,2012-01-01,2015-01-01,"hml,smb,mom",mkt,14,5,34,11,1,mom
2012-01-01_to_2015-01-01,2012-01-01,2015-01-01,"hml,smb,mom",mkt,14,5,34,11,2,mom
2012-01-01_to_2015-01-01,2012-01-01,2015-01-01,"hml,smb,mom",mkt,14,5,34,11,3,mom
2012-01-01_to_2015-01-01,2012-01-01,2015-01-01,"hml,smb,mom",mkt,14,5,34,11,4,mom
2012-01-01_to_2015-01-01,2012-01-01,2015-01-01,"hml,smb,mom",mkt,14,5,34,11,5,mom
2012-01-01_to_2015-01-01,2012-01-01,2015-01-01,"hml,smb,mom",mkt,14,5,34,11,6,mom
2012-01-01_to_2015-01-01,2012-01-01,2015-01-01,"hml,smb,mom",mkt,14,5,34,11,7,hml
2012-01-01_to_2015-01-01,2012-01-01,2015-01-01,"hml,smb,mom",mkt,14,5,34,11,8,mom
2012-01-01_to_2015-01-01,2012-01-01,2015-01-01,"hml,smb,mom",mkt,14,5,34,11,9,hml
2012-01-01_to_2015-01-01,2012-01-01,2015-01-01,"hml,smb,mom",mkt,14,5,34,11,10,hml
2012-01-01_to_2015-01-01,2012-01-01,2015-01-01,"hml,smb,mom",mkt,14,5,34,11,11,smb
2012-01-01_to_2015-01-01,2012-01-01,2015-01-01,"hml,smb,mom",mkt,14,5,35,11,1,mom
2012-01-01_to_2015-01-01,2012-01-01,2015-01-01,"hml,smb,mom",mkt,14,5,35,11,2,mom
2012-01-01_to_2015-01-01,2012-01-01,2015-01-01,"hml,smb,mom",mkt,14,5,35,11,3,mom
2012-01-01_to_2015-01-01,2012-01-01,2015-01-01,"hml,smb,mom",mkt,14,5,35,11,4,mom
2012-01-01_to_2015-01-01,2012-01-01,2015-01-01,"hml,smb,mom",mkt,14,5,35,11,5,mom
2012-01-01_to_2015-01-01,2012-01-01,2015-01-01,"hml,smb,mom",mkt,14,5,35,11,6,mom
2012-01-01_to_2015-01-01,2012-01-01,2015-01-01,"hml,smb,mom",mkt,14,5,35,11,7,hml
2012-01-01_to_2015-01-01,2012-01-01,2015-01-01,"hml,smb,mom",mkt,14,5,35,11,8,mom
2012-01-01_to_2015-01-01,2012-01-01,2015-01-01,"hml,smb,mom",mkt,14,5,35,11,9,hml
2012-01-01_to_2015-01-01,2012-01-01,2015-01-01,"hml,smb,mom",mkt,14,5,35,11,10,hml
2012-01-01_to_2015-01-01,2012-01-01,2015-01-01,"hml,smb,mom",mkt,14,5,35,11,11,smb
2012-01-01_to_2015-01-01,2012-01-01,2015-01-01,"hml,smb,mom",mkt,14,5,36,10,1,mom
2012-01-01_to_2015-01-01,2012-01-01,2015-01-01,"hml,smb,mom",mkt,14,5,36,10,2,mom
2012-01-01_to_2015-01-01,2012-01-01,2015-01-01,"hml,smb,mom",mkt,14,5,36,10,3,mom
2012-01-01_to_2015-01-01,2012-01-01,2015-01-01,"hml,smb,mom",mkt,14,5,36,10,4,mom
2012-01-01_to_2015-01-01,2012-01-01,2015-01-01,"hml,smb,mom",mkt,14,5,36,10,5,mom
2012-01-01_to_2015-01-01,2012-01-01,2015-01-01,"hml,smb,mom",mkt,14,5,36,10,6,mom
2012-01-01_to_2015-01-01,2012-01-01,2015-01-01,"hml,smb,mom",mkt,14,5,36,10,7,hml
2012-01-01_to_2015-01-01,2012-01-01,2015-01-01,"hml,smb,mom",mkt,14,5,36,10,8,mom
2012-01-01_to_2015-01-01,2012-01-01,2015-01-01,"hml,smb,mom",mkt,14,5,36,10,9,hml
2012-01-01_to_2015-01-01,2012-01-01,2015-01-01,"hml,smb,mom",mkt,14,5,36,10,10,hml
2012-01-01_to_2015-01-01,2012-01-01,2015-01-01,"hml,smb,mom",mkt,14,5,37,9,1,mom
2012-01-01_to_2015-01-01,2012-01-01,2015-01-01,"hml,smb,mom",mkt,14,5,37,9,2,mom
2012-01-01_to_2015-01-01,2012-01-01,2015-01-01,"hml,smb,mom",mkt,14,5,37,9,3,mom
2012-01-01_to_2015-01-01,2012-01-01,2015-01-01,"hml,smb,mom",mkt,14,5,37,9,4,mom
2012-01-01_to_2015-01-01,2012-01-01,2015-01-01,"hml,smb,mom",mkt,14,5,37,9,5,mom
2012-01-01_to_2015-01-01,2012-01-01,2015-01-01,"hml,smb,mom",mkt,14,5,37,9,6,mom
2012-01-01_to_2015-01-01,2012-01-01,2015-01-01,"hml,smb,mom",mkt,14,5,37,9,7,hml
2012-01-01_to_2015-01-01,2012-01-01,2015-01-01,"hml,smb,mom",mkt,14,5,37,9,8,mom
2012-01-01_to_2015-01-01,2012-01-01,2015-01-01,"hml,smb,mom",mkt,14,5,37,9,9,hml
2012-01-01_to_2015-01-01,2012-01-01,2015-01-01,"hml,smb,mom",mkt,14,5,39,9,1,mom
2012-01-01_to_2015-01-01,2012-01-01,2015-01-01,"hml,smb,mom",mkt,14,5,39,9,2,mom
2012-01-01_to_2015-01-01,2012-01-01,2015-01-01,"hml,smb,mom",mkt,14,5,39,9,3,mom
2012-01-01_to_2015-01-01,2012-01-01,2015-01-01,"hml,smb,mom",mkt,14,5,39,9,4,mom
2012-01-01_to_2015-01-01,2012-01-01,2015-01-01,"hml,smb,mom",mkt,14,5,39,9,5,mom
2012-01-01_to_2015-01-01,2012-01-01,2015-01-01,"hml,smb,mom",mkt,14,5,39,9,6,mom
2012-01-01_to_2015-01-01,2012-01-01,2015-01-01,"hml,smb,mom",mkt,14,5,39,9,7,hml
2012-01-01_to_2015-01-01,2012-01-01,2015-01-01,"hml,smb,mom",mkt,14,5,39,9,8,mom
2012-01-01_to_2015-01-01,2012-01-01,2015-01-01,"hml,smb,mom",mkt,14,5,39,9,9,hml
2012-01-01_to_2015-01-01,2012-01-01,2015-01-01,"hml,smb,mom",mkt,14,5,40,9,1,mom
2012-01-01_to_2015-01-01,2012-01-01,2015-01-01,"hml,smb,mom",mkt,14,5,40,9,2,mom
2012-01-01_to_2015-01-01,2012-01-01,2015-01-01,"hml,smb,mom",mkt,14,5,40,9,3,mom
2012-01-01_to_2015-01-01,2012-01-01,2015-01-01,"hml,smb,mom",mkt,14,5,40,9,4,mom
2012-01-01_to_2015-01-01,2012-01-01,2015-01-01,"hml,smb,mom",mkt,14,5,40,9,5,mom
2012-01-01_to_2015-01-01,2012-01-01,2015-01-01,"hml,smb,mom",mkt,14,5,40,9,6,mom
2012-01-01_to_2015-01-01,2012-01-01,2015-01-01,"hml,smb,mom",mkt,14,5,40,9,7,hml
2012-01-01_to_2015-01-01,2012-01-01,2015-01-01,"hml,smb,mom",mkt,14,5,40,9,8,mom
2012-01-01_to_2015-01-01,2012-01-01,2015-01-01,"hml,smb,mom",mkt,14,5,40,9,9,hml
2012-01-01_to_2015-01-01,2012-01-01,2015-01-01,"hml,smb,mom",mkt,14,5,45,8,1,mom
2012-01-01_to_2015-01-01,2012-01-01,2015-01-01,"hml,smb,mom",mkt,14,5,45,8,2,mom
2012-01-01_to_2015-01-01,2012-01-01,2015-01-01,"hml,smb,mom",mkt,14,5,45,8,3,mom
2012-01-01_to_2015-01-01,2012-01-01,2015-01-01,"hml,smb,mom",mkt,14,5,45,8,4,mom
2012-01-01_to_2015-01-01,2012-01-01,2015-01-01,"hml,smb,mom",mkt,14,5,45,8,5,mom
2012-01-01_to_2015-01-01,2012-01-01,2015-01-01,"hml,smb,mom",mkt,14,5,45,8,6,mom
2012-01-01_to_2015-01-01,2012-01-01,2015-01-01,"hml,smb,mom",mkt,14,5,45,8,7,hml
2012-01-01_to_2015-01-01,2012-01-01,2015-01-01,"hml,smb,mom",mkt,14,5,45,8,8,hml
2012-01-01_to_2015-01-01,2012-01-01,2015-01-01,"hml,smb,mom",mkt,14,5,47,9,1,mom
2012-01-01_to_2015-01-01,2012-01-01,2015-01-01,"hml,smb,mom",mkt,14,5,47,9,2,mom
2012-01-01_to_2015-01-01,2012-01-01,2015-01-01,"hml,smb,mom",mkt,14,5,47,9,3,mom
2012-01-01_to_2015-01-01,2012-01-01,2015-01-01,"hml,smb,mom",mkt,14,5,47,9,4,mom
2012-01-01_to_2015-01-01,2012-01-01,2015-01-01,"hml,smb,mom",mkt,14,5,47,9,5,mom
2012-01-01_to_2015-01-01,2012-01-01,2015-01-01,"hml,smb,mom",mkt,14,5,47,9,6,mom
2012-01-01_to_2015-01-01,2012-01-01,2015-01-01,"hml,smb,mom",mkt,14,5,47,9,7,hml
2012-01-01_to_2015-01-01,2012-01-01,2015-01-01,"hml,smb,mom",mkt,14,5,47,9,8,hml
2012-01-01_to_2015-01-01,2012-01-01,2015-01-01,"hml,smb,mom",mkt,14,5,47,9,9,hml
2012-01-01_to_2015-01-01,2012-01-01,2015-01-01,"hml,smb,mom",mkt,14,5,49,10,1,mom
2012-01-01_to_2015-01-01,2012-01-01,2015-01-01,"hml,smb,mom",mkt,14,5,49,10,2,mom
2012-01-01_to_2015-01-01,2012-01-01,2015-01-01,"hml,smb,mom",mkt,14,5,49,10,3,mom
2012-01-01_to_2015-01-01,2012-01-01,2015-01-01,"hml,smb,mom",mkt,14,5,49,10,4,mom
2012-01-01_to_2015-01-01,2012-01-01,2015-01-01,"hml,smb,mom",mkt,14,5,49,10,5,mom
2012-01-01_to_2015-01-01,2012-01-01,2015-01-01,"hml,smb,mom",mkt,14,5,49,10,6,mom
2012-01-01_to_2015-01-01,2012-01-01,2015-01-01,"hml,smb,mom",mkt,14,5,49,10,7,hml
2012-01-01_to_2015-01-01,2012-01-01,2015-01-01,"hml,smb,mom",mkt,14,5,49,10,8,hml
2012-01-01_to_2015-01-01,2012-01-01,2015-01-01,"hml,smb,mom",mkt,14,5,49,10,9,hml
2012-01-01_to_2015-01-01,2012-01-01,2015-01-01,"hml,smb,mom",mkt,14,5,49,10,10,hml
2012-01-01_to_2015-01-01,2012-01-01,2015-01-01,"hml,smb,mom",mkt,14,5,51,11,1,mom
2012-01-01_to_2015-01-01,2012-01-01,2015-01-01,"hml,smb,mom",mkt,14,5,51,11,2,mom
2012-01-01_to_2015-01-01,2012-01-01,2015-01-01,"hml,smb,mom",mkt,14,5,51,11,3,mom
2012-01-01_to_2015-01-01,2012-01-01,2015-01-01,"hml,smb,mom",mkt,14,5,51,11,4,mom
2012-01-01_to_2015-01-01,2012-01-01,2015-01-01,"hml,smb,mom",mkt,14,5,51,11,5,mom
2012-01-01_to_2015-01-01,2012-01-01,2015-01-01,"hml,smb,mom",mkt,14,5,51,11,6,mom
2012-01-01_to_2015-01-01,2012-01-01,2015-01-01,"hml,smb,mom",mkt,14,5,51,11,7,hml
2012-01-01_to_2015-01-01,2012-01-01,2015-01-01,"hml,smb,mom",mkt,14,5,51,11,8,hml
2012-01-01_to_2015-01-01,2012-01-01,2015-01-01,"hml,smb,mom",mkt,14,5,51,11,9,hml
2012-01-01_to_2015-01-01,2012-01-01,2015-01-01,"hml,smb,mom",mkt,14,5,51,11,10,hml
2012-01-01_to_2015-01-01,2012-01-01,2015-01-01,"hml,smb,mom",mkt,14,5,51,11,11,hml
2012-01-01_to_2015-01-01,2012-01-01,2015-01-01,"hml,smb,mom",mkt,14,5,52,11,1,mom
2012-01-01_to_2015-01-01,2012-01-01,2015-01-01,"hml,smb,mom",mkt,14,5,52,11,2,mom
2012-01-01_to_2015-01-01,2012-01-01,2015-01-01,"hml,smb,mom",mkt,14,5,52,11,3,mom
2012-01-01_to_2015-01-01,2012-01-01,2015-01-01,"hml,smb,mom",mkt,14,5,52,11,4,mom
2012-01-01_to_2015-01-01,2012-01-01,2015-01-01,"hml,smb,mom",mkt,14,5,52,11,5,mom
2012-01-01_to_2015-01-01,2012-01-01,2015-01-01,"hml,smb,mom",mkt,14,5,52,11,6,mom
2012-01-01_to_2015-01-01,2012-01-01,2015-01-01,"hml,smb,mom",mkt,14,5,52,11,7,hml
2012-01-01_to_2015-01-01,2012-01-01,2015-01-01,"hml,smb,mom",mkt,14,5,52,11,8,hml
2012-01-01_to_2015-01-01,2012-01-01,2015-01-01,"hml,smb,mom",mkt,14,5,52,11,9,hml
2012-01-01_to_2015-01-01,2012-01-01,2015-01-01,"hml,smb,mom",mkt,14,5,52,11,10,hml
2012-01-01_to_2015-01-01,2012-01-01,2015-01-01,"hml,smb,mom",mkt,14,5,52,11,11,hml
2012-01-01_to_2015-01-01,2012-01-01,2015-01-01,"hml,smb,mom",mkt,14,5,54,8,1,mom
2012-01-01_to_2015-01-01,2012-01-01,2015-01-01,"hml,smb,mom",mkt,14,5,54,8,2,mom
2012-01-01_to_2015-01-01,2012-01-01,2015-01-01,"hml,smb,mom",mkt,14,5,54,8,3,mom
2012-01-01_to_2015-01-01,2012-01-01,2015-01-01,"hml,smb,mom",mkt,14,5,54,8,4,mom
2012-01-01_to_2015-01-01,2012-01-01,2015-01-01,"hml,smb,mom",mkt,14,5,54,8,5,mom
2012-01-01_to_2015-01-01,2012-01-01,2015-01-01,"hml,smb,mom",mkt,14,5,54,8,6,mom
2012-01-01_to_2015-01-01,2012-01-01,2015-01-01,"hml,smb,mom",mkt,14,5,54,8,7,hml
2012-01-01_to_2015-01-01,2012-01-01,2015-01-01,"hml,smb,mom",mkt,14,5,54,8,8,hml
2012-01-01_to_2015-01-01,2012-01-01,2015-01-01,"hml,smb,mom",mkt,14,5,56,9,1,mom
2012-01-01_to_2015-01-01,2012-01-01,2015-01-01,"hml,smb,mom",mkt,14,5,56,9,2,mom
2012-01-01_to_2015-01-01,2012-01-01,2015-01-01,"hml,smb,mom",mkt,14,5,56,9,3,mom
2012-01-01_to_2015-01-01,2012-01-01,2015-01-01,"hml,smb,mom",mkt,14,5,56,9,4,mom
2012-01-01_to_2015-01-01,2012-01-01,2015-01-01,"hml,smb,mom",mkt,14,5,56,9,5,mom
2012-01-01_to_2015-01-01,2012-01-01,2015-01-01,"hml,smb,mom",mkt,14,5,56,9,6,mom
2012-01-01_to_2015-01-01,2012-01-01,2015-01-01,"hml,smb,mom",mkt,14,5,56,9,7,hml
2012-01-01_to_2015-01-01,2012-01-01,2015-01-01,"hml,smb,mom",mkt,14,5,56,9,8,hml
2012-01-01_to_2015-01-01,2012-01-01,2015-01-01,"hml,smb,mom",mkt,14,5,56,9,9,smb
2012-01-01_to_2015-01-01,2012-01-01,2015-01-01,"hml,smb,mom",mkt,14,5,57,9,1,mom
2012-01-01_to_2015-01-01,2012-01-01,2015-01-01,"hml,smb,mom",mkt,14,5,57,9,2,mom
2012-01-01_to_2015-01-01,2012-01-01,2015-01-01,"hml,smb,mom",mkt,14,5,57,9,3,mom
2012-01-01_to_2015-01-01,2012-01-01,2015-01-01,"hml,smb,mom",mkt,14,5,57,9,4,mom
2012-01-01_to_2015-01-01,2012-01-01,2015-01-01,"hml,smb,mom",mkt,14,5,57,9,5,mom
2012-01-01_to_2015-01-01,2012-01-01,2015-01-01,"hml,smb,mom",mkt,14,5,57,9,6,mom
2012-01-01_to_2015-01-01,2012-01-01,2015-01-01,"hml,smb,mom",mkt,14,5,57,9,7,hml
2012-01-01_to_2015-01-01,2012-01-01,2015-01-01,"hml,smb,mom",mkt,14,5,57,9,8,hml
2012-01-01_to_2015-01-01,2012-01-01,2015-01-01,"hml,smb,mom",mkt,14,5,57,9,9,smb
2012-01-01_to_2015-01-01,2012-01-01,2015-01-01,"hml,smb,mom",mkt,14,5,61,9,1,mom
2012-01-01_to_2015-01-01,2012-01-01,2015-01-01,"hml,smb,mom",mkt,14,5,61,9,2,mom
2012-01-01_to_2015-01-01,2012-01-01,2015-01-01,"hml,smb,mom",mkt,14,5,61,9,3,mom
2012-01-01_to_2015-01-01,2012-01-01,2015-01-01,"hml,smb,mom",mkt,14,5,61,9,4,mom
2012-01-01_to_2015-01-01,2012-01-01,2015-01-01,"hml,smb,mom",mkt,14,5,61,9,5,mom
2012-01-01_to_2015-01-01,2012-01-01,2015-01-01,"hml,smb,mom",mkt,14,5,61,9,6,mom
2012-01-01_to_2015-01-01,2012-01-01,2015-01-01,"hml,smb,mom",mkt,14,5,61,9,7,smb
2012-01-01_to_2015-01-01,2012-01-01,2015-01-01,"hml,smb,mom",mkt,14,5,61,9,8,mom
2012-01-01_to_2015-01-01,2012-01-01,2015-01-01,"hml,smb,mom",mkt,14,5,61,9,9,hml
2012-01-01_to_2015-01-01,2012-01-01,2015-01-01,"hml,smb,mom",mkt,14,5,65,12,1,mom
2012-01-01_to_2015-01-01,2012-01-01,2015-01-01,"hml,smb,mom",mkt,14,5,65,12,2,mom
2012-01-01_to_2015-01-01,2012-01-01,2015-01-01,"hml,smb,mom",mkt,14,5,65,12,3,mom
2012-01-01_to_2015-01-01,2012-01-01,2015-01-01,"hml,smb,mom",mkt,14,5,65,12,4,mom
2012-01-01_to_2015-01-01,2012-01-01,2015-01-01,"hml,smb,mom",mkt,14,5,65,12,5,mom
2012-01-01_to_2015-01-01,2012-01-01,2015-01-01,"hml,smb,mom",mkt,14,5,65,12,6,mom
2012-01-01_to_2015-01-01,2012-01-01,2015-01-01,"hml,smb,mom",mkt,14,5,65,12,7,smb
2012-01-01_to_2015-01-01,2012-01-01,2015-01-01,"hml,smb,mom",mkt,14,5,65,12,8,mom
2012-01-01_to_2015-01-01,2012-01-01,2015-01-01,"hml,smb,mom",mkt,14,5,65,12,9,hml
2012-01-01_to_2015-01-01,2012-01-01,2015-01-01,"hml,smb,mom",mkt,14,5,65,12,10,hml
2012-01-01_to_2015-01-01,2012-01-01,2015-01-01,"hml,smb,mom",mkt,14,5,65,12,11,hml
2012-01-01_to_2015-01-01,2012-01-01,2015-01-01,"hml,smb,mom",mkt,14,5,65,12,12,mom
2012-01-01_to_2015-01-01,2012-01-01,2015-01-01,"hml,smb,mom",mkt,14,5,67,13,1,mom
2012-01-01_to_2015-01-01,2012-01-01,2015-01-01,"hml,smb,mom",mkt,14,5,67,13,2,mom
2012-01-01_to_2015-01-01,2012-01-01,2015-01-01,"hml,smb,mom",mkt,14,5,67,13,3,mom
2012-01-01_to_2015-01-01,2012-01-01,2015-01-01,"hml,smb,mom",mkt,14,5,67,13,4,mom
2012-01-01_to_2015-01-01,2012-01-01,2015-01-01,"hml,smb,mom",mkt,14,5,67,13,5,mom
2012-01-01_to_2015-01-01,2012-01-01,2015-01-01,"hml,smb,mom",mkt,14,5,67,13,6,mom
2012-01-01_to_2015-01-01,2012-01-01,2015-01-01,"hml,smb,mom",mkt,14,5,67,13,7,smb
2012-01-01_to_2015-01-01,2012-01-01,2015-01-01,"hml,smb,mom",mkt,14,5,67,13,8,mom
2012-01-01_to_2015-01-01,2012-01-01,2015-01-01,"hml,smb,mom",mkt,14,5,67,13,9,hml
2012-01-01_to_2015-01-01,2012-01-01,2015-01-01,"hml,smb,mom",mkt,14,5,67,13,10,hml
2012-01-01_to_2015-01-01,2012-01-01,2015-01-01,"hml,smb,mom",mkt,14,5,67,13,11,hml
2012-01-01_to_2015-01-01,2012-01-01,2015-01-01,"hml,smb,mom",mkt,14,5,67,13,12,mom
2012-01-01_to_2015-01-01,2012-01-01,2015-01-01,"hml,smb,mom",mkt,14,5,67,13,13,hml
2012-01-01_to_2015-01-01,2012-01-01,2015-01-01,"hml,smb,mom",mkt,14,5,68,13,1,mom
2012-01-01_to_2015-01-01,2012-01-01,2015-01-01,"hml,smb,mom",mkt,14,5,68,13,2,mom
2012-01-01_to_2015-01-01,2012-01-01,2015-01-01,"hml,smb,mom",mkt,14,5,68,13,3,mom
2012-01-01_to_2015-01-01,2012-01-01,2015-01-01,"hml,smb,mom",mkt,14,5,68,13,4,mom
2012-01-01_to_2015-01-01,2012-01-01,2015-01-01,"hml,smb,mom",mkt,14,5,68,13,5,mom
2012-01-01_to_2015-01-01,2012-01-01,2015-01-01,"hml,smb,mom",mkt,14,5,68,13,6,mom
2012-01-01_to_2015-01-01,2012-01-01,2015-01-01,"hml,smb,mom",mkt,14,5,68,13,7,smb
2012-01-01_to_2015-01-01,2012-01-01,2015-01-01,"hml,smb,mom",mkt,14,5,68,13,8,mom
2012-01-01_to_2015-01-01,2012-01-01,2015-01-01,"hml,smb,mom",mkt,14,5,68,13,9,hml
2012-01-01_to_2015-01-01,2012-01-01,2015-01-01,"hml,smb,mom",mkt,14,5,68,13,10,hml
2012-01-01_to_2015-01-01,2012-01-01,2015-01-01,"hml,smb,mom",mkt,14,5,68,13,11,hml
2012-01-01_to_2015-01-01,2012-01-01,2015-01-01,"hml,smb,mom",mkt,14,5,68,13,12,mom
2012-01-01_to_2015-01-01,2012-01-01,2015-01-01,"hml,smb,mom",mkt,14,5,68,13,13,hml
2012-01-01_to_2015-01-01,2012-01-01,2015-01-01,"hml,smb,mom",mkt,14,5,70,12,1,mom
2012-01-01_to_2015-01-01,2012-01-01,2015-01-01,"hml,smb,mom",mkt,14,5,70,12,2,mom
2012-01-01_to_2015-01-01,2012-01-01,2015-01-01,"hml,smb,mom",mkt,14,5,70,12,3,mom
2012-01-01_to_2015-01-01,2012-01-01,2015-01-01,"hml,smb,mom",mkt,14,5,70,12,4,mom
2012-01-01_to_2015-01-01,2012-01-01,2015-01-01,"hml,smb,mom",mkt,14,5,70,12,5,mom
2012-01-01_to_2015-01-01,2012-01-01,2015-01-01,"hml,smb,mom",mkt,14,5,70,12,6,mom
2012-01-01_to_2015-01-01,2012-01-01,2015-01-01,"hml,smb,mom",mkt,14,5,70,12,7,smb
2012-01-01_to_2015-01-01,2012-01-01,2015-01-01,"hml,smb,mom",mkt,14,5,70,12,8,mom
2012-01-01_to_2015-01-01,2012-01-01,2015-01-01,"hml,smb,mom",mkt,14,5,70,12,9,hml
2012-01-01_to_2015-01-01,2012-01-01,2015-01-01,"hml,smb,mom",mkt,14,5,70,12,10,hml
2012-01-01_to_2015-01-01,2012-01-01,2015-01-01,"hml,smb,mom",mkt,14,5,70,12,11,hml
2012-01-01_to_2015-01-01,2012-01-01,2015-01-01,"hml,smb,mom",mkt,14,5,70,12,12,smb
2012-01-01_to_2015-01-01,2012-01-01,2015-01-01,"hml,smb,mom",mkt,14,5,71,12,1,mom
2012-01-01_to_2015-01-01,2012-01-01,2015-01-01,"hml,smb,mom",mkt,14,5,71,12,2,mom
2012-01-01_to_2015-01-01,2012-01-01,2015-01-01,"hml,smb,mom",mkt,14,5,71,12,3,mom
2012-01-01_to_2015-01-01,2012-01-01,2015-01-01,"hml,smb,mom",mkt,14,5,71,12,4,mom
2012-01-01_to_2015-01-01,2012-01-01,2015-01-01,"hml,smb,mom",mkt,14,5,71,12,5,mom
2012-01-01_to_2015-01-01,2012-01-01,2015-01-01,"hml,smb,mom",mkt,14,5,71,12,6,mom
2012-01-01_to_2015-01-01,2012-01-01,2015-01-01,"hml,smb,mom",mkt,14,5,71,12,7,smb
2012-01-01_to_2015-01-01,2012-01-01,2015-01-01,"hml,smb,mom",mkt,14,5,71,12,8,mom
2012-01-01_to_2015-01-01,2012-01-01,2015-01-01,"hml,smb,mom",mkt,14,5,71,12,9,hml
2012-01-01_to_2015-01-01,2012-01-01,2015-01-01,"hml,smb,mom",mkt,14,5,71,12,10,hml
2012-01-01_to_2015-01-01,2012-01-01,2015-01-01,"hml,smb,mom",mkt,14,5,71,12,11,hml
2012-01-01_to_2015-01-01,2012-01-01,2015-01-01,"hml,smb,mom",mkt,14,5,71,12,12,smb
2012-01-01_to_2015-01-01,2012-01-01,2015-01-01,"hml,smb,mom",mkt,14,5,72,10,1,mom
2012-01-01_to_2015-01-01,2012-01-01,2015-01-01,"hml,smb,mom",mkt,14,5,72,10,2,mom
2012-01-01_to_2015-01-01,2012-01-01,2015-01-01,"hml,smb,mom",mkt,14,5,72,10,3,mom
2012-01-01_to_2015-01-01,2012-01-01,2015-01-01,"hml,smb,mom",mkt,14,5,72,10,4,mom
2012-01-01_to_2015-01-01,2012-01-01,2015-01-01,"hml,smb,mom",mkt,14,5,72,10,5,mom
2012-01-01_to_2015-01-01,2012-01-01,2015-01-01,"hml,smb,mom",mkt,14,5,72,10,6,mom
2012-01-01_to_2015-01-01,2012-01-01,2015-01-01,"hml,smb,mom",mkt,14,5,72,10,7,smb
2012-01-01_to_2015-01-01,2012-01-01,2015-01-01,"hml,smb,mom",mkt,14,5,72,10,8,mom
2012-01-01_to_2015-01-01,2012-01-01,2015-01-01,"hml,smb,mom",mkt,14,5,72,10,9,hml
2012-01-01_to_2015-01-01,2012-01-01,2015-01-01,"hml,smb,mom",mkt,14,5,72,10,10,hml
2012-01-01_to_2015-01-01,2012-01-01,2015-01-01,"hml,smb,mom",mkt,14,5,76,11,1,mom
2012-01-01_to_2015-01-01,2012-01-01,2015-01-01,"hml,smb,mom",mkt,14,5,76,11,2,mom
2012-01-01_to_2015-01-01,2012-01-01,2015-01-01,"hml,smb,mom",mkt,14,5,76,11,3,mom
2012-01-01_to_2015-01-01,2012-01-01,2015-01-01,"hml,smb,mom",mkt,14,5,76,11,4,mom
2012-01-01_to_2015-01-01,2012-01-01,2015-01-01,"hml,smb,mom",mkt,14,5,76,11,5,mom
2012-01-01_to_2015-01-01,2012-01-01,2015-01-01,"hml,smb,mom",mkt,14,5,76,11,6,mom
2012-01-01_to_2015-01-01,2012-01-01,2015-01-01,"hml,smb,mom",mkt,14,5,76,11,7,smb
2012-01-01_to_2015-01-01,2012-01-01,2015-01-01,"hml,smb,mom",mkt,14,5,76,11,8,mom
2012-01-01_to_2015-01-01,2012-01-01,2015-01-01,"hml,smb,mom",mkt,14,5,76,11,9,smb
2012-01-01_to_2015-01-01,2012-01-01,2015-01-01,"hml,smb,mom",mkt,14,5,76,11,10,mom
2012-01-01_to_2015-01-01,2012-01-01,2015-01-01,"hml,smb,mom",mkt,14,5,76,11,11,mom
2012-01-01_to_2015-01-01,2012-01-01,2015-01-01,"hml,smb,mom",mkt,14,5,78,12,1,mom
2012-01-01_to_2015-01-01,2012-01-01,2015-01-01,"hml,smb,mom",mkt,14,5,78,12,2,mom
2012-01-01_to_2015-01-01,2012-01-01,2015-01-01,"hml,smb,mom",mkt,14,5,78,12,3,mom
2012-01-01_to_2015-01-01,2012-01-01,2015-01-01,"hml,smb,mom",mkt,14,5,78,12,4,mom
2012-01-01_to_2015-01-01,2012-01-01,2015-01-01,"hml,smb,mom",mkt,14,5,78,12,5,mom
2012-01-01_to_2015-01-01,2012-01-01,2015-01-01,"hml,smb,mom",mkt,14,5,78,12,6,mom
2012-01-01_to_2015-01-01,2012-01-01,2015-01-01,"hml,smb,mom",mkt,14,5,78,12,7,smb
2012-01-01_to_2015-01-01,2012-01-01,2015-01-01,"hml,smb,mom",mkt,14,5,78,12,8,mom
2012-01-01_to_2015-01-01,2012-01-01,2015-01-01,"hml,smb,mom",mkt,14,5,78,12,9,smb
2012-01-01_to_2015-01-01,2012-01-01,2015-01-01,"hml,smb,mom",mkt,14,5,78,12,10,mom
2012-01-01_to_2015-01-01,2012-01-01,2015-01-01,"hml,smb,mom",mkt,14,5,78,12,11,mom
2012-01-01_to_2015-01-01,2012-01-01,2015-01-01,"hml,smb,mom",mkt,14,5,78,12,12,smb
2012-01-01_to_2015-01-01,2012-01-01,2015-01-01,"hml,smb,mom",mkt,14,5,79,12,1,mom
2012-01-01_to_2015-01-01,2012-01-01,2015-01-01,"hml,smb,mom",mkt,14,5,79,12,2,mom
2012-01-01_to_2015-01-01,2012-01-01,2015-01-01,"hml,smb,mom",mkt,14,5,79,12,3,mom
2012-01-01_to_2015-01-01,2012-01-01,2015-01-01,"hml,smb,mom",mkt,14,5,79,12,4,mom
2012-01-01_to_2015-01-01,2012-01-01,2015-01-01,"hml,smb,mom",mkt,14,5,79,12,5,mom
2012-01-01_to_2015-01-01,2012-01-01,2015-01-01,"hml,smb,mom",mkt,14,5,79,12,6,mom
2012-01-01_to_2015-01-01,2012-01-01,2015-01-01,"hml,smb,mom",mkt,14,5,79,12,7,smb
2012-01-01_to_2015-01-01,2012-01-01,2015-01-01,"hml,smb,mom",mkt,14,5,79,12,8,mom
2012-01-01_to_2015-01-01,2012-01-01,2015-01-01,"hml,smb,mom",mkt,14,5,79,12,9,smb
2012-01-01_to_2015-01-01,2012-01-01,2015-01-01,"hml,smb,mom",mkt,14,5,79,12,10,mom
2012-01-01_to_2015-01-01,2012-01-01,2015-01-01,"hml,smb,mom",mkt,14,5,79,12,11,mom
2012-01-01_to_2015-01-01,2012-01-01,2015-01-01,"hml,smb,mom",mkt,14,5,79,12,12,smb
2012-01-01_to_2015-01-01,2012-01-01,2015-01-01,"hml,smb,mom",mkt,14,5,80,10,1,mom
2012-01-01_to_2015-01-01,2012-01-01,2015-01-01,"hml,smb,mom",mkt,14,5,80,10,2,mom
2012-01-01_to_2015-01-01,2012-01-01,2015-01-01,"hml,smb,mom",mkt,14,5,80,10,3,mom
2012-01-01_to_2015-01-01,2012-01-01,2015-01-01,"hml,smb,mom",mkt,14,5,80,10,4,mom
2012-01-01_to_2015-01-01,2012-01-01,2015-01-01,"hml,smb,mom",mkt,14,5,80,10,5,mom
2012-01-01_to_2015-01-01,2012-01-01,2015-01-01,"hml,smb,mom",mkt,14,5,80,10,6,mom
2012-01-01_to_2015-01-01,2012-01-01,2015-01-01,"hml,smb,mom",mkt,14,5,80,10,7,smb
2012-01-01_to_2015-01-01,2012-01-01,2015-01-01,"hml,smb,mom",mkt,14,5,80,10,8,mom
2012-01-01_to_2015-01-01,2012-01-01,2015-01-01,"hml,smb,mom",mkt,14,5,80,10,9,smb
2012-01-01_to_2015-01-01,2012-01-01,2015-01-01,"hml,smb,mom",mkt,14,5,80,10,10,mom
2012-01-01_to_2015-01-01,2012-01-01,2015-01-01,"hml,smb,mom",mkt,14,5,81,9,1,mom
2012-01-01_to_2015-01-01,2012-01-01,2015-01-01,"hml,smb,mom",mkt,14,5,81,9,2,mom
2012-01-01_to_2015-01-01,2012-01-01,2015-01-01,"hml,smb,mom",mkt,14,5,81,9,3,mom
2012-01-01_to_2015-01-01,2012-01-01,2015-01-01,"hml,smb,mom",mkt,14,5,81,9,4,mom
2012-01-01_to_2015-01-01,2012-01-01,2015-01-01,"hml,smb,mom",mkt,14,5,81,9,5,mom
2012-01-01_to_2015-01-01,2012-01-01,2015-01-01,"hml,smb,mom",mkt,14,5,81,9,6,mom
2012-01-01_to_2015-01-01,2012-01-01,2015-01-01,"hml,smb,mom",mkt,14,5,81,9,7,smb
2012-01-01_to_2015-01-01,2012-01-01,2015-01-01,"hml,smb,mom",mkt,14,5,81,9,8,mom
2012-01-01_to_2015-01-01,2012-01-01,2015-01-01,"hml,smb,mom",mkt,14,5,81,9,9,smb
2012-01-01_to_2015-01-01,2012-01-01,2015-01-01,"hml,smb,mom",mkt,14,5,82,7,1,mom
2012-01-01_to_2015-01-01,2012-01-01,2015-01-01,"hml,smb,mom",mkt,14,5,82,7,2,mom
2012-01-01_to_2015-01-01,2012-01-01,2015-01-01,"hml,smb,mom",mkt,14,5,82,7,3,mom
2012-01-01_to_2015-01-01,2012-01-01,2015-01-01,"hml,smb,mom",mkt,14,5,82,7,4,mom
2012-01-01_to_2015-01-01,2012-01-01,2015-01-01,"hml,smb,mom",mkt,14,5,82,7,5,mom
2012-01-01_to_2015-01-01,2012-01-01,2015-01-01,"hml,smb,mom",mkt,14,5,82,7,6,mom
2012-01-01_to_2015-01-01,2012-01-01,2015-01-01,"hml,smb,mom",mkt,14,5,82,7,7,smb
2012-01-01_to_2015-01-01,2012-01-01,2015-01-01,"hml,smb,mom",mkt,14,5,88,10,1,mom
2012-01-01_to_2015-01-01,2012-01-01,2015-01-01,"hml,smb,mom",mkt,14,5,88,10,2,mom
2012-01-01_to_2015-01-01,2012-01-01,2015-01-01,"hml,smb,mom",mkt,14,5,88,10,3,mom
2012-01-01_to_2015-01-01,2012-01-01,2015-01-01,"hml,smb,mom",mkt,14,5,88,10,4,mom
2012-01-01_to_2015-01-01,2012-01-01,2015-01-01,"hml,smb,mom",mkt,14,5,88,10,5,mom
2012-01-01_to_2015-01-01,2012-01-01,2015-01-01,"hml,smb,mom",mkt,14,5,88,10,6,mom
2012-01-01_to_2015-01-01,2012-01-01,2015-01-01,"hml,smb,mom",mkt,14,5,88,10,7,smb
2012-01-01_to_2015-01-01,2012-01-01,2015-01-01,"hml,smb,mom",mkt,14,5,88,10,8,smb
2012-01-01_to_2015-01-01,2012-01-01,2015-01-01,"hml,smb,mom",mkt,14,5,88,10,9,smb
2012-01-01_to_2015-01-01,2012-01-01,2015-01-01,"hml,smb,mom",mkt,14,5,88,10,10,mom
2012-01-01_to_2015-01-01,2012-01-01,2015-01-01,"hml,smb,mom",mkt,14,5,91,12,1,mom
2012-01-01_to_2015-01-01,2012-01-01,2015-01-01,"hml,smb,mom",mkt,14,5,91,12,2,mom
2012-01-01_to_2015-01-01,2012-01-01,2015-01-01,"hml,smb,mom",mkt,14,5,91,12,3,mom
2012-01-01_to_2015-01-01,2012-01-01,2015-01-01,"hml,smb,mom",mkt,14,5,91,12,4,mom
2012-01-01_to_2015-01-01,2012-01-01,2015-01-01,"hml,smb,mom",mkt,14,5,91,12,5,mom
2012-01-01_to_2015-01-01,2012-01-01,2015-01-01,"hml,smb,mom",mkt,14,5,91,12,6,mom
2012-01-01_to_2015-01-01,2012-01-01,2015-01-01,"hml,smb,mom",mkt,14,5,91,12,7,smb
2012-01-01_to_2015-01-01,2012-01-01,2015-01-01,"hml,smb,mom",mkt,14,5,91,12,8,smb
2012-01-01_to_2015-01-01,2012-01-01,2015-01-01,"hml,smb,mom",mkt,14,5,91,12,9,smb
2012-01-01_to_2015-01-01,2012-01-01,2015-01-01,"hml,smb,mom",mkt,14,5,91,12,10,mom
2012-01-01_to_2015-01-01,2012-01-01,2015-01-01,"hml,smb,mom",mkt,14,5,91,12,11,hml
2012-01-01_to_2015-01-01,2012-01-01,2015-01-01,"hml,smb,mom",mkt,14,5,91,12,12,hml
2012-01-01_to_2015-01-01,2012-01-01,2015-01-01,"hml,smb,mom",mkt,14,5,92,12,1,mom
2012-01-01_to_2015-01-01,2012-01-01,2015-01-01,"hml,smb,mom",mkt,14,5,92,12,2,mom
2012-01-01_to_2015-01-01,2012-01-01,2015-01-01,"hml,smb,mom",mkt,14,5,92,12,3,mom
2012-01-01_to_2015-01-01,2012-01-01,2015-01-01,"hml,smb,mom",mkt,14,5,92,12,4,mom
2012-01-01_to_2015-01-01,2012-01-01,2015-01-01,"hml,smb,mom",mkt,14,5,92,12,5,mom
2012-01-01_to_2015-01-01,2012-01-01,2015-01-01,"hml,smb,mom",mkt,14,5,92,12,6,mom
2012-01-01_to_2015-01-01,2012-01-01,2015-01-01,"hml,smb,mom",mkt,14,5,92,12,7,smb
2012-01-01_to_2015-01-01,2012-01-01,2015-01-01,"hml,smb,mom",mkt,14,5,92,12,8,smb
2012-01-01_to_2015-01-01,2012-01-01,2015-01-01,"hml,smb,mom",mkt,14,5,92,12,9,smb
2012-01-01_to_2015-01-01,2012-01-01,2015-01-01,"hml,smb,mom",mkt,14,5,92,12,10,mom
2012-01-01_to_2015-01-01,2012-01-01,2015-01-01,"hml,smb,mom",mkt,14,5,92,12,11,hml
2012-01-01_to_2015-01-01,2012-01-01,2015-01-01,"hml,smb,mom",mkt,14,5,92,12,12,hml
2012-01-01_to_2015-01-01,2012-01-01,2015-01-01,"hml,smb,mom",mkt,14,5,93,11,1,mom
2012-01-01_to_2015-01-01,2012-01-01,2015-01-01,"hml,smb,mom",mkt,14,5,93,11,2,mom
2012-01-01_to_2015-01-01,2012-01-01,2015-01-01,"hml,smb,mom",mkt,14,5,93,11,3,mom
2012-01-01_to_2015-01-01,2012-01-01,2015-01-01,"hml,smb,mom",mkt,14,5,93,11,4,mom
2012-01-01_to_2015-01-01,2012-01-01,2015-01-01,"hml,smb,mom",mkt,14,5,93,11,5,mom
2012-01-01_to_2015-01-01,2012-01-01,2015-01-01,"hml,smb,mom",mkt,14,5,93,11,6,mom
2012-01-01_to_2015-01-01,2012-01-01,2015-01-01,"hml,smb,mom",mkt,14,5,93,11,7,smb
2012-01-01_to_2015-01-01,2012-01-01,2015-01-01,"hml,smb,mom",mkt,14,5,93,11,8,smb
2012-01-01_to_2015-01-01,2012-01-01,2015-01-01,"hml,smb,mom",mkt,14,5,93,11,9,smb
2012-01-01_to_2015-01-01,2012-01-01,2015-01-01,"hml,smb,mom",mkt,14,5,93,11,10,mom
2012-01-01_to_2015-01-01,2012-01-01,2015-01-01,"hml,smb,mom",mkt,14,5,93,11,11,hml
2012-01-01_to_2015-01-01,2012-01-01,2015-01-01,"hml,smb,mom",mkt,14,5,94,9,1,mom
2012-01-01_to_2015-01-01,2012-01-01,2015-01-01,"hml,smb,mom",mkt,14,5,94,9,2,mom
2012-01-01_to_2015-01-01,2012-01-01,2015-01-01,"hml,smb,mom",mkt,14,5,94,9,3,mom
2012-01-01_to_2015-01-01,2012-01-01,2015-01-01,"hml,smb,mom",mkt,14,5,94,9,4,mom
2012-01-01_to_2015-01-01,2012-01-01,2015-01-01,"hml,smb,mom",mkt,14,5,94,9,5,mom
2012-01-01_to_2015-01-01,2012-01-01,2015-01-01,"hml,smb,mom",mkt,14,5,94,9,6,mom
2012-01-01_to_2015-01-01,2012-01-01,2015-01-01,"hml,smb,mom",mkt,14,5,94,9,7,smb
2012-01-01_to_2015-01-01,2012-01-01,2015-01-01,"hml,smb,mom",mkt,14,5,94,9,8,smb
2012-01-01_to_2015-01-01,2012-01-01,2015-01-01,"hml,smb,mom",mkt,14,5,94,9,9,smb
2012-01-01_to_2015-01-01,2012-01-01,2015-01-01,"hml,smb,mom",mkt,14,5,96,9,1,mom
2012-01-01_to_2015-01-01,2012-01-01,2015-01-01,"hml,smb,mom",mkt,14,5,96,9,2,mom
2012-01-01_to_2015-01-01,2012-01-01,2015-01-01,"hml,smb,mom",mkt,14,5,96,9,3,mom
2012-01-01_to_2015-01-01,2012-01-01,2015-01-01,"hml,smb,mom",mkt,14,5,96,9,4,mom
2012-01-01_to_2015-01-01,2012-01-01,2015-01-01,"hml,smb,mom",mkt,14,5,96,9,5,mom
2012-01-01_to_2015-01-01,2012-01-01,2015-01-01,"hml,smb,mom",mkt,14,5,96,9,6,mom
2012-01-01_to_2015-01-01,2012-01-01,2015-01-01,"hml,smb,mom",mkt,14,5,96,9,7,smb
2012-01-01_to_2015-01-01,2012-01-01,2015-01-01,"hml,smb,mom",mkt,14,5,96,9,8,smb
2012-01-01_to_2015-01-01,2012-01-01,2015-01-01,"hml,smb,mom",mkt,14,5,96,9,9,hml
2012-01-01_to_2015-01-01,2012-01-01,2015-01-01,"hml,smb,mom",mkt,14,5,97,9,1,mom
2012-01-01_to_2015-01-01,2012-01-01,2015-01-01,"hml,smb,mom",mkt,14,5,97,9,2,mom
2012-01-01_to_2015-01-01,2012-01-01,2015-01-01,"hml,smb,mom",mkt,14,5,97,9,3,mom
2012-01-01_to_2015-01-01,2012-01-01,2015-01-01,"hml,smb,mom",mkt,14,5,97,9,4,mom
2012-01-01_to_2015-01-01,2012-01-01,2015-01-01,"hml,smb,mom",mkt,14,5,97,9,5,mom
2012-01-01_to_2015-01-01,2012-01-01,2015-01-01,"hml,smb,mom",mkt,14,5,97,9,6,mom
2012-01-01_to_2015-01-01,2012-01-01,2015-01-01,"hml,smb,mom",mkt,14,5,97,9,7,smb
2012-01-01_to_2015-01-01,2012-01-01,2015-01-01,"hml,smb,mom",mkt,14,5,97,9,8,smb
2012-01-01_to_2015-01-01,2012-01-01,2015-01-01,"hml,smb,mom",mkt,14,5,97,9,9,hml
2012-01-01_to_2015-01-01,2012-01-01,2015-01-01,"hml,smb,mom",mkt,14,5,102,11,1,mom
2012-01-01_to_2015-01-01,2012-01-01,2015-01-01,"hml,smb,mom",mkt,14,5,102,11,2,mom
2012-01-01_to_2015-01-01,2012-01-01,2015-01-01,"hml,smb,mom",mkt,14,5,102,11,3,mom
2012-01-01_to_2015-01-01,2012-01-01,2015-01-01,"hml,smb,mom",mkt,14,5,102,11,4,mom
2012-01-01_to_2015-01-01,2012-01-01,2015-01-01,"hml,smb,mom",mkt,14,5,102,11,5,mom
2012-01-01_to_2015-01-01,2012-01-01,2015-01-01,"hml,smb,mom",mkt,14,5,102,11,6,mom
2012-01-01_to_2015-01-01,2012-01-01,2015-01-01,"hml,smb,mom",mkt,14,5,102,11,7,smb
2012-01-01_to_2015-01-01,2012-01-01,2015-01-01,"hml,smb,mom",mkt,14,5,102,11,8,mom
2012-01-01_to_2015-01-01,2012-01-01,2015-01-01,"hml,smb,mom",mkt,14,5,102,11,9,hml
2012-01-01_to_2015-01-01,2012-01-01,2015-01-01,"hml,smb,mom",mkt,14,5,102,11,10,hml
2012-01-01_to_2015-01-01,2012-01-01,2015-01-01,"hml,smb,mom",mkt,14,5,102,11,11,hml
2012-01-01_to_2015-01-01,2012-01-01,2015-01-01,"hml,smb,mom",mkt,14,5,103,11,1,mom
2012-01-01_to_2015-01-01,2012-01-01,2015-01-01,"hml,smb,mom",mkt,14,5,103,11,2,mom
2012-01-01_to_2015-01-01,2012-01-01,2015-01-01,"hml,smb,mom",mkt,14,5,103,11,3,mom
2012-01-01_to_2015-01-01,2012-01-01,2015-01-01,"hml,smb,mom",mkt,14,5,103,11,4,mom
2012-01-01_to_2015-01-01,2012-01-01,2015-01-01,"hml,smb,mom",mkt,14,5,103,11,5,mom
2012-01-01_to_2015-01-01,2012-01-01,2015-01-01,"hml,smb,mom",mkt,14,5,103,11,6,mom
2012-01-01_to_2015-01-01,2012-01-01,2015-01-01,"hml,smb,mom",mkt,14,5,103,11,7,smb
2012-01-01_to_2015-01-01,2012-01-01,2015-01-01,"hml,smb,mom",mkt,14,5,103,11,8,mom
2012-01-01_to_2015-01-01,2012-01-01,2015-01-01,"hml,smb,mom",mkt,14,5,103,11,9,hml
2012-01-01_to_2015-01-01,2012-01-01,2015-01-01,"hml,smb,mom",mkt,14,5,103,11,10,hml
2012-01-01_to_2015-01-01,2012-01-01,2015-01-01,"hml,smb,mom",mkt,14,5,103,11,11,hml
2012-01-01_to_2015-01-01,2012-01-01,2015-01-01,"hml,smb,mom",mkt,14,5,105,11,1,mom
2012-01-01_to_2015-01-01,2012-01-01,2015-01-01,"hml,smb,mom",mkt,14,5,105,11,2,mom
2012-01-01_to_2015-01-01,2012-01-01,2015-01-01,"hml,smb,mom",mkt,14,5,105,11,3,mom
2012-01-01_to_2015-01-01,2012-01-01,2015-01-01,"hml,smb,mom",mkt,14,5,105,11,4,mom
2012-01-01_to_2015-01-01,2012-01-01,2015-01-01,"hml,smb,mom",mkt,14,5,105,11,5,mom
2012-01-01_to_2015-01-01,2012-01-01,2015-01-01,"hml,smb,mom",mkt,14,5,105,11,6,mom
2012-01-01_to_2015-01-01,2012-01-01,2015-01-01,"hml,smb,mom",mkt,14,5,105,11,7,smb
2012-01-01_to_2015-01-01,2012-01-01,2015-01-01,"hml,smb,mom",mkt,14,5,105,11,8,mom
2012-01-01_to_2015-01-01,2012-01-01,2015-01-01,"hml,smb,mom",mkt,14,5,105,11,9,hml
2012-01-01_to_2015-01-01,2012-01-01,2015-01-01,"hml,smb,mom",mkt,14,5,105,11,10,hml
2012-01-01_to_2015-01-01,2012-01-01,2015-01-01,"hml,smb,mom",mkt,14,5,105,11,11,mom
2012-01-01_to_2015-01-01,2012-01-01,2015-01-01,"hml,smb,mom",mkt,14,5,108,13,1,mom
2012-01-01_to_2015-01-01,2012-01-01,2015-01-01,"hml,smb,mom",mkt,14,5,108,13,2,mom
2012-01-01_to_2015-01-01,2012-01-01,2015-01-01,"hml,smb,mom",mkt,14,5,108,13,3,mom
2012-01-01_to_2015-01-01,2012-01-01,2015-01-01,"hml,smb,mom",mkt,14,5,108,13,4,mom
2012-01-01_to_2015-01-01,2012-01-01,2015-01-01,"hml,smb,mom",mkt,14,5,108,13,5,mom
2012-01-01_to_2015-01-01,2012-01-01,2015-01-01,"hml,smb,mom",mkt,14,5,108,13,6,mom
2012-01-01_to_2015-01-01,2012-01-01,2015-01-01,"hml,smb,mom",mkt,14,5,108,13,7,smb
2012-01-01_to_2015-01-01,2012-01-01,2015-01-01,"hml,smb,mom",mkt,14,5,108,13,8,mom
2012-01-01_to_2015-01-01,2012-01-01,2015-01-01,"hml,smb,mom",mkt,14,5,108,13,9,hml
2012-01-01_to_2015-01-01,2012-01-01,2015-01-01,"hml,smb,mom",mkt,14,5,108,13,10,hml
2012-01-01_to_2015-01-01,2012-01-01,2015-01-01,"hml,smb,mom",mkt,14,5,108,13,11,mom
2012-01-01_to_2015-01-01,2012-01-01,2015-01-01,"hml,smb,mom",mkt,14,5,108,13,12,smb
2012-01-01_to_2015-01-01,2012-01-01,2015-01-01,"hml,smb,mom",mkt,14,5,108,13,13,smb
2012-01-01_to_2015-01-01,2012-01-01,2015-01-01,"hml,smb,mom",mkt,14,5,109,13,1,mom
2012-01-01_to_2015-01-01,2012-01-01,2015-01-01,"hml,smb,mom",mkt,14,5,109,13,2,mom
2012-01-01_to_2015-01-01,2012-01-01,2015-01-01,"hml,smb,mom",mkt,14,5,109,13,3,mom
2012-01-01_to_2015-01-01,2012-01-01,2015-01-01,"hml,smb,mom",mkt,14,5,109,13,4,mom
2012-01-01_to_2015-01-01,2012-01-01,2015-01-01,"hml,smb,mom",mkt,14,5,109,13,5,mom
2012-01-01_to_2015-01-01,2012-01-01,2015-01-01,"hml,smb,mom",mkt,14,5,109,13,6,mom
2012-01-01_to_2015-01-01,2012-01-01,2015-01-01,"hml,smb,mom",mkt,14,5,109,13,7,smb
2012-01-01_to_2015-01-01,2012-01-01,2015-01-01,"hml,smb,mom",mkt,14,5,109,13,8,mom
2012-01-01_to_2015-01-01,2012-01-01,2015-01-01,"hml,smb,mom",mkt,14,5,109,13,9,hml
2012-01-01_to_2015-01-01,2012-01-01,2015-01-01,"hml,smb,mom",mkt,14,5,109,13,10,hml
2012-01-01_to_2015-01-01,2012-01-01,2015-01-01,"hml,smb,mom",mkt,14,5,109,13,11,mom
2012-01-01_to_2015-01-01,2012-01-01,2015-01-01,"hml,smb,mom",mkt,14,5,109,13,12,smb
2012-01-01_to_2015-01-01,2012-01-01,2015-01-01,"hml,smb,mom",mkt,14,5,109,13,13,smb
2012-01-01_to_2015-01-01,2012-01-01,2015-01-01,"hml,smb,mom",mkt,14,5,110,12,1,mom
2012-01-01_to_2015-01-01,2012-01-01,2015-01-01,"hml,smb,mom",mkt,14,5,110,12,2,mom
2012-01-01_to_2015-01-01,2012-01-01,2015-01-01,"hml,smb,mom",mkt,14,5,110,12,3,mom
2012-01-01_to_2015-01-01,2012-01-01,2015-01-01,"hml,smb,mom",mkt,14,5,110,12,4,mom
2012-01-01_to_2015-01-01,2012-01-01,2015-01-01,"hml,smb,mom",mkt,14,5,110,12,5,mom
2012-01-01_to_2015-01-01,2012-01-01,2015-01-01,"hml,smb,mom",mkt,14,5,110,12,6,mom
2012-01-01_to_2015-01-01,2012-01-01,2015-01-01,"hml,smb,mom",mkt,14,5,110,12,7,smb
2012-01-01_to_2015-01-01,2012-01-01,2015-01-01,"hml,smb,mom",mkt,14,5,110,12,8,mom
2012-01-01_to_2015-01-01,2012-01-01,2015-01-01,"hml,smb,mom",mkt,14,5,110,12,9,hml
2012-01-01_to_2015-01-01,2012-01-01,2015-01-01,"hml,smb,mom",mkt,14,5,110,12,10,hml
2012-01-01_to_2015-01-01,2012-01-01,2015-01-01,"hml,smb,mom",mkt,14,5,110,12,11,mom
2012-01-01_to_2015-01-01,2012-01-01,2015-01-01,"hml,smb,mom",mkt,14,5,110,12,12,smb
2012-01-01_to_2015-01-01,2012-01-01,2015-01-01,"hml,smb,mom",mkt,14,5,111,9,1,mom
2012-01-01_to_2015-01-01,2012-01-01,2015-01-01,"hml,smb,mom",mkt,14,5,111,9,2,mom
2012-01-01_to_2015-01-01,2012-01-01,2015-01-01,"hml,smb,mom",mkt,14,5,111,9,3,mom
2012-01-01_to_2015-01-01,2012-01-01,2015-01-01,"hml,smb,mom",mkt,14,5,111,9,4,mom
2012-01-01_to_2015-01-01,2012-01-01,2015-01-01,"hml,smb,mom",mkt,14,5,111,9,5,mom
2012-01-01_to_2015-01-01,2012-01-01,2015-01-01,"hml,smb,mom",mkt,14,5,111,9,6,mom
2012-01-01_to_2015-01-01,2012-01-01,2015-01-01,"hml,smb,mom",mkt,14,5,111,9,7,smb
2012-01-01_to_2015-01-01,2012-01-01,2015-01-01,"hml,smb,mom",mkt,14,5,111,9,8,mom
2012-01-01_to_2015-01-01,2012-01-01,2015-01-01,"hml,smb,mom",mkt,14,5,111,9,9,hml
2012-01-01_to_2015-01-01,2012-01-01,2015-01-01,"hml,smb,mom",mkt,14,5,117,13,1,mom
2012-01-01_to_2015-01-01,2012-01-01,2015-01-01,"hml,smb,mom",mkt,14,5,117,13,2,mom
2012-01-01_to_2015-01-01,2012-01-01,2015-01-01,"hml,smb,mom",mkt,14,5,117,13,3,mom
2012-01-01_to_2015-01-01,2012-01-01,2015-01-01,"hml,smb,mom",mkt,14,5,117,13,4,mom
2012-01-01_to_2015-01-01,2012-01-01,2015-01-01,"hml,smb,mom",mkt,14,5,117,13,5,mom
2012-01-01_to_2015-01-01,2012-01-01,2015-01-01,"hml,smb,mom",mkt,14,5,117,13,6,mom
2012-01-01_to_2015-01-01,2012-01-01,2015-01-01,"hml,smb,mom",mkt,14,5,117,13,7,smb
2012-01-01_to_2015-01-01,2012-01-01,2015-01-01,"hml,smb,mom",mkt,14,5,117,13,8,mom
2012-01-01_to_2015-01-01,2012-01-01,2015-01-01,"hml,smb,mom",mkt,14,5,117,13,9,hml
2012-01-01_to_2015-01-01,2012-01-01,2015-01-01,"hml,smb,mom",mkt,14,5,117,13,10,hml
2012-01-01_to_2015-01-01,2012-01-01,2015-01-01,"hml,smb,mom",mkt,14,5,117,13,11,smb
2012-01-01_to_2015-01-01,2012-01-01,2015-01-01,"hml,smb,mom",mkt,14,5,117,13,12,smb
2012-01-01_to_2015-01-01,2012-01-01,2015-01-01,"hml,smb,mom",mkt,14,5,117,13,13,mom
2012-01-01_to_2015-01-01,2012-01-01,2015-01-01,"hml,smb,mom",mkt,14,5,119,14,1,mom
2012-01-01_to_2015-01-01,2012-01-01,2015-01-01,"hml,smb,mom",mkt,14,5,119,14,2,mom
2012-01-01_to_2015-01-01,2012-01-01,2015-01-01,"hml,smb,mom",mkt,14,5,119,14,3,mom
2012-01-01_to_2015-01-01,2012-01-01,2015-01-01,"hml,smb,mom",mkt,14,5,119,14,4,mom
2012-01-01_to_2015-01-01,2012-01-01,2015-01-01,"hml,smb,mom",mkt,14,5,119,14,5,mom
2012-01-01_to_2015-01-01,2012-01-01,2015-01-01,"hml,smb,mom",mkt,14,5,119,14,6,mom
2012-01-01_to_2015-01-01,2012-01-01,2015-01-01,"hml,smb,mom",mkt,14,5,119,14,7,smb
2012-01-01_to_2015-01-01,2012-01-01,2015-01-01,"hml,smb,mom",mkt,14,5,119,14,8,mom
2012-01-01_to_2015-01-01,2012-01-01,2015-01-01,"hml,smb,mom",mkt,14,5,119,14,9,hml
2012-01-01_to_2015-01-01,2012-01-01,2015-01-01,"hml,smb,mom",mkt,14,5,119,14,10,hml
2012-01-01_to_2015-01-01,2012-01-01,2015-01-01,"hml,smb,mom",mkt,14,5,119,14,11,smb
2012-01-01_to_2015-01-01,2012-01-01,2015-01-01,"hml,smb,mom",mkt,14,5,119,14,12,smb
2012-01-01_to_2015-01-01,2012-01-01,2015-01-01,"hml,smb,mom",mkt,14,5,119,14,13,mom
2012-01-01_to_2015-01-01,2012-01-01,2015-01-01,"hml,smb,mom",mkt,14,5,119,14,14,smb
2012-01-01_to_2015-01-01,2012-01-01,2015-01-01,"hml,smb,mom",mkt,14,5,120,14,1,mom
2012-01-01_to_2015-01-01,2012-01-01,2015-01-01,"hml,smb,mom",mkt,14,5,120,14,2,mom
2012-01-01_to_2015-01-01,2012-01-01,2015-01-01,"hml,smb,mom",mkt,14,5,120,14,3,mom
2012-01-01_to_2015-01-01,2012-01-01,2015-01-01,"hml,smb,mom",mkt,14,5,120,14,4,mom
2012-01-01_to_2015-01-01,2012-01-01,2015-01-01,"hml,smb,mom",mkt,14,5,120,14,5,mom
2012-01-01_to_2015-01-01,2012-01-01,2015-01-01,"hml,smb,mom",mkt,14,5,120,14,6,mom
2012-01-01_to_2015-01-01,2012-01-01,2015-01-01,"hml,smb,mom",mkt,14,5,120,14,7,smb
2012-01-01_to_2015-01-01,2012-01-01,2015-01-01,"hml,smb,mom",mkt,14,5,120,14,8,mom
2012-01-01_to_2015-01-01,2012-01-01,2015-01-01,"hml,smb,mom",mkt,14,5,120,14,9,hml
2012-01-01_to_2015-01-01,2012-01-01,2015-01-01,"hml,smb,mom",mkt,14,5,120,14,10,hml
2012-01-01_to_2015-01-01,2012-01-01,2015-01-01,"hml,smb,mom",mkt,14,5,120,14,11,smb
2012-01-01_to_2015-01-01,2012-01-01,2015-01-01,"hml,smb,mom",mkt,14,5,120,14,12,smb
2012-01-01_to_2015-01-01,2012-01-01,2015-01-01,"hml,smb,mom",mkt,14,5,120,14,13,mom
2012-01-01_to_2015-01-01,2012-01-01,2015-01-01,"hml,smb,mom",mkt,14,5,120,14,14,smb
2012-01-01_to_2015-01-01,2012-01-01,2015-01-01,"hml,smb,mom",mkt,14,5,121,12,1,mom
2012-01-01_to_2015-01-01,2012-01-01,2015-01-01,"hml,smb,mom",mkt,14,5,121,12,2,mom
2012-01-01_to_2015-01-01,2012-01-01,2015-01-01,"hml,smb,mom",mkt,14,5,121,12,3,mom
2012-01-01_to_2015-01-01,2012-01-01,2015-01-01,"hml,smb,mom",mkt,14,5,121,12,4,mom
2012-01-01_to_2015-01-01,2012-01-01,2015-01-01,"hml,smb,mom",mkt,14,5,121,12,5,mom
2012-01-01_to_2015-01-01,2012-01-01,2015-01-01,"hml,smb,mom",mkt,14,5,121,12,6,mom
2012-01-01_to_2015-01-01,2012-01-01,2015-01-01,"hml,smb,mom",mkt,14,5,121,12,7,smb
2012-01-01_to_2015-01-01,2012-01-01,2015-01-01,"hml,smb,mom",mkt,14,5,121,12,8,mom
2012-01-01_to_2015-01-01,2012-01-01,2015-01-01,"hml,smb,mom",mkt,14,5,121,12,9,hml
2012-01-01_to_2015-01-01,2012-01-01,2015-01-01,"hml,smb,mom",mkt,14,5,121,12,10,hml
2012-01-01_to_2015-01-01,2012-01-01,2015-01-01,"hml,smb,mom",mkt,14,5,121,12,11,smb
2012-01-01_to_2015-01-01,2012-01-01,2015-01-01,"hml,smb,mom",mkt,14,5,121,12,12,smb
2012-01-01_to_2015-01-01,2012-01-01,2015-01-01,"hml,smb,mom",mkt,14,5,122,11,1,mom
2012-01-01_to_2015-01-01,2012-01-01,2015-01-01,"hml,smb,mom",mkt,14,5,122,11,2,mom
2012-01-01_to_2015-01-01,2012-01-01,2015-01-01,"hml,smb,mom",mkt,14,5,122,11,3,mom
2012-01-01_to_2015-01-01,2012-01-01,2015-01-01,"hml,smb,mom",mkt,14,5,122,11,4,mom
2012-01-01_to_2015-01-01,2012-01-01,2015-01-01,"hml,smb,mom",mkt,14,5,122,11,5,mom
2012-01-01_to_2015-01-01,2012-01-01,2015-01-01,"hml,smb,mom",mkt,14,5,122,11,6,mom
2012-01-01_to_2015-01-01,2012-01-01,2015-01-01,"hml,smb,mom",mkt,14,5,122,11,7,smb
2012-01-01_to_2015-01-01,2012-01-01,2015-01-01,"hml,smb,mom",mkt,14,5,122,11,8,mom
2012-01-01_to_2015-01-01,2012-01-01,2015-01-01,"hml,smb,mom",mkt,14,5,122,11,9,hml
2012-01-01_to_2015-01-01,2012-01-01,2015-01-01,"hml,smb,mom",mkt,14,5,122,11,10,hml
2012-01-01_to_2015-01-01,2012-01-01,2015-01-01,"hml,smb,mom",mkt,14,5,122,11,11,smb
2012-01-01_to_2015-01-01,2012-01-01,2015-01-01,"hml,smb,mom",mkt,14,5,123,10,1,mom
2012-01-01_to_2015-01-01,2012-01-01,2015-01-01,"hml,smb,mom",mkt,14,5,123,10,2,mom
2012-01-01_to_2015-01-01,2012-01-01,2015-01-01,"hml,smb,mom",mkt,14,5,123,10,3,mom
2012-01-01_to_2015-01-01,2012-01-01,2015-01-01,"hml,smb,mom",mkt,14,5,123,10,4,mom
2012-01-01_to_2015-01-01,2012-01-01,2015-01-01,"hml,smb,mom",mkt,14,5,123,10,5,mom
2012-01-01_to_2015-01-01,2012-01-01,2015-01-01,"hml,smb,mom",mkt,14,5,123,10,6,mom
2012-01-01_to_2015-01-01,2012-01-01,2015-01-01,"hml,smb,mom",mkt,14,5,123,10,7,smb
2012-01-01_to_2015-01-01,2012-01-01,2015-01-01,"hml,smb,mom",mkt,14,5,123,10,8,mom
2012-01-01_to_2015-01-01,2012-01-01,2015-01-01,"hml,smb,mom",mkt,14,5,123,10,9,hml
2012-01-01_to_2015-01-01,2012-01-01,2015-01-01,"hml,smb,mom",mkt,14,5,123,10,10,hml
2012-01-01_to_2015-01-01,2012-01-01,2015-01-01,"hml,smb,mom",mkt,14,5,125,10,1,mom
2012-01-01_to_2015-01-01,2012-01-01,2015-01-01,"hml,smb,mom",mkt,14,5,125,10,2,mom
2012-01-01_to_2015-01-01,2012-01-01,2015-01-01,"hml,smb,mom",mkt,14,5,125,10,3,mom
2012-01-01_to_2015-01-01,2012-01-01,2015-01-01,"hml,smb,mom",mkt,14,5,125,10,4,mom
2012-01-01_to_2015-01-01,2012-01-01,2015-01-01,"hml,smb,mom",mkt,14,5,125,10,5,mom
2012-01-01_to_2015-01-01,2012-01-01,2015-01-01,"hml,smb,mom",mkt,14,5,125,10,6,mom
2012-01-01_to_2015-01-01,2012-01-01,2015-01-01,"hml,smb,mom",mkt,14,5,125,10,7,smb
2012-01-01_to_2015-01-01,2012-01-01,2015-01-01,"hml,smb,mom",mkt,14,5,125,10,8,mom
2012-01-01_to_2015-01-01,2012-01-01,2015-01-01,"hml,smb,mom",mkt,14,5,125,10,9,hml
2012-01-01_to_2015-01-01,2012-01-01,2015-01-01,"hml,smb,mom",mkt,14,5,125,10,10,smb
2012-01-01_to_2015-01-01,2012-01-01,2015-01-01,"hml,smb,mom",mkt,14,5,126,10,1,mom
2012-01-01_to_2015-01-01,2012-01-01,2015-01-01,"hml,smb,mom",mkt,14,5,126,10,2,mom
2012-01-01_to_2015-01-01,2012-01-01,2015-01-01,"hml,smb,mom",mkt,14,5,126,10,3,mom
2012-01-01_to_2015-01-01,2012-01-01,2015-01-01,"hml,smb,mom",mkt,14,5,126,10,4,mom
2012-01-01_to_2015-01-01,2012-01-01,2015-01-01,"hml,smb,mom",mkt,14,5,126,10,5,mom
2012-01-01_to_2015-01-01,2012-01-01,2015-01-01,"hml,smb,mom",mkt,14,5,126,10,6,mom
2012-01-01_to_2015-01-01,2012-01-01,2015-01-01,"hml,smb,mom",mkt,14,5,126,10,7,smb
2012-01-01_to_2015-01-01,2012-01-01,2015-01-01,"hml,smb,mom",mkt,14,5,126,10,8,mom
2012-01-01_to_2015-01-01,2012-01-01,2015-01-01,"hml,smb,mom",mkt,14,5,126,10,9,hml
2012-01-01_to_2015-01-01,2012-01-01,2015-01-01,"hml,smb,mom",mkt,14,5,126,10,10,smb
2012-01-01_to_2015-01-01,2012-01-01,2015-01-01,"hml,smb,mom",mkt,14,5,129,8,1,mom
2012-01-01_to_2015-01-01,2012-01-01,2015-01-01,"hml,smb,mom",mkt,14,5,129,8,2,mom
2012-01-01_to_2015-01-01,2012-01-01,2015-01-01,"hml,smb,mom",mkt,14,5,129,8,3,mom
2012-01-01_to_2015-01-01,2012-01-01,2015-01-01,"hml,smb,mom",mkt,14,5,129,8,4,mom
2012-01-01_to_2015-01-01,2012-01-01,2015-01-01,"hml,smb,mom",mkt,14,5,129,8,5,mom
2012-01-01_to_2015-01-01,2012-01-01,2015-01-01,"hml,smb,mom",mkt,14,5,129,8,6,mom
2012-01-01_to_2015-01-01,2012-01-01,2015-01-01,"hml,smb,mom",mkt,14,5,129,8,7,smb
2012-01-01_to_2015-01-01,2012-01-01,2015-01-01,"hml,smb,mom",mkt,14,5,129,8,8,hml
2012-01-01_to_2015-01-01,2012-01-01,2015-01-01,"hml,smb,mom",mkt,14,5,130,8,1,mom
2012-01-01_to_2015-01-01,2012-01-01,2015-01-01,"hml,smb,mom",mkt,14,5,130,8,2,mom
2012-01-01_to_2015-01-01,2012-01-01,2015-01-01,"hml,smb,mom",mkt,14,5,130,8,3,mom
2012-01-01_to_2015-01-01,2012-01-01,2015-01-01,"hml,smb,mom",mkt,14,5,130,8,4,mom
2012-01-01_to_2015-01-01,2012-01-01,2015-01-01,"hml,smb,mom",mkt,14,5,130,8,5,mom
2012-01-01_to_2015-01-01,2012-01-01,2015-01-01,"hml,smb,mom",mkt,14,5,130,8,6,mom
2012-01-01_to_2015-01-01,2012-01-01,2015-01-01,"hml,smb,mom",mkt,14,5,130,8,7,smb
2012-01-01_to_2015-01-01,2012-01-01,2015-01-01,"hml,smb,mom",mkt,14,5,130,8,8,hml
2012-01-01_to_2015-01-01,2012-01-01,2015-01-01,"hml,smb,mom",mkt,14,5,135,11,1,mom
2012-01-01_to_2015-01-01,2012-01-01,2015-01-01,"hml,smb,mom",mkt,14,5,135,11,2,mom
2012-01-01_to_2015-01-01,2012-01-01,2015-01-01,"hml,smb,mom",mkt,14,5,135,11,3,mom
2012-01-01_to_2015-01-01,2012-01-01,2015-01-01,"hml,smb,mom",mkt,14,5,135,11,4,mom
2012-01-01_to_2015-01-01,2012-01-01,2015-01-01,"hml,smb,mom",mkt,14,5,135,11,5,mom
2012-01-01_to_2015-01-01,2012-01-01,2015-01-01,"hml,smb,mom",mkt,14,5,135,11,6,mom
2012-01-01_to_2015-01-01,2012-01-01,2015-01-01,"hml,smb,mom",mkt,14,5,135,11,7,smb
2012-01-01_to_2015-01-01,2012-01-01,2015-01-01,"hml,smb,mom",mkt,14,5,135,11,8,hml
2012-01-01_to_2015-01-01,2012-01-01,2015-01-01,"hml,smb,mom",mkt,14,5,135,11,9,hml
2012-01-01_to_2015-01-01,2012-01-01,2015-01-01,"hml,smb,mom",mkt,14,5,135,11,10,mom
2012-01-01_to_2015-01-01,2012-01-01,2015-01-01,"hml,smb,mom",mkt,14,5,135,11,11,smb
2012-01-01_to_2015-01-01,2012-01-01,2015-01-01,"hml,smb,mom",mkt,14,5,137,12,1,mom
2012-01-01_to_2015-01-01,2012-01-01,2015-01-01,"hml,smb,mom",mkt,14,5,137,12,2,mom
2012-01-01_to_2015-01-01,2012-01-01,2015-01-01,"hml,smb,mom",mkt,14,5,137,12,3,mom
2012-01-01_to_2015-01-01,2012-01-01,2015-01-01,"hml,smb,mom",mkt,14,5,137,12,4,mom
2012-01-01_to_2015-01-01,2012-01-01,2015-01-01,"hml,smb,mom",mkt,14,5,137,12,5,mom
2012-01-01_to_2015-01-01,2012-01-01,2015-01-01,"hml,smb,mom",mkt,14,5,137,12,6,mom
2012-01-01_to_2015-01-01,2012-01-01,2015-01-01,"hml,smb,mom",mkt,14,5,137,12,7,smb
2012-01-01_to_2015-01-01,2012-01-01,2015-01-01,"hml,smb,mom",mkt,14,5,137,12,8,hml
2012-01-01_to_2015-01-01,2012-01-01,2015-01-01,"hml,smb,mom",mkt,14,5,137,12,9,hml
2012-01-01_to_2015-01-01,2012-01-01,2015-01-01,"hml,smb,mom",mkt,14,5,137,12,10,mom
2012-01-01_to_2015-01-01,2012-01-01,2015-01-01,"hml,smb,mom",mkt,14,5,137,12,11,smb
2012-01-01_to_2015-01-01,2012-01-01,2015-01-01,"hml,smb,mom",mkt,14,5,137,12,12,smb
2012-01-01_to_2015-01-01,2012-01-01,2015-01-01,"hml,smb,mom",mkt,14,5,138,12,1,mom
2012-01-01_to_2015-01-01,2012-01-01,2015-01-01,"hml,smb,mom",mkt,14,5,138,12,2,mom
2012-01-01_to_2015-01-01,2012-01-01,2015-01-01,"hml,smb,mom",mkt,14,5,138,12,3,mom
2012-01-01_to_2015-01-01,2012-01-01,2015-01-01,"hml,smb,mom",mkt,14,5,138,12,4,mom
2012-01-01_to_2015-01-01,2012-01-01,2015-01-01,"hml,smb,mom",mkt,14,5,138,12,5,mom
2012-01-01_to_2015-01-01,2012-01-01,2015-01-01,"hml,smb,mom",mkt,14,5,138,12,6,mom
2012-01-01_to_2015-01-01,2012-01-01,2015-01-01,"hml,smb,mom",mkt,14,5,138,12,7,smb
2012-01-01_to_2015-01-01,2012-01-01,2015-01-01,"hml,smb,mom",mkt,14,5,138,12,8,hml
2012-01-01_to_2015-01-01,2012-01-01,2015-01-01,"hml,smb,mom",mkt,14,5,138,12,9,hml
2012-01-01_to_2015-01-01,2012-01-01,2015-01-01,"hml,smb,mom",mkt,14,5,138,12,10,mom
2012-01-01_to_2015-01-01,2012-01-01,2015-01-01,"hml,smb,mom",mkt,14,5,138,12,11,smb
2012-01-01_to_2015-01-01,2012-01-01,2015-01-01,"hml,smb,mom",mkt,14,5,138,12,12,smb
2012-01-01_to_2015-01-01,2012-01-01,2015-01-01,"hml,smb,mom",mkt,14,5,140,11,1,mom
2012-01-01_to_2015-01-01,2012-01-01,2015-01-01,"hml,smb,mom",mkt,14,5,140,11,2,mom
2012-01-01_to_2015-01-01,2012-01-01,2015-01-01,"hml,smb,mom",mkt,14,5,140,11,3,mom
2012-01-01_to_2015-01-01,2012-01-01,2015-01-01,"hml,smb,mom",mkt,14,5,140,11,4,mom
2012-01-01_to_2015-01-01,2012-01-01,2015-01-01,"hml,smb,mom",mkt,14,5,140,11,5,mom
2012-01-01_to_2015-01-01,2012-01-01,2015-01-01,"hml,smb,mom",mkt,14,5,140,11,6,mom
2012-01-01_to_2015-01-01,2012-01-01,2015-01-01,"hml,smb,mom",mkt,14,5,140,11,7,smb
2012-01-01_to_2015-01-01,2012-01-01,2015-01-01,"hml,smb,mom",mkt,14,5,140,11,8,hml
2012-01-01_to_2015-01-01,2012-01-01,2015-01-01,"hml,smb,mom",mkt,14,5,140,11,9,hml
2012-01-01_to_2015-01-01,2012-01-01,2015-01-01,"hml,smb,mom",mkt,14,5,140,11,10,mom
2012-01-01_to_2015-01-01,2012-01-01,2015-01-01,"hml,smb,mom",mkt,14,5,140,11,11,hml
2012-01-01_to_2015-01-01,2012-01-01,2015-01-01,"hml,smb,mom",mkt,14,5,141,11,1,mom
2012-01-01_to_2015-01-01,2012-01-01,2015-01-01,"hml,smb,mom",mkt,14,5,141,11,2,mom
2012-01-01_to_2015-01-01,2012-01-01,2015-01-01,"hml,smb,mom",mkt,14,5,141,11,3,mom
2012-01-01_to_2015-01-01,2012-01-01,2015-01-01,"hml,smb,mom",mkt,14,5,141,11,4,mom
2012-01-01_to_2015-01-01,2012-01-01,2015-01-01,"hml,smb,mom",mkt,14,5,141,11,5,mom
2012-01-01_to_2015-01-01,2012-01-01,2015-01-01,"hml,smb,mom",mkt,14,5,141,11,6,mom
2012-01-01_to_2015-01-01,2012-01-01,2015-01-01,"hml,smb,mom",mkt,14,5,141,11,7,smb
2012-01-01_to_2015-01-01,2012-01-01,2015-01-01,"hml,smb,mom",mkt,14,5,141,11,8,hml
2012-01-01_to_2015-01-01,2012-01-01,2015-01-01,"hml,smb,mom",mkt,14,5,141,11,9,hml
2012-01-01_to_2015-01-01,2012-01-01,2015-01-01,"hml,smb,mom",mkt,14,5,141,11,10,mom
2012-01-01_to_2015-01-01,2012-01-01,2015-01-01,"hml,smb,mom",mkt,14,5,141,11,11,hml
2012-01-01_to_2015-01-01,2012-01-01,2015-01-01,"hml,smb,mom",mkt,14,5,142,9,1,mom
2012-01-01_to_2015-01-01,2012-01-01,2015-01-01,"hml,smb,mom",mkt,14,5,142,9,2,mom
2012-01-01_to_2015-01-01,2012-01-01,2015-01-01,"hml,smb,mom",mkt,14,5,142,9,3,mom
2012-01-01_to_2015-01-01,2012-01-01,2015-01-01,"hml,smb,mom",mkt,14,5,142,9,4,mom
2012-01-01_to_2015-01-01,2012-01-01,2015-01-01,"hml,smb,mom",mkt,14,5,142,9,5,mom
2012-01-01_to_2015-01-01,2012-01-01,2015-01-01,"hml,smb,mom",mkt,14,5,142,9,6,mom
2012-01-01_to_2015-01-01,2012-01-01,2015-01-01,"hml,smb,mom",mkt,14,5,142,9,7,smb
2012-01-01_to_2015-01-01,2012-01-01,2015-01-01,"hml,smb,mom",mkt,14,5,142,9,8,hml
2012-01-01_to_2015-01-01,2012-01-01,2015-01-01,"hml,smb,mom",mkt,14,5,142,9,9,hml
2012-01-01_to_2015-01-01,2012-01-01,2015-01-01,"hml,smb,mom",mkt,14,5,146,11,1,mom
2012-01-01_to_2015-01-01,2012-01-01,2015-01-01,"hml,smb,mom",mkt,14,5,146,11,2,mom
2012-01-01_to_2015-01-01,2012-01-01,2015-01-01,"hml,smb,mom",mkt,14,5,146,11,3,mom
2012-01-01_to_2015-01-01,2012-01-01,2015-01-01,"hml,smb,mom",mkt,14,5,146,11,4,mom
2012-01-01_to_2015-01-01,2012-01-01,2015-01-01,"hml,smb,mom",mkt,14,5,146,11,5,mom
2012-01-01_to_2015-01-01,2012-01-01,2015-01-01,"hml,smb,mom",mkt,14,5,146,11,6,mom
2012-01-01_to_2015-01-01,2012-01-01,2015-01-01,"hml,smb,mom",mkt,14,5,146,11,7,smb
2012-01-01_to_2015-01-01,2012-01-01,2015-01-01,"hml,smb,mom",mkt,14,5,146,11,8,hml
2012-01-01_to_2015-01-01,2012-01-01,2015-01-01,"hml,smb,mom",mkt,14,5,146,11,9,hml
2012-01-01_to_2015-01-01,2012-01-01,2015-01-01,"hml,smb,mom",mkt,14,5,146,11,10,mom
2012-01-01_to_2015-01-01,2012-01-01,2015-01-01,"hml,smb,mom",mkt,14,5,146,11,11,smb
2012-01-01_to_2015-01-01,2012-01-01,2015-01-01,"hml,smb,mom",mkt,14,5,147,11,1,mom
2012-01-01_to_2015-01-01,2012-01-01,2015-01-01,"hml,smb,mom",mkt,14,5,147,11,2,mom
2012-01-01_to_2015-01-01,2012-01-01,2015-01-01,"hml,smb,mom",mkt,14,5,147,11,3,mom
2012-01-01_to_2015-01-01,2012-01-01,2015-01-01,"hml,smb,mom",mkt,14,5,147,11,4,mom
2012-01-01_to_2015-01-01,2012-01-01,2015-01-01,"hml,smb,mom",mkt,14,5,147,11,5,mom
2012-01-01_to_2015-01-01,2012-01-01,2015-01-01,"hml,smb,mom",mkt,14,5,147,11,6,mom
2012-01-01_to_2015-01-01,2012-01-01,2015-01-01,"hml,smb,mom",mkt,14,5,147,11,7,smb
2012-01-01_to_2015-01-01,2012-01-01,2015-01-01,"hml,smb,mom",mkt,14,5,147,11,8,hml
2012-01-01_to_2015-01-01,2012-01-01,2015-01-01,"hml,smb,mom",mkt,14,5,147,11,9,hml
2012-01-01_to_2015-01-01,2012-01-01,2015-01-01,"hml,smb,mom",mkt,14,5,147,11,10,mom
2012-01-01_to_2015-01-01,2012-01-01,2015-01-01,"hml,smb,mom",mkt,14,5,147,11,11,smb
2012-01-01_to_2015-01-01,2012-01-01,2015-01-01,"hml,smb,mom",mkt,14,5,149,11,1,mom
2012-01-01_to_2015-01-01,2012-01-01,2015-01-01,"hml,smb,mom",mkt,14,5,149,11,2,mom
2012-01-01_to_2015-01-01,2012-01-01,2015-01-01,"hml,smb,mom",mkt,14,5,149,11,3,mom
2012-01-01_to_2015-01-01,2012-01-01,2015-01-01,"hml,smb,mom",mkt,14,5,149,11,4,mom
2012-01-01_to_2015-01-01,2012-01-01,2015-01-01,"hml,smb,mom",mkt,14,5,149,11,5,mom
2012-01-01_to_2015-01-01,2012-01-01,2015-01-01,"hml,smb,mom",mkt,14,5,149,11,6,mom
2012-01-01_to_2015-01-01,2012-01-01,2015-01-01,"hml,smb,mom",mkt,14,5,149,11,7,smb
2012-01-01_to_2015-01-01,2012-01-01,2015-01-01,"hml,smb,mom",mkt,14,5,149,11,8,hml
2012-01-01_to_2015-01-01,2012-01-01,2015-01-01,"hml,smb,mom",mkt,14,5,149,11,9,hml
2012-01-01_to_2015-01-01,2012-01-01,2015-01-01,"hml,smb,mom",mkt,14,5,149,11,10,mom
2012-01-01_to_2015-01-01,2012-01-01,2015-01-01,"hml,smb,mom",mkt,14,5,149,11,11,smb
2012-01-01_to_2015-01-01,2012-01-01,2015-01-01,"hml,smb,mom",mkt,14,5,150,11,1,mom
2012-01-01_to_2015-01-01,2012-01-01,2015-01-01,"hml,smb,mom",mkt,14,5,150,11,2,mom
2012-01-01_to_2015-01-01,2012-01-01,2015-01-01,"hml,smb,mom",mkt,14,5,150,11,3,mom
2012-01-01_to_2015-01-01,2012-01-01,2015-01-01,"hml,smb,mom",mkt,14,5,150,11,4,mom
2012-01-01_to_2015-01-01,2012-01-01,2015-01-01,"hml,smb,mom",mkt,14,5,150,11,5,mom
2012-01-01_to_2015-01-01,2012-01-01,2015-01-01,"hml,smb,mom",mkt,14,5,150,11,6,mom
2012-01-01_to_2015-01-01,2012-01-01,2015-01-01,"hml,smb,mom",mkt,14,5,150,11,7,smb
2012-01-01_to_2015-01-01,2012-01-01,2015-01-01,"hml,smb,mom",mkt,14,5,150,11,8,hml
2012-01-01_to_2015-01-01,2012-01-01,2015-01-01,"hml,smb,mom",mkt,14,5,150,11,9,hml
2012-01-01_to_2015-01-01,2012-01-01,2015-01-01,"hml,smb,mom",mkt,14,5,150,11,10,mom
2012-01-01_to_2015-01-01,2012-01-01,2015-01-01,"hml,smb,mom",mkt,14,5,150,11,11,smb
2012-01-01_to_2015-01-01,2012-01-01,2015-01-01,"hml,smb,mom",mkt,14,5,151,9,1,mom
2012-01-01_to_2015-01-01,2012-01-01,2015-01-01,"hml,smb,mom",mkt,14,5,151,9,2,mom
2012-01-01_to_2015-01-01,2012-01-01,2015-01-01,"hml,smb,mom",mkt,14,5,151,9,3,mom
2012-01-01_to_2015-01-01,2012-01-01,2015-01-01,"hml,smb,mom",mkt,14,5,151,9,4,mom
2012-01-01_to_2015-01-01,2012-01-01,2015-01-01,"hml,smb,mom",mkt,14,5,151,9,5,mom
2012-01-01_to_2015-01-01,2012-01-01,2015-01-01,"hml,smb,mom",mkt,14,5,151,9,6,mom
2012-01-01_to_2015-01-01,2012-01-01,2015-01-01,"hml,smb,mom",mkt,14,5,151,9,7,smb
2012-01-01_to_2015-01-01,2012-01-01,2015-01-01,"hml,smb,mom",mkt,14,5,151,9,8,hml
2012-01-01_to_2015-01-01,2012-01-01,2015-01-01,"hml,smb,mom",mkt,14,5,151,9,9,hml
2012-01-01_to_2015-01-01,2012-01-01,2015-01-01,"hml,smb,mom",mkt,14,5,159,10,1,mom
2012-01-01_to_2015-01-01,2012-01-01,2015-01-01,"hml,smb,mom",mkt,14,5,159,10,2,mom
2012-01-01_to_2015-01-01,2012-01-01,2015-01-01,"hml,smb,mom",mkt,14,5,159,10,3,mom
2012-01-01_to_2015-01-01,2012-01-01,2015-01-01,"hml,smb,mom",mkt,14,5,159,10,4,mom
2012-01-01_to_2015-01-01,2012-01-01,2015-01-01,"hml,smb,mom",mkt,14,5,159,10,5,mom
2012-01-01_to_2015-01-01,2012-01-01,2015-01-01,"hml,smb,mom",mkt,14,5,159,10,6,smb
2012-01-01_to_2015-01-01,2012-01-01,2015-01-01,"hml,smb,mom",mkt,14,5,159,10,7,smb
2012-01-01_to_2015-01-01,2012-01-01,2015-01-01,"hml,smb,mom",mkt,14,5,159,10,8,smb
2012-01-01_to_2015-01-01,2012-01-01,2015-01-01,"hml,smb,mom",mkt,14,5,159,10,9,smb
2012-01-01_to_2015-01-01,2012-01-01,2015-01-01,"hml,smb,mom",mkt,14,5,159,10,10,hml
2012-01-01_to_2015-01-01,2012-01-01,2015-01-01,"hml,smb,mom",mkt,14,5,160,10,1,mom
2012-01-01_to_2015-01-01,2012-01-01,2015-01-01,"hml,smb,mom",mkt,14,5,160,10,2,mom
2012-01-01_to_2015-01-01,2012-01-01,2015-01-01,"hml,smb,mom",mkt,14,5,160,10,3,mom
2012-01-01_to_2015-01-01,2012-01-01,2015-01-01,"hml,smb,mom",mkt,14,5,160,10,4,mom
2012-01-01_to_2015-01-01,2012-01-01,2015-01-01,"hml,smb,mom",mkt,14,5,160,10,5,mom
2012-01-01_to_2015-01-01,2012-01-01,2015-01-01,"hml,smb,mom",mkt,14,5,160,10,6,smb
2012-01-01_to_2015-01-01,2012-01-01,2015-01-01,"hml,smb,mom",mkt,14,5,160,10,7,smb
2012-01-01_to_2015-01-01,2012-01-01,2015-01-01,"hml,smb,mom",mkt,14,5,160,10,8,smb
2012-01-01_to_2015-01-01,2012-01-01,2015-01-01,"hml,smb,mom",mkt,14,5,160,10,9,smb
2012-01-01_to_2015-01-01,2012-01-01,2015-01-01,"hml,smb,mom",mkt,14,5,160,10,10,hml
2012-01-01_to_2015-01-01,2012-01-01,2015-01-01,"hml,smb,mom",mkt,14,5,161,9,1,mom
2012-01-01_to_2015-01-01,2012-01-01,2015-01-01,"hml,smb,mom",mkt,14,5,161,9,2,mom
2012-01-01_to_2015-01-01,2012-01-01,2015-01-01,"hml,smb,mom",mkt,14,5,161,9,3,mom
2012-01-01_to_2015-01-01,2012-01-01,2015-01-01,"hml,smb,mom",mkt,14,5,161,9,4,mom
2012-01-01_to_2015-01-01,2012-01-01,2015-01-01,"hml,smb,mom",mkt,14,5,161,9,5,mom
2012-01-01_to_2015-01-01,2012-01-01,2015-01-01,"hml,smb,mom",mkt,14,5,161,9,6,smb
2012-01-01_to_2015-01-01,2012-01-01,2015-01-01,"hml,smb,mom",mkt,14,5,161,9,7,smb
2012-01-01_to_2015-01-01,2012-01-01,2015-01-01,"hml,smb,mom",mkt,14,5,161,9,8,smb
2012-01-01_to_2015-01-01,2012-01-01,2015-01-01,"hml,smb,mom",mkt,14,5,161,9,9,smb
2012-01-01_to_2015-01-01,2012-01-01,2015-01-01,"hml,smb,mom",mkt,14,5,164,10,1,mom
2012-01-01_to_2015-01-01,2012-01-01,2015-01-01,"hml,smb,mom",mkt,14,5,164,10,2,mom
2012-01-01_to_2015-01-01,2012-01-01,2015-01-01,"hml,smb,mom",mkt,14,5,164,10,3,mom
2012-01-01_to_2015-01-01,2012-01-01,2015-01-01,"hml,smb,mom",mkt,14,5,164,10,4,mom
2012-01-01_to_2015-01-01,2012-01-01,2015-01-01,"hml,smb,mom",mkt,14,5,164,10,5,mom
2012-01-01_to_2015-01-01,2012-01-01,2015-01-01,"hml,smb,mom",mkt,14,5,164,10,6,smb
2012-01-01_to_2015-01-01,2012-01-01,2015-01-01,"hml,smb,mom",mkt,14,5,164,10,7,smb
2012-01-01_to_2015-01-01,2012-01-01,2015-01-01,"hml,smb,mom",mkt,14,5,164,10,8,smb
2012-01-01_to_2015-01-01,2012-01-01,2015-01-01,"hml,smb,mom",mkt,14,5,164,10,9,mom
2012-01-01_to_2015-01-01,2012-01-01,2015-01-01,"hml,smb,mom",mkt,14,5,164,10,10,mom
2012-01-01_to_2015-01-01,2012-01-01,2015-01-01,"hml,smb,mom",mkt,14,5,165,10,1,mom
2012-01-01_to_2015-01-01,2012-01-01,2015-01-01,"hml,smb,mom",mkt,14,5,165,10,2,mom
2012-01-01_to_2015-01-01,2012-01-01,2015-01-01,"hml,smb,mom",mkt,14,5,165,10,3,mom
2012-01-01_to_2015-01-01,2012-01-01,2015-01-01,"hml,smb,mom",mkt,14,5,165,10,4,mom
2012-01-01_to_2015-01-01,2012-01-01,2015-01-01,"hml,smb,mom",mkt,14,5,165,10,5,mom
2012-01-01_to_2015-01-01,2012-01-01,2015-01-01,"hml,smb,mom",mkt,14,5,165,10,6,smb
2012-01-01_to_2015-01-01,2012-01-01,2015-01-01,"hml,smb,mom",mkt,14,5,165,10,7,smb
2012-01-01_to_2015-01-01,2012-01-01,2015-01-01,"hml,smb,mom",mkt,14,5,165,10,8,smb
2012-01-01_to_2015-01-01,2012-01-01,2015-01-01,"hml,smb,mom",mkt,14,5,165,10,9,mom
2012-01-01_to_2015-01-01,2012-01-01,2015-01-01,"hml,smb,mom",mkt,14,5,165,10,10,mom
2012-01-01_to_2015-01-01,2012-01-01,2015-01-01,"hml,smb,mom",mkt,14,5,166,9,1,mom
2012-01-01_to_2015-01-01,2012-01-01,2015-01-01,"hml,smb,mom",mkt,14,5,166,9,2,mom
2012-01-01_to_2015-01-01,2012-01-01,2015-01-01,"hml,smb,mom",mkt,14,5,166,9,3,mom
2012-01-01_to_2015-01-01,2012-01-01,2015-01-01,"hml,smb,mom",mkt,14,5,166,9,4,mom
2012-01-01_to_2015-01-01,2012-01-01,2015-01-01,"hml,smb,mom",mkt,14,5,166,9,5,mom
2012-01-01_to_2015-01-01,2012-01-01,2015-01-01,"hml,smb,mom",mkt,14,5,166,9,6,smb
2012-01-01_to_2015-01-01,2012-01-01,2015-01-01,"hml,smb,mom",mkt,14,5,166,9,7,smb
2012-01-01_to_2015-01-01,2012-01-01,2015-01-01,"hml,smb,mom",mkt,14,5,166,9,8,smb
2012-01-01_to_2015-01-01,2012-01-01,2015-01-01,"hml,smb,mom",mkt,14,5,166,9,9,mom
2012-01-01_to_2015-01-01,2012-01-01,2015-01-01,"hml,smb,mom",mkt,14,5,168,8,1,mom
2012-01-01_to_2015-01-01,2012-01-01,2015-01-01,"hml,smb,mom",mkt,14,5,168,8,2,mom
2012-01-01_to_2015-01-01,2012-01-01,2015-01-01,"hml,smb,mom",mkt,14,5,168,8,3,mom
2012-01-01_to_2015-01-01,2012-01-01,2015-01-01,"hml,smb,mom",mkt,14,5,168,8,4,mom
2012-01-01_to_2015-01-01,2012-01-01,2015-01-01,"hml,smb,mom",mkt,14,5,168,8,5,mom
2012-01-01_to_2015-01-01,2012-01-01,2015-01-01,"hml,smb,mom",mkt,14,5,168,8,6,smb
2012-01-01_to_2015-01-01,2012-01-01,2015-01-01,"hml,smb,mom",mkt,14,5,168,8,7,smb
2012-01-01_to_2015-01-01,2012-01-01,2015-01-01,"hml,smb,mom",mkt,14,5,168,8,8,mom
2012-01-01_to_2015-01-01,2012-01-01,2015-01-01,"hml,smb,mom",mkt,14,5,169,8,1,mom
2012-01-01_to_2015-01-01,2012-01-01,2015-01-01,"hml,smb,mom",mkt,14,5,169,8,2,mom
2012-01-01_to_2015-01-01,2012-01-01,2015-01-01,"hml,smb,mom",mkt,14,5,169,8,3,mom
2012-01-01_to_2015-01-01,2012-01-01,2015-01-01,"hml,smb,mom",mkt,14,5,169,8,4,mom
2012-01-01_to_2015-01-01,2012-01-01,2015-01-01,"hml,smb,mom",mkt,14,5,169,8,5,mom
2012-01-01_to_2015-01-01,2012-01-01,2015-01-01,"hml,smb,mom",mkt,14,5,169,8,6,smb
2012-01-01_to_2015-01-01,2012-01-01,2015-01-01,"hml,smb,mom",mkt,14,5,169,8,7,smb
2012-01-01_to_2015-01-01,2012-01-01,2015-01-01,"hml,smb,mom",mkt,14,5,169,8,8,mom
2012-01-01_to_2015-01-01,2012-01-01,2015-01-01,"hml,smb,mom",mkt,14,5,173,9,1,mom
2012-01-01_to_2015-01-01,2012-01-01,2015-01-01,"hml,smb,mom",mkt,14,5,173,9,2,mom
2012-01-01_to_2015-01-01,2012-01-01,2015-01-01,"hml,smb,mom",mkt,14,5,173,9,3,mom
2012-01-01_to_2015-01-01,2012-01-01,2015-01-01,"hml,smb,mom",mkt,14,5,173,9,4,mom
2012-01-01_to_2015-01-01,2012-01-01,2015-01-01,"hml,smb,mom",mkt,14,5,173,9,5,mom
2012-01-01_to_2015-01-01,2012-01-01,2015-01-01,"hml,smb,mom",mkt,14,5,173,9,6,smb
2012-01-01_to_2015-01-01,2012-01-01,2015-01-01,"hml,smb,mom",mkt,14,5,173,9,7,mom
2012-01-01_to_2015-01-01,2012-01-01,2015-01-01,"hml,smb,mom",mkt,14,5,173,9,8,smb
2012-01-01_to_2015-01-01,2012-01-01,2015-01-01,"hml,smb,mom",mkt,14,5,173,9,9,hml
2012-01-01_to_2015-01-01,2012-01-01,2015-01-01,"hml,smb,mom",mkt,14,5,175,10,1,mom
2012-01-01_to_2015-01-01,2012-01-01,2015-01-01,"hml,smb,mom",mkt,14,5,175,10,2,mom
2012-01-01_to_2015-01-01,2012-01-01,2015-01-01,"hml,smb,mom",mkt,14,5,175,10,3,mom
2012-01-01_to_2015-01-01,2012-01-01,2015-01-01,"hml,smb,mom",mkt,14,5,175,10,4,mom
2012-01-01_to_2015-01-01,2012-01-01,2015-01-01,"hml,smb,mom",mkt,14,5,175,10,5,mom
2012-01-01_to_2015-01-01,2012-01-01,2015-01-01,"hml,smb,mom",mkt,14,5,175,10,6,smb
2012-01-01_to_2015-01-01,2012-01-01,2015-01-01,"hml,smb,mom",mkt,14,5,175,10,7,mom
2012-01-01_to_2015-01-01,2012-01-01,2015-01-01,"hml,smb,mom",mkt,14,5,175,10,8,smb
2012-01-01_to_2015-01-01,2012-01-01,2015-01-01,"hml,smb,mom",mkt,14,5,175,10,9,hml
2012-01-01_to_2015-01-01,2012-01-01,2015-01-01,"hml,smb,mom",mkt,14,5,175,10,10,mom
2012-01-01_to_2015-01-01,2012-01-01,2015-01-01,"hml,smb,mom",mkt,14,5,176,10,1,mom
2012-01-01_to_2015-01-01,2012-01-01,2015-01-01,"hml,smb,mom",mkt,14,5,176,10,2,mom
2012-01-01_to_2015-01-01,2012-01-01,2015-01-01,"hml,smb,mom",mkt,14,5,176,10,3,mom
2012-01-01_to_2015-01-01,2012-01-01,2015-01-01,"hml,smb,mom",mkt,14,5,176,10,4,mom
2012-01-01_to_2015-01-01,2012-01-01,2015-01-01,"hml,smb,mom",mkt,14,5,176,10,5,mom
2012-01-01_to_2015-01-01,2012-01-01,2015-01-01,"hml,smb,mom",mkt,14,5,176,10,6,smb
2012-01-01_to_2015-01-01,2012-01-01,2015-01-01,"hml,smb,mom",mkt,14,5,176,10,7,mom
2012-01-01_to_2015-01-01,2012-01-01,2015-01-01,"hml,smb,mom",mkt,14,5,176,10,8,smb
2012-01-01_to_2015-01-01,2012-01-01,2015-01-01,"hml,smb,mom",mkt,14,5,176,10,9,hml
2012-01-01_to_2015-01-01,2012-01-01,2015-01-01,"hml,smb,mom",mkt,14,5,176,10,10,mom
2012-01-01_to_2015-01-01,2012-01-01,2015-01-01,"hml,smb,mom",mkt,14,5,178,9,1,mom
2012-01-01_to_2015-01-01,2012-01-01,2015-01-01,"hml,smb,mom",mkt,14,5,178,9,2,mom
2012-01-01_to_2015-01-01,2012-01-01,2015-01-01,"hml,smb,mom",mkt,14,5,178,9,3,mom
2012-01-01_to_2015-01-01,2012-01-01,2015-01-01,"hml,smb,mom",mkt,14,5,178,9,4,mom
2012-01-01_to_2015-01-01,2012-01-01,2015-01-01,"hml,smb,mom",mkt,14,5,178,9,5,mom
2012-01-01_to_2015-01-01,2012-01-01,2015-01-01,"hml,smb,mom",mkt,14,5,178,9,6,smb
2012-01-01_to_2015-01-01,2012-01-01,2015-01-01,"hml,smb,mom",mkt,14,5,178,9,7,mom
2012-01-01_to_2015-01-01,2012-01-01,2015-01-01,"hml,smb,mom",mkt,14,5,178,9,8,smb
2012-01-01_to_2015-01-01,2012-01-01,2015-01-01,"hml,smb,mom",mkt,14,5,178,9,9,mom
2012-01-01_to_2015-01-01,2012-01-01,2015-01-01,"hml,smb,mom",mkt,14,5,179,9,1,mom
2012-01-01_to_2015-01-01,2012-01-01,2015-01-01,"hml,smb,mom",mkt,14,5,179,9,2,mom
2012-01-01_to_2015-01-01,2012-01-01,2015-01-01,"hml,smb,mom",mkt,14,5,179,9,3,mom
2012-01-01_to_2015-01-01,2012-01-01,2015-01-01,"hml,smb,mom",mkt,14,5,179,9,4,mom
2012-01-01_to_2015-01-01,2012-01-01,2015-01-01,"hml,smb,mom",mkt,14,5,179,9,5,mom
2012-01-01_to_2015-01-01,2012-01-01,2015-01-01,"hml,smb,mom",mkt,14,5,179,9,6,smb
2012-01-01_to_2015-01-01,2012-01-01,2015-01-01,"hml,smb,mom",mkt,14,5,179,9,7,mom
2012-01-01_to_2015-01-01,2012-01-01,2015-01-01,"hml,smb,mom",mkt,14,5,179,9,8,smb
2012-01-01_to_2015-01-01,2012-01-01,2015-01-01,"hml,smb,mom",mkt,14,5,179,9,9,mom
2012-01-01_to_2015-01-01,2012-01-01,2015-01-01,"hml,smb,mom",mkt,14,5,183,10,1,mom
2012-01-01_to_2015-01-01,2012-01-01,2015-01-01,"hml,smb,mom",mkt,14,5,183,10,2,mom
2012-01-01_to_2015-01-01,2012-01-01,2015-01-01,"hml,smb,mom",mkt,14,5,183,10,3,mom
2012-01-01_to_2015-01-01,2012-01-01,2015-01-01,"hml,smb,mom",mkt,14,5,183,10,4,mom
2012-01-01_to_2015-01-01,2012-01-01,2015-01-01,"hml,smb,mom",mkt,14,5,183,10,5,mom
2012-01-01_to_2015-01-01,2012-01-01,2015-01-01,"hml,smb,mom",mkt,14,5,183,10,6,smb
2012-01-01_to_2015-01-01,2012-01-01,2015-01-01,"hml,smb,mom",mkt,14,5,183,10,7,mom
2012-01-01_to_2015-01-01,2012-01-01,2015-01-01,"hml,smb,mom",mkt,14,5,183,10,8,hml
2012-01-01_to_2015-01-01,2012-01-01,2015-01-01,"hml,smb,mom",mkt,14,5,183,10,9,hml
2012-01-01_to_2015-01-01,2012-01-01,2015-01-01,"hml,smb,mom",mkt,14,5,183,10,10,smb
2012-01-01_to_2015-01-01,2012-01-01,2015-01-01,"hml,smb,mom",mkt,14,5,184,10,1,mom
2012-01-01_to_2015-01-01,2012-01-01,2015-01-01,"hml,smb,mom",mkt,14,5,184,10,2,mom
2012-01-01_to_2015-01-01,2012-01-01,2015-01-01,"hml,smb,mom",mkt,14,5,184,10,3,mom
2012-01-01_to_2015-01-01,2012-01-01,2015-01-01,"hml,smb,mom",mkt,14,5,184,10,4,mom
2012-01-01_to_2015-01-01,2012-01-01,2015-01-01,"hml,smb,mom",mkt,14,5,184,10,5,mom
2012-01-01_to_2015-01-01,2012-01-01,2015-01-01,"hml,smb,mom",mkt,14,5,184,10,6,smb
2012-01-01_to_2015-01-01,2012-01-01,2015-01-01,"hml,smb,mom",mkt,14,5,184,10,7,mom
2012-01-01_to_2015-01-01,2012-01-01,2015-01-01,"hml,smb,mom",mkt,14,5,184,10,8,hml
2012-01-01_to_2015-01-01,2012-01-01,2015-01-01,"hml,smb,mom",mkt,14,5,184,10,9,hml
2012-01-01_to_2015-01-01,2012-01-01,2015-01-01,"hml,smb,mom",mkt,14,5,184,10,10,smb
2012-01-01_to_2015-01-01,2012-01-01,2015-01-01,"hml,smb,mom",mkt,14,5,186,10,1,mom
2012-01-01_to_2015-01-01,2012-01-01,2015-01-01,"hml,smb,mom",mkt,14,5,186,10,2,mom
2012-01-01_to_2015-01-01,2012-01-01,2015-01-01,"hml,smb,mom",mkt,14,5,186,10,3,mom
2012-01-01_to_2015-01-01,2012-01-01,2015-01-01,"hml,smb,mom",mkt,14,5,186,10,4,mom
2012-01-01_to_2015-01-01,2012-01-01,2015-01-01,"hml,smb,mom",mkt,14,5,186,10,5,mom
2012-01-01_to_2015-01-01,2012-01-01,2015-01-01,"hml,smb,mom",mkt,14,5,186,10,6,smb
2012-01-01_to_2015-01-01,2012-01-01,2015-01-01,"hml,smb,mom",mkt,14,5,186,10,7,mom
2012-01-01_to_2015-01-01,2012-01-01,2015-01-01,"hml,smb,mom",mkt,14,5,186,10,8,hml
2012-01-01_to_2015-01-01,2012-01-01,2015-01-01,"hml,smb,mom",mkt,14,5,186,10,9,hml
2012-01-01_to_2015-01-01,2012-01-01,2015-01-01,"hml,smb,mom",mkt,14,5,186,10,10,mom
2012-01-01_to_2015-01-01,2012-01-01,2015-01-01,"hml,smb,mom",mkt,14,5,187,10,1,mom
2012-01-01_to_2015-01-01,2012-01-01,2015-01-01,"hml,smb,mom",mkt,14,5,187,10,2,mom
2012-01-01_to_2015-01-01,2012-01-01,2015-01-01,"hml,smb,mom",mkt,14,5,187,10,3,mom
2012-01-01_to_2015-01-01,2012-01-01,2015-01-01,"hml,smb,mom",mkt,14,5,187,10,4,mom
2012-01-01_to_2015-01-01,2012-01-01,2015-01-01,"hml,smb,mom",mkt,14,5,187,10,5,mom
2012-01-01_to_2015-01-01,2012-01-01,2015-01-01,"hml,smb,mom",mkt,14,5,187,10,6,smb
2012-01-01_to_2015-01-01,2012-01-01,2015-01-01,"hml,smb,mom",mkt,14,5,187,10,7,mom
2012-01-01_to_2015-01-01,2012-01-01,2015-01-01,"hml,smb,mom",mkt,14,5,187,10,8,hml
2012-01-01_to_2015-01-01,2012-01-01,2015-01-01,"hml,smb,mom",mkt,14,5,187,10,9,hml
2012-01-01_to_2015-01-01,2012-01-01,2015-01-01,"hml,smb,mom",mkt,14,5,187,10,10,mom
2012-01-01_to_2015-01-01,2012-01-01,2015-01-01,"hml,smb,mom",mkt,14,5,190,10,1,mom
2012-01-01_to_2015-01-01,2012-01-01,2015-01-01,"hml,smb,mom",mkt,14,5,190,10,2,mom
2012-01-01_to_2015-01-01,2012-01-01,2015-01-01,"hml,smb,mom",mkt,14,5,190,10,3,mom
2012-01-01_to_2015-01-01,2012-01-01,2015-01-01,"hml,smb,mom",mkt,14,5,190,10,4,mom
2012-01-01_to_2015-01-01,2012-01-01,2015-01-01,"hml,smb,mom",mkt,14,5,190,10,5,mom
2012-01-01_to_2015-01-01,2012-01-01,2015-01-01,"hml,smb,mom",mkt,14,5,190,10,6,smb
2012-01-01_to_2015-01-01,2012-01-01,2015-01-01,"hml,smb,mom",mkt,14,5,190,10,7,mom
2012-01-01_to_2015-01-01,2012-01-01,2015-01-01,"hml,smb,mom",mkt,14,5,190,10,8,hml
2012-01-01_to_2015-01-01,2012-01-01,2015-01-01,"hml,smb,mom",mkt,14,5,190,10,9,hml
2012-01-01_to_2015-01-01,2012-01-01,2015-01-01,"hml,smb,mom",mkt,14,5,190,10,10,mom
2012-01-01_to_2015-01-01,2012-01-01,2015-01-01,"hml,smb,mom",mkt,14,5,191,10,1,mom
2012-01-01_to_2015-01-01,2012-01-01,2015-01-01,"hml,smb,mom",mkt,14,5,191,10,2,mom
2012-01-01_to_2015-01-01,2012-01-01,2015-01-01,"hml,smb,mom",mkt,14,5,191,10,3,mom
2012-01-01_to_2015-01-01,2012-01-01,2015-01-01,"hml,smb,mom",mkt,14,5,191,10,4,mom
2012-01-01_to_2015-01-01,2012-01-01,2015-01-01,"hml,smb,mom",mkt,14,5,191,10,5,mom
2012-01-01_to_2015-01-01,2012-01-01,2015-01-01,"hml,smb,mom",mkt,14,5,191,10,6,smb
2012-01-01_to_2015-01-01,2012-01-01,2015-01-01,"hml,smb,mom",mkt,14,5,191,10,7,mom
2012-01-01_to_2015-01-01,2012-01-01,2015-01-01,"hml,smb,mom",mkt,14,5,191,10,8,hml
2012-01-01_to_2015-01-01,2012-01-01,2015-01-01,"hml,smb,mom",mkt,14,5,191,10,9,hml
2012-01-01_to_2015-01-01,2012-01-01,2015-01-01,"hml,smb,mom",mkt,14,5,191,10,10,mom
2012-01-01_to_2015-01-01,2012-01-01,2015-01-01,"hml,smb,mom",mkt,14,5,192,9,1,mom
2012-01-01_to_2015-01-01,2012-01-01,2015-01-01,"hml,smb,mom",mkt,14,5,192,9,2,mom
2012-01-01_to_2015-01-01,2012-01-01,2015-01-01,"hml,smb,mom",mkt,14,5,192,9,3,mom
2012-01-01_to_2015-01-01,2012-01-01,2015-01-01,"hml,smb,mom",mkt,14,5,192,9,4,mom
2012-01-01_to_2015-01-01,2012-01-01,2015-01-01,"hml,smb,mom",mkt,14,5,192,9,5,mom
2012-01-01_to_2015-01-01,2012-01-01,2015-01-01,"hml,smb,mom",mkt,14,5,192,9,6,smb
2012-01-01_to_2015-01-01,2012-01-01,2015-01-01,"hml,smb,mom",mkt,14,5,192,9,7,mom
2012-01-01_to_2015-01-01,2012-01-01,2015-01-01,"hml,smb,mom",mkt,14,5,192,9,8,hml
2012-01-01_to_2015-01-01,2012-01-01,2015-01-01,"hml,smb,mom",mkt,14,5,192,9,9,hml
2012-01-01_to_2015-01-01,2012-01-01,2015-01-01,"hml,smb,mom",mkt,14,5,195,7,1,mom
2012-01-01_to_2015-01-01,2012-01-01,2015-01-01,"hml,smb,mom",mkt,14,5,195,7,2,mom
2012-01-01_to_2015-01-01,2012-01-01,2015-01-01,"hml,smb,mom",mkt,14,5,195,7,3,mom
2012-01-01_to_2015-01-01,2012-01-01,2015-01-01,"hml,smb,mom",mkt,14,5,195,7,4,mom
2012-01-01_to_2015-01-01,2012-01-01,2015-01-01,"hml,smb,mom",mkt,14,5,195,7,5,mom
2012-01-01_to_2015-01-01,2012-01-01,2015-01-01,"hml,smb,mom",mkt,14,5,195,7,6,mom
2012-01-01_to_2015-01-01,2012-01-01,2015-01-01,"hml,smb,mom",mkt,14,5,195,7,7,hml
2012-01-01_to_2015-01-01,2012-01-01,2015-01-01,"hml,smb,mom",mkt,14,5,197,8,1,mom
2012-01-01_to_2015-01-01,2012-01-01,2015-01-01,"hml,smb,mom",mkt,14,5,197,8,2,mom
2012-01-01_to_2015-01-01,2012-01-01,2015-01-01,"hml,smb,mom",mkt,14,5,197,8,3,mom
2012-01-01_to_2015-01-01,2012-01-01,2015-01-01,"hml,smb,mom",mkt,14,5,197,8,4,mom
2012-01-01_to_2015-01-01,2012-01-01,2015-01-01,"hml,smb,mom",mkt,14,5,197,8,5,mom
2012-01-01_to_2015-01-01,2012-01-01,2015-01-01,"hml,smb,mom",mkt,14,5,197,8,6,mom
2012-01-01_to_2015-01-01,2012-01-01,2015-01-01,"hml,smb,mom",mkt,14,5,197,8,7,hml
2012-01-01_to_2015-01-01,2012-01-01,2015-01-01,"hml,smb,mom",mkt,14,5,197,8,8,smb
2012-01-01_to_2015-01-01,2012-01-01,2015-01-01,"hml,smb,mom",mkt,14,5,202,12,1,mom
2012-01-01_to_2015-01-01,2012-01-01,2015-01-01,"hml,smb,mom",mkt,14,5,202,12,2,mom
2012-01-01_to_2015-01-01,2012-01-01,2015-01-01,"hml,smb,mom",mkt,14,5,202,12,3,mom
2012-01-01_to_2015-01-01,2012-01-01,2015-01-01,"hml,smb,mom",mkt,14,5,202,12,4,mom
2012-01-01_to_2015-01-01,2012-01-01,2015-01-01,"hml,smb,mom",mkt,14,5,202,12,5,mom
2012-01-01_to_2015-01-01,2012-01-01,2015-01-01,"hml,smb,mom",mkt,14,5,202,12,6,mom
2012-01-01_to_2015-01-01,2012-01-01,2015-01-01,"hml,smb,mom",mkt,14,5,202,12,7,hml
2012-01-01_to_2015-01-01,2012-01-01,2015-01-01,"hml,smb,mom",mkt,14,5,202,12,8,smb
2012-01-01_to_2015-01-01,2012-01-01,2015-01-01,"hml,smb,mom",mkt,14,5,202,12,9,smb
2012-01-01_to_2015-01-01,2012-01-01,2015-01-01,"hml,smb,mom",mkt,14,5,202,12,10,mom
2012-01-01_to_2015-01-01,2012-01-01,2015-01-01,"hml,smb,mom",mkt,14,5,202,12,11,smb
2012-01-01_to_2015-01-01,2012-01-01,2015-01-01,"hml,smb,mom",mkt,14,5,202,12,12,smb
2012-01-01_to_2015-01-01,2012-01-01,2015-01-01,"hml,smb,mom",mkt,14,5,203,12,1,mom
2012-01-01_to_2015-01-01,2012-01-01,2015-01-01,"hml,smb,mom",mkt,14,5,203,12,2,mom
2012-01-01_to_2015-01-01,2012-01-01,2015-01-01,"hml,smb,mom",mkt,14,5,203,12,3,mom
2012-01-01_to_2015-01-01,2012-01-01,2015-01-01,"hml,smb,mom",mkt,14,5,203,12,4,mom
2012-01-01_to_2015-01-01,2012-01-01,2015-01-01,"hml,smb,mom",mkt,14,5,203,12,5,mom
2012-01-01_to_2015-01-01,2012-01-01,2015-01-01,"hml,smb,mom",mkt,14,5,203,12,6,mom
2012-01-01_to_2015-01-01,2012-01-01,2015-01-01,"hml,smb,mom",mkt,14,5,203,12,7,hml
2012-01-01_to_2015-01-01,2012-01-01,2015-01-01,"hml,smb,mom",mkt,14,5,203,12,8,smb
2012-01-01_to_2015-01-01,2012-01-01,2015-01-01,"hml,smb,mom",mkt,14,5,203,12,9,smb
2012-01-01_to_2015-01-01,2012-01-01,2015-01-01,"hml,smb,mom",mkt,14,5,203,12,10,mom
2012-01-01_to_2015-01-01,2012-01-01,2015-01-01,"hml,smb,mom",mkt,14,5,203,12,11,smb
2012-01-01_to_2015-01-01,2012-01-01,2015-01-01,"hml,smb,mom",mkt,14,5,203,12,12,smb
2012-01-01_to_2015-01-01,2012-01-01,2015-01-01,"hml,smb,mom",mkt,14,5,204,11,1,mom
2012-01-01_to_2015-01-01,2012-01-01,2015-01-01,"hml,smb,mom",mkt,14,5,204,11,2,mom
2012-01-01_to_2015-01-01,2012-01-01,2015-01-01,"hml,smb,mom",mkt,14,5,204,11,3,mom
2012-01-01_to_2015-01-01,2012-01-01,2015-01-01,"hml,smb,mom",mkt,14,5,204,11,4,mom
2012-01-01_to_2015-01-01,2012-01-01,2015-01-01,"hml,smb,mom",mkt,14,5,204,11,5,mom
2012-01-01_to_2015-01-01,2012-01-01,2015-01-01,"hml,smb,mom",mkt,14,5,204,11,6,mom
2012-01-01_to_2015-01-01,2012-01-01,2015-01-01,"hml,smb,mom",mkt,14,5,204,11,7,hml
2012-01-01_to_2015-01-01,2012-01-01,2015-01-01,"hml,smb,mom",mkt,14,5,204,11,8,smb
2012-01-01_to_2015-01-01,2012-01-01,2015-01-01,"hml,smb,mom",mkt,14,5,204,11,9,smb
2012-01-01_to_2015-01-01,2012-01-01,2015-01-01,"hml,smb,mom",mkt,14,5,204,11,10,mom
2012-01-01_to_2015-01-01,2012-01-01,2015-01-01,"hml,smb,mom",mkt,14,5,204,11,11,smb
2012-01-01_to_2015-01-01,2012-01-01,2015-01-01,"hml,smb,mom",mkt,14,5,205,10,1,mom
2012-01-01_to_2015-01-01,2012-01-01,2015-01-01,"hml,smb,mom",mkt,14,5,205,10,2,mom
2012-01-01_to_2015-01-01,2012-01-01,2015-01-01,"hml,smb,mom",mkt,14,5,205,10,3,mom
2012-01-01_to_2015-01-01,2012-01-01,2015-01-01,"hml,smb,mom",mkt,14,5,205,10,4,mom
2012-01-01_to_2015-01-01,2012-01-01,2015-01-01,"hml,smb,mom",mkt,14,5,205,10,5,mom
2012-01-01_to_2015-01-01,2012-01-01,2015-01-01,"hml,smb,mom",mkt,14,5,205,10,6,mom
2012-01-01_to_2015-01-01,2012-01-01,2015-01-01,"hml,smb,mom",mkt,14,5,205,10,7,hml
2012-01-01_to_2015-01-01,2012-01-01,2015-01-01,"hml,smb,mom",mkt,14,5,205,10,8,smb
2012-01-01_to_2015-01-01,2012-01-01,2015-01-01,"hml,smb,mom",mkt,14,5,205,10,9,smb
2012-01-01_to_2015-01-01,2012-01-01,2015-01-01,"hml,smb,mom",mkt,14,5,205,10,10,mom
2012-01-01_to_2015-01-01,2012-01-01,2015-01-01,"hml,smb,mom",mkt,14,5,209,12,1,mom
2012-01-01_to_2015-01-01,2012-01-01,2015-01-01,"hml,smb,mom",mkt,14,5,209,12,2,mom
2012-01-01_to_2015-01-01,2012-01-01,2015-01-01,"hml,smb,mom",mkt,14,5,209,12,3,mom
2012-01-01_to_2015-01-01,2012-01-01,2015-01-01,"hml,smb,mom",mkt,14,5,209,12,4,mom
2012-01-01_to_2015-01-01,2012-01-01,2015-01-01,"hml,smb,mom",mkt,14,5,209,12,5,mom
2012-01-01_to_2015-01-01,2012-01-01,2015-01-01,"hml,smb,mom",mkt,14,5,209,12,6,mom
2012-01-01_to_2015-01-01,2012-01-01,2015-01-01,"hml,smb,mom",mkt,14,5,209,12,7,hml
2012-01-01_to_2015-01-01,2012-01-01,2015-01-01,"hml,smb,mom",mkt,14,5,209,12,8,smb
2012-01-01_to_2015-01-01,2012-01-01,2015-01-01,"hml,smb,mom",mkt,14,5,209,12,9,smb
2012-01-01_to_2015-01-01,2012-01-01,2015-01-01,"hml,smb,mom",mkt,14,5,209,12,10,mom
2012-01-01_to_2015-01-01,2012-01-01,2015-01-01,"hml,smb,mom",mkt,14,5,209,12,11,smb
2012-01-01_to_2015-01-01,2012-01-01,2015-01-01,"hml,smb,mom",mkt,14,5,209,12,12,smb
2012-01-01_to_2015-01-01,2012-01-01,2015-01-01,"hml,smb,mom",mkt,14,5,210,12,1,mom
2012-01-01_to_2015-01-01,2012-01-01,2015-01-01,"hml,smb,mom",mkt,14,5,210,12,2,mom
2012-01-01_to_2015-01-01,2012-01-01,2015-01-01,"hml,smb,mom",mkt,14,5,210,12,3,mom
2012-01-01_to_2015-01-01,2012-01-01,2015-01-01,"hml,smb,mom",mkt,14,5,210,12,4,mom
2012-01-01_to_2015-01-01,2012-01-01,2015-01-01,"hml,smb,mom",mkt,14,5,210,12,5,mom
2012-01-01_to_2015-01-01,2012-01-01,2015-01-01,"hml,smb,mom",mkt,14,5,210,12,6,mom
2012-01-01_to_2015-01-01,2012-01-01,2015-01-01,"hml,smb,mom",mkt,14,5,210,12,7,hml
2012-01-01_to_2015-01-01,2012-01-01,2015-01-01,"hml,smb,mom",mkt,14,5,210,12,8,smb
2012-01-01_to_2015-01-01,2012-01-01,2015-01-01,"hml,smb,mom",mkt,14,5,210,12,9,smb
2012-01-01_to_2015-01-01,2012-01-01,2015-01-01,"hml,smb,mom",mkt,14,5,210,12,10,mom
2012-01-01_to_2015-01-01,2012-01-01,2015-01-01,"hml,smb,mom",mkt,14,5,210,12,11,smb
2012-01-01_to_2015-01-01,2012-01-01,2015-01-01,"hml,smb,mom",mkt,14,5,210,12,12,smb
2012-01-01_to_2015-01-01,2012-01-01,2015-01-01,"hml,smb,mom",mkt,14,5,212,12,1,mom
2012-01-01_to_2015-01-01,2012-01-01,2015-01-01,"hml,smb,mom",mkt,14,5,212,12,2,mom
2012-01-01_to_2015-01-01,2012-01-01,2015-01-01,"hml,smb,mom",mkt,14,5,212,12,3,mom
2012-01-01_to_2015-01-01,2012-01-01,2015-01-01,"hml,smb,mom",mkt,14,5,212,12,4,mom
2012-01-01_to_2015-01-01,2012-01-01,2015-01-01,"hml,smb,mom",mkt,14,5,212,12,5,mom
2012-01-01_to_2015-01-01,2012-01-01,2015-01-01,"hml,smb,mom",mkt,14,5,212,12,6,mom
2012-01-01_to_2015-01-01,2012-01-01,2015-01-01,"hml,smb,mom",mkt,14,5,212,12,7,hml
2012-01-01_to_2015-01-01,2012-01-01,2015-01-01,"hml,smb,mom",mkt,14,5,212,12,8,smb
2012-01-01_to_2015-01-01,2012-01-01,2015-01-01,"hml,smb,mom",mkt,14,5,212,12,9,smb
2012-01-01_to_2015-01-01,2012-01-01,2015-01-01,"hml,smb,mom",mkt,14,5,212,12,10,mom
2012-01-01_to_2015-01-01,2012-01-01,2015-01-01,"hml,smb,mom",mkt,14,5,212,12,11,smb
2012-01-01_to_2015-01-01,2012-01-01,2015-01-01,"hml,smb,mom",mkt,14,5,212,12,12,smb
2012-01-01_to_2015-01-01,2012-01-01,2015-01-01,"hml,smb,mom",mkt,14,5,213,12,1,mom
2012-01-01_to_2015-01-01,2012-01-01,2015-01-01,"hml,smb,mom",mkt,14,5,213,12,2,mom
2012-01-01_to_2015-01-01,2012-01-01,2015-01-01,"hml,smb,mom",mkt,14,5,213,12,3,mom
2012-01-01_to_2015-01-01,2012-01-01,2015-01-01,"hml,smb,mom",mkt,14,5,213,12,4,mom
2012-01-01_to_2015-01-01,2012-01-01,2015-01-01,"hml,smb,mom",mkt,14,5,213,12,5,mom
2012-01-01_to_2015-01-01,2012-01-01,2015-01-01,"hml,smb,mom",mkt,14,5,213,12,6,mom
2012-01-01_to_2015-01-01,2012-01-01,2015-01-01,"hml,smb,mom",mkt,14,5,213,12,7,hml
2012-01-01_to_2015-01-01,2012-01-01,2015-01-01,"hml,smb,mom",mkt,14,5,213,12,8,smb
2012-01-01_to_2015-01-01,2012-01-01,2015-01-01,"hml,smb,mom",mkt,14,5,213,12,9,smb
2012-01-01_to_2015-01-01,2012-01-01,2015-01-01,"hml,smb,mom",mkt,14,5,213,12,10,mom
2012-01-01_to_2015-01-01,2012-01-01,2015-01-01,"hml,smb,mom",mkt,14,5,213,12,11,smb
2012-01-01_to_2015-01-01,2012-01-01,2015-01-01,"hml,smb,mom",mkt,14,5,213,12,12,smb
2012-01-01_to_2015-01-01,2012-01-01,2015-01-01,"hml,smb,mom",mkt,14,5,215,11,1,mom
2012-01-01_to_2015-01-01,2012-01-01,2015-01-01,"hml,smb,mom",mkt,14,5,215,11,2,mom
2012-01-01_to_2015-01-01,2012-01-01,2015-01-01,"hml,smb,mom",mkt,14,5,215,11,3,mom
2012-01-01_to_2015-01-01,2012-01-01,2015-01-01,"hml,smb,mom",mkt,14,5,215,11,4,mom
2012-01-01_to_2015-01-01,2012-01-01,2015-01-01,"hml,smb,mom",mkt,14,5,215,11,5,mom
2012-01-01_to_2015-01-01,2012-01-01,2015-01-01,"hml,smb,mom",mkt,14,5,215,11,6,mom
2012-01-01_to_2015-01-01,2012-01-01,2015-01-01,"hml,smb,mom",mkt,14,5,215,11,7,hml
2012-01-01_to_2015-01-01,2012-01-01,2015-01-01,"hml,smb,mom",mkt,14,5,215,11,8,smb
2012-01-01_to_2015-01-01,2012-01-01,2015-01-01,"hml,smb,mom",mkt,14,5,215,11,9,smb
2012-01-01_to_2015-01-01,2012-01-01,2015-01-01,"hml,smb,mom",mkt,14,5,215,11,10,mom
2012-01-01_to_2015-01-01,2012-01-01,2015-01-01,"hml,smb,mom",mkt,14,5,215,11,11,hml
2012-01-01_to_2015-01-01,2012-01-01,2015-01-01,"hml,smb,mom",mkt,14,5,216,11,1,mom
2012-01-01_to_2015-01-01,2012-01-01,2015-01-01,"hml,smb,mom",mkt,14,5,216,11,2,mom
2012-01-01_to_2015-01-01,2012-01-01,2015-01-01,"hml,smb,mom",mkt,14,5,216,11,3,mom
2012-01-01_to_2015-01-01,2012-01-01,2015-01-01,"hml,smb,mom",mkt,14,5,216,11,4,mom
2012-01-01_to_2015-01-01,2012-01-01,2015-01-01,"hml,smb,mom",mkt,14,5,216,11,5,mom
2012-01-01_to_2015-01-01,2012-01-01,2015-01-01,"hml,smb,mom",mkt,14,5,216,11,6,mom
2012-01-01_to_2015-01-01,2012-01-01,2015-01-01,"hml,smb,mom",mkt,14,5,216,11,7,hml
2012-01-01_to_2015-01-01,2012-01-01,2015-01-01,"hml,smb,mom",mkt,14,5,216,11,8,smb
2012-01-01_to_2015-01-01,2012-01-01,2015-01-01,"hml,smb,mom",mkt,14,5,216,11,9,smb
2012-01-01_to_2015-01-01,2012-01-01,2015-01-01,"hml,smb,mom",mkt,14,5,216,11,10,mom
2012-01-01_to_2015-01-01,2012-01-01,2015-01-01,"hml,smb,mom",mkt,14,5,216,11,11,hml
2012-01-01_to_2015-01-01,2012-01-01,2015-01-01,"hml,smb,mom",mkt,14,5,222,11,1,mom
2012-01-01_to_2015-01-01,2012-01-01,2015-01-01,"hml,smb,mom",mkt,14,5,222,11,2,mom
2012-01-01_to_2015-01-01,2012-01-01,2015-01-01,"hml,smb,mom",mkt,14,5,222,11,3,mom
2012-01-01_to_2015-01-01,2012-01-01,2015-01-01,"hml,smb,mom",mkt,14,5,222,11,4,mom
2012-01-01_to_2015-01-01,2012-01-01,2015-01-01,"hml,smb,mom",mkt,14,5,222,11,5,mom
2012-01-01_to_2015-01-01,2012-01-01,2015-01-01,"hml,smb,mom",mkt,14,5,222,11,6,mom
2012-01-01_to_2015-01-01,2012-01-01,2015-01-01,"hml,smb,mom",mkt,14,5,222,11,7,smb
2012-01-01_to_2015-01-01,2012-01-01,2015-01-01,"hml,smb,mom",mkt,14,5,222,11,8,mom
2012-01-01_to_2015-01-01,2012-01-01,2015-01-01,"hml,smb,mom",mkt,14,5,222,11,9,hml
2012-01-01_to_2015-01-01,2012-01-01,2015-01-01,"hml,smb,mom",mkt,14,5,222,11,10,hml
2012-01-01_to_2015-01-01,2012-01-01,2015-01-01,"hml,smb,mom",mkt,14,5,222,11,11,mom
2012-01-01_to_2015-01-01,2012-01-01,2015-01-01,"hml,smb,mom",mkt,14,5,223,11,1,mom
2012-01-01_to_2015-01-01,2012-01-01,2015-01-01,"hml,smb,mom",mkt,14,5,223,11,2,mom
2012-01-01_to_2015-01-01,2012-01-01,2015-01-01,"hml,smb,mom",mkt,14,5,223,11,3,mom
2012-01-01_to_2015-01-01,2012-01-01,2015-01-01,"hml,smb,mom",mkt,14,5,223,11,4,mom
2012-01-01_to_2015-01-01,2012-01-01,2015-01-01,"hml,smb,mom",mkt,14,5,223,11,5,mom
2012-01-01_to_2015-01-01,2012-01-01,2015-01-01,"hml,smb,mom",mkt,14,5,223,11,6,mom
2012-01-01_to_2015-01-01,2012-01-01,2015-01-01,"hml,smb,mom",mkt,14,5,223,11,7,smb
2012-01-01_to_2015-01-01,2012-01-01,2015-01-01,"hml,smb,mom",mkt,14,5,223,11,8,mom
2012-01-01_to_2015-01-01,2012-01-01,2015-01-01,"hml,smb,mom",mkt,14,5,223,11,9,hml
2012-01-01_to_2015-01-01,2012-01-01,2015-01-01,"hml,smb,mom",mkt,14,5,223,11,10,hml
2012-01-01_to_2015-01-01,2012-01-01,2015-01-01,"hml,smb,mom",mkt,14,5,223,11,11,mom
2012-01-01_to_2015-01-01,2012-01-01,2015-01-01,"hml,smb,mom",mkt,14,5,224,10,1,mom
2012-01-01_to_2015-01-01,2012-01-01,2015-01-01,"hml,smb,mom",mkt,14,5,224,10,2,mom
2012-01-01_to_2015-01-01,2012-01-01,2015-01-01,"hml,smb,mom",mkt,14,5,224,10,3,mom
2012-01-01_to_2015-01-01,2012-01-01,2015-01-01,"hml,smb,mom",mkt,14,5,224,10,4,mom
2012-01-01_to_2015-01-01,2012-01-01,2015-01-01,"hml,smb,mom",mkt,14,5,224,10,5,mom
2012-01-01_to_2015-01-01,2012-01-01,2015-01-01,"hml,smb,mom",mkt,14,5,224,10,6,mom
2012-01-01_to_2015-01-01,2012-01-01,2015-01-01,"hml,smb,mom",mkt,14,5,224,10,7,smb
2012-01-01_to_2015-01-01,2012-01-01,2015-01-01,"hml,smb,mom",mkt,14,5,224,10,8,mom
2012-01-01_to_2015-01-01,2012-01-01,2015-01-01,"hml,smb,mom",mkt,14,5,224,10,9,hml
2012-01-01_to_2015-01-01,2012-01-01,2015-01-01,"hml,smb,mom",mkt,14,5,224,10,10,hml
2012-01-01_to_2015-01-01,2012-01-01,2015-01-01,"hml,smb,mom",mkt,14,5,227,11,1,mom
2012-01-01_to_2015-01-01,2012-01-01,2015-01-01,"hml,smb,mom",mkt,14,5,227,11,2,mom
2012-01-01_to_2015-01-01,2012-01-01,2015-01-01,"hml,smb,mom",mkt,14,5,227,11,3,mom
2012-01-01_to_2015-01-01,2012-01-01,2015-01-01,"hml,smb,mom",mkt,14,5,227,11,4,mom
2012-01-01_to_2015-01-01,2012-01-01,2015-01-01,"hml,smb,mom",mkt,14,5,227,11,5,mom
2012-01-01_to_2015-01-01,2012-01-01,2015-01-01,"hml,smb,mom",mkt,14,5,227,11,6,mom
2012-01-01_to_2015-01-01,2012-01-01,2015-01-01,"hml,smb,mom",mkt,14,5,227,11,7,smb
2012-01-01_to_2015-01-01,2012-01-01,2015-01-01,"hml,smb,mom",mkt,14,5,227,11,8,mom
2012-01-01_to_2015-01-01,2012-01-01,2015-01-01,"hml,smb,mom",mkt,14,5,227,11,9,hml
2012-01-01_to_2015-01-01,2012-01-01,2015-01-01,"hml,smb,mom",mkt,14,5,227,11,10,smb
2012-01-01_to_2015-01-01,2012-01-01,2015-01-01,"hml,smb,mom",mkt,14,5,227,11,11,mom
2012-01-01_to_2015-01-01,2012-01-01,2015-01-01,"hml,smb,mom",mkt,14,5,228,11,1,mom
2012-01-01_to_2015-01-01,2012-01-01,2015-01-01,"hml,smb,mom",mkt,14,5,228,11,2,mom
2012-01-01_to_2015-01-01,2012-01-01,2015-01-01,"hml,smb,mom",mkt,14,5,228,11,3,mom
2012-01-01_to_2015-01-01,2012-01-01,2015-01-01,"hml,smb,mom",mkt,14,5,228,11,4,mom
2012-01-01_to_2015-01-01,2012-01-01,2015-01-01,"hml,smb,mom",mkt,14,5,228,11,5,mom
2012-01-01_to_2015-01-01,2012-01-01,2015-01-01,"hml,smb,mom",mkt,14,5,228,11,6,mom
2012-01-01_to_2015-01-01,2012-01-01,2015-01-01,"hml,smb,mom",mkt,14,5,228,11,7,smb
2012-01-01_to_2015-01-01,2012-01-01,2015-01-01,"hml,smb,mom",mkt,14,5,228,11,8,mom
2012-01-01_to_2015-01-01,2012-01-01,2015-01-01,"hml,smb,mom",mkt,14,5,228,11,9,hml
2012-01-01_to_2015-01-01,2012-01-01,2015-01-01,"hml,smb,mom",mkt,14,5,228,11,10,smb
2012-01-01_to_2015-01-01,2012-01-01,2015-01-01,"hml,smb,mom",mkt,14,5,228,11,11,mom
2012-01-01_to_2015-01-01,2012-01-01,2015-01-01,"hml,smb,mom",mkt,14,5,229,10,1,mom
2012-01-01_to_2015-01-01,2012-01-01,2015-01-01,"hml,smb,mom",mkt,14,5,229,10,2,mom
2012-01-01_to_2015-01-01,2012-01-01,2015-01-01,"hml,smb,mom",mkt,14,5,229,10,3,mom
2012-01-01_to_2015-01-01,2012-01-01,2015-01-01,"hml,smb,mom",mkt,14,5,229,10,4,mom
2012-01-01_to_2015-01-01,2012-01-01,2015-01-01,"hml,smb,mom",mkt,14,5,229,10,5,mom
2012-01-01_to_2015-01-01,2012-01-01,2015-01-01,"hml,smb,mom",mkt,14,5,229,10,6,mom
2012-01-01_to_2015-01-01,2012-01-01,2015-01-01,"hml,smb,mom",mkt,14,5,229,10,7,smb
2012-01-01_to_2015-01-01,2012-01-01,2015-01-01,"hml,smb,mom",mkt,14,5,229,10,8,mom
2012-01-01_to_2015-01-01,2012-01-01,2015-01-01,"hml,smb,mom",mkt,14,5,229,10,9,hml
2012-01-01_to_2015-01-01,2012-01-01,2015-01-01,"hml,smb,mom",mkt,14,5,229,10,10,smb
2012-01-01_to_2015-01-01,2012-01-01,2015-01-01,"hml,smb,mom",mkt,14,5,233,11,1,mom
2012-01-01_to_2015-01-01,2012-01-01,2015-01-01,"hml,smb,mom",mkt,14,5,233,11,2,mom
2012-01-01_to_2015-01-01,2012-01-01,2015-01-01,"hml,smb,mom",mkt,14,5,233,11,3,mom
2012-01-01_to_2015-01-01,2012-01-01,2015-01-01,"hml,smb,mom",mkt,14,5,233,11,4,mom
2012-01-01_to_2015-01-01,2012-01-01,2015-01-01,"hml,smb,mom",mkt,14,5,233,11,5,mom
2012-01-01_to_2015-01-01,2012-01-01,2015-01-01,"hml,smb,mom",mkt,14,5,233,11,6,mom
2012-01-01_to_2015-01-01,2012-01-01,2015-01-01,"hml,smb,mom",mkt,14,5,233,11,7,smb
2012-01-01_to_2015-01-01,2012-01-01,2015-01-01,"hml,smb,mom",mkt,14,5,233,11,8,mom
2012-01-01_to_2015-01-01,2012-01-01,2015-01-01,"hml,smb,mom",mkt,14,5,233,11,9,smb
2012-01-01_to_2015-01-01,2012-01-01,2015-01-01,"hml,smb,mom",mkt,14,5,233,11,10,smb
2012-01-01_to_2015-01-01,2012-01-01,2015-01-01,"hml,smb,mom",mkt,14,5,233,11,11,hml
2012-01-01_to_2015-01-01,2012-01-01,2015-01-01,"hml,smb,mom",mkt,14,5,234,11,1,mom
2012-01-01_to_2015-01-01,2012-01-01,2015-01-01,"hml,smb,mom",mkt,14,5,234,11,2,mom
2012-01-01_to_2015-01-01,2012-01-01,2015-01-01,"hml,smb,mom",mkt,14,5,234,11,3,mom
2012-01-01_to_2015-01-01,2012-01-01,2015-01-01,"hml,smb,mom",mkt,14,5,234,11,4,mom
2012-01-01_to_2015-01-01,2012-01-01,2015-01-01,"hml,smb,mom",mkt,14,5,234,11,5,mom
2012-01-01_to_2015-01-01,2012-01-01,2015-01-01,"hml,smb,mom",mkt,14,5,234,11,6,mom
2012-01-01_to_2015-01-01,2012-01-01,2015-01-01,"hml,smb,mom",mkt,14,5,234,11,7,smb
2012-01-01_to_2015-01-01,2012-01-01,2015-01-01,"hml,smb,mom",mkt,14,5,234,11,8,mom
2012-01-01_to_2015-01-01,2012-01-01,2015-01-01,"hml,smb,mom",mkt,14,5,234,11,9,smb
2012-01-01_to_2015-01-01,2012-01-01,2015-01-01,"hml,smb,mom",mkt,14,5,234,11,10,smb
2012-01-01_to_2015-01-01,2012-01-01,2015-01-01,"hml,smb,mom",mkt,14,5,234,11,11,hml
2012-01-01_to_2015-01-01,2012-01-01,2015-01-01,"hml,smb,mom",mkt,14,5,235,10,1,mom
2012-01-01_to_2015-01-01,2012-01-01,2015-01-01,"hml,smb,mom",mkt,14,5,235,10,2,mom
2012-01-01_to_2015-01-01,2012-01-01,2015-01-01,"hml,smb,mom",mkt,14,5,235,10,3,mom
2012-01-01_to_2015-01-01,2012-01-01,2015-01-01,"hml,smb,mom",mkt,14,5,235,10,4,mom
2012-01-01_to_2015-01-01,2012-01-01,2015-01-01,"hml,smb,mom",mkt,14,5,235,10,5,mom
2012-01-01_to_2015-01-01,2012-01-01,2015-01-01,"hml,smb,mom",mkt,14,5,235,10,6,mom
2012-01-01_to_2015-01-01,2012-01-01,2015-01-01,"hml,smb,mom",mkt,14,5,235,10,7,smb
2012-01-01_to_2015-01-01,2012-01-01,2015-01-01,"hml,smb,mom",mkt,14,5,235,10,8,mom
2012-01-01_to_2015-01-01,2012-01-01,2015-01-01,"hml,smb,mom",mkt,14,5,235,10,9,smb
2012-01-01_to_2015-01-01,2012-01-01,2015-01-01,"hml,smb,mom",mkt,14,5,235,10,10,smb
2012-01-01_to_2015-01-01,2012-01-01,2015-01-01,"hml,smb,mom",mkt,14,5,237,10,1,mom
2012-01-01_to_2015-01-01,2012-01-01,2015-01-01,"hml,smb,mom",mkt,14,5,237,10,2,mom
2012-01-01_to_2015-01-01,2012-01-01,2015-01-01,"hml,smb,mom",mkt,14,5,237,10,3,mom
2012-01-01_to_2015-01-01,2012-01-01,2015-01-01,"hml,smb,mom",mkt,14,5,237,10,4,mom
2012-01-01_to_2015-01-01,2012-01-01,2015-01-01,"hml,smb,mom",mkt,14,5,237,10,5,mom
2012-01-01_to_2015-01-01,2012-01-01,2015-01-01,"hml,smb,mom",mkt,14,5,237,10,6,mom
2012-01-01_to_2015-01-01,2012-01-01,2015-01-01,"hml,smb,mom",mkt,14,5,237,10,7,smb
2012-01-01_to_2015-01-01,2012-01-01,2015-01-01,"hml,smb,mom",mkt,14,5,237,10,8,mom
2012-01-01_to_2015-01-01,2012-01-01,2015-01-01,"hml,smb,mom",mkt,14,5,237,10,9,smb
2012-01-01_to_2015-01-01,2012-01-01,2015-01-01,"hml,smb,mom",mkt,14,5,237,10,10,smb
2012-01-01_to_2015-01-01,2012-01-01,2015-01-01,"hml,smb,mom",mkt,14,5,239,11,1,mom
2012-01-01_to_2015-01-01,2012-01-01,2015-01-01,"hml,smb,mom",mkt,14,5,239,11,2,mom
2012-01-01_to_2015-01-01,2012-01-01,2015-01-01,"hml,smb,mom",mkt,14,5,239,11,3,mom
2012-01-01_to_2015-01-01,2012-01-01,2015-01-01,"hml,smb,mom",mkt,14,5,239,11,4,mom
2012-01-01_to_2015-01-01,2012-01-01,2015-01-01,"hml,smb,mom",mkt,14,5,239,11,5,mom
2012-01-01_to_2015-01-01,2012-01-01,2015-01-01,"hml,smb,mom",mkt,14,5,239,11,6,mom
2012-01-01_to_2015-01-01,2012-01-01,2015-01-01,"hml,smb,mom",mkt,14,5,239,11,7,smb
2012-01-01_to_2015-01-01,2012-01-01,2015-01-01,"hml,smb,mom",mkt,14,5,239,11,8,mom
2012-01-01_to_2015-01-01,2012-01-01,2015-01-01,"hml,smb,mom",mkt,14,5,239,11,9,smb
2012-01-01_to_2015-01-01,2012-01-01,2015-01-01,"hml,smb,mom",mkt,14,5,239,11,10,smb
2012-01-01_to_2015-01-01,2012-01-01,2015-01-01,"hml,smb,mom",mkt,14,5,239,11,11,hml
2012-01-01_to_2015-01-01,2012-01-01,2015-01-01,"hml,smb,mom",mkt,14,5,240,11,1,mom
2012-01-01_to_2015-01-01,2012-01-01,2015-01-01,"hml,smb,mom",mkt,14,5,240,11,2,mom
2012-01-01_to_2015-01-01,2012-01-01,2015-01-01,"hml,smb,mom",mkt,14,5,240,11,3,mom
2012-01-01_to_2015-01-01,2012-01-01,2015-01-01,"hml,smb,mom",mkt,14,5,240,11,4,mom
2012-01-01_to_2015-01-01,2012-01-01,2015-01-01,"hml,smb,mom",mkt,14,5,240,11,5,mom
2012-01-01_to_2015-01-01,2012-01-01,2015-01-01,"hml,smb,mom",mkt,14,5,240,11,6,mom
2012-01-01_to_2015-01-01,2012-01-01,2015-01-01,"hml,smb,mom",mkt,14,5,240,11,7,smb
2012-01-01_to_2015-01-01,2012-01-01,2015-01-01,"hml,smb,mom",mkt,14,5,240,11,8,mom
2012-01-01_to_2015-01-01,2012-01-01,2015-01-01,"hml,smb,mom",mkt,14,5,240,11,9,smb
2012-01-01_to_2015-01-01,2012-01-01,2015-01-01,"hml,smb,mom",mkt,14,5,240,11,10,smb
2012-01-01_to_2015-01-01,2012-01-01,2015-01-01,"hml,smb,mom",mkt,14,5,240,11,11,hml
2012-01-01_to_2015-01-01,2012-01-01,2015-01-01,"hml,smb,mom",mkt,14,5,242,8,1,mom
2012-01-01_to_2015-01-01,2012-01-01,2015-01-01,"hml,smb,mom",mkt,14,5,242,8,2,mom
2012-01-01_to_2015-01-01,2012-01-01,2015-01-01,"hml,smb,mom",mkt,14,5,242,8,3,mom
2012-01-01_to_2015-01-01,2012-01-01,2015-01-01,"hml,smb,mom",mkt,14,5,242,8,4,mom
2012-01-01_to_2015-01-01,2012-01-01,2015-01-01,"hml,smb,mom",mkt,14,5,242,8,5,mom
2012-01-01_to_2015-01-01,2012-01-01,2015-01-01,"hml,smb,mom",mkt,14,5,242,8,6,mom
2012-01-01_to_2015-01-01,2012-01-01,2015-01-01,"hml,smb,mom",mkt,14,5,242,8,7,smb
2012-01-01_to_2015-01-01,2012-01-01,2015-01-01,"hml,smb,mom",mkt,14,5,242,8,8,smb
2012-01-01_to_2015-01-01,2012-01-01,2015-01-01,"hml,smb,mom",mkt,14,5,243,8,1,mom
2012-01-01_to_2015-01-01,2012-01-01,2015-01-01,"hml,smb,mom",mkt,14,5,243,8,2,mom
2012-01-01_to_2015-01-01,2012-01-01,2015-01-01,"hml,smb,mom",mkt,14,5,243,8,3,mom
2012-01-01_to_2015-01-01,2012-01-01,2015-01-01,"hml,smb,mom",mkt,14,5,243,8,4,mom
2012-01-01_to_2015-01-01,2012-01-01,2015-01-01,"hml,smb,mom",mkt,14,5,243,8,5,mom
2012-01-01_to_2015-01-01,2012-01-01,2015-01-01,"hml,smb,mom",mkt,14,5,243,8,6,mom
2012-01-01_to_2015-01-01,2012-01-01,2015-01-01,"hml,smb,mom",mkt,14,5,243,8,7,smb
2012-01-01_to_2015-01-01,2012-01-01,2015-01-01,"hml,smb,mom",mkt,14,5,243,8,8,smb
2012-01-01_to_2015-01-01,2012-01-01,2015-01-01,"hml,smb,mom",mkt,14,5,248,8,1,mom
2012-01-01_to_2015-01-01,2012-01-01,2015-01-01,"hml,smb,mom",mkt,14,5,248,8,2,mom
2012-01-01_to_2015-01-01,2012-01-01,2015-01-01,"hml,smb,mom",mkt,14,5,248,8,3,mom
2012-01-01_to_2015-01-01,2012-01-01,2015-01-01,"hml,smb,mom",mkt,14,5,248,8,4,mom
2012-01-01_to_2015-01-01,2012-01-01,2015-01-01,"hml,smb,mom",mkt,14,5,248,8,5,mom
2012-01-01_to_2015-01-01,2012-01-01,2015-01-01,"hml,smb,mom",mkt,14,5,248,8,6,mom
2012-01-01_to_2015-01-01,2012-01-01,2015-01-01,"hml,smb,mom",mkt,14,5,248,8,7,smb
2012-01-01_to_2015-01-01,2012-01-01,2015-01-01,"hml,smb,mom",mkt,14,5,248,8,8,hml
2012-01-01_to_2015-01-01,2012-01-01,2015-01-01,"hml,smb,mom",mkt,14,5,251,10,1,mom
2012-01-01_to_2015-01-01,2012-01-01,2015-01-01,"hml,smb,mom",mkt,14,5,251,10,2,mom
2012-01-01_to_2015-01-01,2012-01-01,2015-01-01,"hml,smb,mom",mkt,14,5,251,10,3,mom
2012-01-01_to_2015-01-01,2012-01-01,2015-01-01,"hml,smb,mom",mkt,14,5,251,10,4,mom
2012-01-01_to_2015-01-01,2012-01-01,2015-01-01,"hml,smb,mom",mkt,14,5,251,10,5,mom
2012-01-01_to_2015-01-01,2012-01-01,2015-01-01,"hml,smb,mom",mkt,14,5,251,10,6,mom
2012-01-01_to_2015-01-01,2012-01-01,2015-01-01,"hml,smb,mom",mkt,14,5,251,10,7,smb
2012-01-01_to_2015-01-01,2012-01-01,2015-01-01,"hml,smb,mom",mkt,14,5,251,10,8,hml
2012-01-01_to_2015-01-01,2012-01-01,2015-01-01,"hml,smb,mom",mkt,14,5,251,10,9,mom
2012-01-01_to_2015-01-01,2012-01-01,2015-01-01,"hml,smb,mom",mkt,14,5,251,10,10,hml
2012-01-01_to_2015-01-01,2012-01-01,2015-01-01,"hml,smb,mom",mkt,14,5,253,11,1,mom
2012-01-01_to_2015-01-01,2012-01-01,2015-01-01,"hml,smb,mom",mkt,14,5,253,11,2,mom
2012-01-01_to_2015-01-01,2012-01-01,2015-01-01,"hml,smb,mom",mkt,14,5,253,11,3,mom
2012-01-01_to_2015-01-01,2012-01-01,2015-01-01,"hml,smb,mom",mkt,14,5,253,11,4,mom
2012-01-01_to_2015-01-01,2012-01-01,2015-01-01,"hml,smb,mom",mkt,14,5,253,11,5,mom
2012-01-01_to_2015-01-01,2012-01-01,2015-01-01,"hml,smb,mom",mkt,14,5,253,11,6,mom
2012-01-01_to_2015-01-01,2012-01-01,2015-01-01,"hml,smb,mom",mkt,14,5,253,11,7,smb
2012-01-01_to_2015-01-01,2012-01-01,2015-01-01,"hml,smb,mom",mkt,14,5,253,11,8,hml
2012-01-01_to_2015-01-01,2012-01-01,2015-01-01,"hml,smb,mom",mkt,14,5,253,11,9,mom
2012-01-01_to_2015-01-01,2012-01-01,2015-01-01,"hml,smb,mom",mkt,14,5,253,11,10,hml
2012-01-01_to_2015-01-01,2012-01-01,2015-01-01,"hml,smb,mom",mkt,14,5,253,11,11,smb
2012-01-01_to_2015-01-01,2012-01-01,2015-01-01,"hml,smb,mom",mkt,14,5,254,11,1,mom
2012-01-01_to_2015-01-01,2012-01-01,2015-01-01,"hml,smb,mom",mkt,14,5,254,11,2,mom
2012-01-01_to_2015-01-01,2012-01-01,2015-01-01,"hml,smb,mom",mkt,14,5,254,11,3,mom
2012-01-01_to_2015-01-01,2012-01-01,2015-01-01,"hml,smb,mom",mkt,14,5,254,11,4,mom
2012-01-01_to_2015-01-01,2012-01-01,2015-01-01,"hml,smb,mom",mkt,14,5,254,11,5,mom
2012-01-01_to_2015-01-01,2012-01-01,2015-01-01,"hml,smb,mom",mkt,14,5,254,11,6,mom
2012-01-01_to_2015-01-01,2012-01-01,2015-01-01,"hml,smb,mom",mkt,14,5,254,11,7,smb
2012-01-01_to_2015-01-01,2012-01-01,2015-01-01,"hml,smb,mom",mkt,14,5,254,11,8,hml
2012-01-01_to_2015-01-01,2012-01-01,2015-01-01,"hml,smb,mom",mkt,14,5,254,11,9,mom
2012-01-01_to_2015-01-01,2012-01-01,2015-01-01,"hml,smb,mom",mkt,14,5,254,11,10,hml
2012-01-01_to_2015-01-01,2012-01-01,2015-01-01,"hml,smb,mom",mkt,14,5,254,11,11,smb
2012-01-01_to_2015-01-01,2012-01-01,2015-01-01,"hml,smb,mom",mkt,14,5,255,9,1,mom
2012-01-01_to_2015-01-01,2012-01-01,2015-01-01,"hml,smb,mom",mkt,14,5,255,9,2,mom
2012-01-01_to_2015-01-01,2012-01-01,2015-01-01,"hml,smb,mom",mkt,14,5,255,9,3,mom
2012-01-01_to_2015-01-01,2012-01-01,2015-01-01,"hml,smb,mom",mkt,14,5,255,9,4,mom
2012-01-01_to_2015-01-01,2012-01-01,2015-01-01,"hml,smb,mom",mkt,14,5,255,9,5,mom
2012-01-01_to_2015-01-01,2012-01-01,2015-01-01,"hml,smb,mom",mkt,14,5,255,9,6,mom
2012-01-01_to_2015-01-01,2012-01-01,2015-01-01,"hml,smb,mom",mkt,14,5,255,9,7,smb
2012-01-01_to_2015-01-01,2012-01-01,2015-01-01,"hml,smb,mom",mkt,14,5,255,9,8,hml
2012-01-01_to_2015-01-01,2012-01-01,2015-01-01,"hml,smb,mom",mkt,14,5,255,9,9,mom
2012-01-01_to_2015-01-01,2012-01-01,2015-01-01,"hml,smb,mom",mkt,14,5,258,9,1,mom
2012-01-01_to_2015-01-01,2012-01-01,2015-01-01,"hml,smb,mom",mkt,14,5,258,9,2,mom
2012-01-01_to_2015-01-01,2012-01-01,2015-01-01,"hml,smb,mom",mkt,14,5,258,9,3,mom
2012-01-01_to_2015-01-01,2012-01-01,2015-01-01,"hml,smb,mom",mkt,14,5,258,9,4,mom
2012-01-01_to_2015-01-01,2012-01-01,2015-01-01,"hml,smb,mom",mkt,14,5,258,9,5,mom
2012-01-01_to_2015-01-01,2012-01-01,2015-01-01,"hml,smb,mom",mkt,14,5,258,9,6,mom
2012-01-01_to_2015-01-01,2012-01-01,2015-01-01,"hml,smb,mom",mkt,14,5,258,9,7,smb
2012-01-01_to_2015-01-01,2012-01-01,2015-01-01,"hml,smb,mom",mkt,14,5,258,9,8,smb
2012-01-01_to_2015-01-01,2012-01-01,2015-01-01,"hml,smb,mom",mkt,14,5,258,9,9,hml
2012-01-01_to_2015-01-01,2012-01-01,2015-01-01,"hml,smb,mom",mkt,14,5,259,9,1,mom
2012-01-01_to_2015-01-01,2012-01-01,2015-01-01,"hml,smb,mom",mkt,14,5,259,9,2,mom
2012-01-01_to_2015-01-01,2012-01-01,2015-01-01,"hml,smb,mom",mkt,14,5,259,9,3,mom
2012-01-01_to_2015-01-01,2012-01-01,2015-01-01,"hml,smb,mom",mkt,14,5,259,9,4,mom
2012-01-01_to_2015-01-01,2012-01-01,2015-01-01,"hml,smb,mom",mkt,14,5,259,9,5,mom
2012-01-01_to_2015-01-01,2012-01-01,2015-01-01,"hml,smb,mom",mkt,14,5,259,9,6,mom
2012-01-01_to_2015-01-01,2012-01-01,2015-01-01,"hml,smb,mom",mkt,14,5,259,9,7,smb
2012-01-01_to_2015-01-01,2012-01-01,2015-01-01,"hml,smb,mom",mkt,14,5,259,9,8,smb
2012-01-01_to_2015-01-01,2012-01-01,2015-01-01,"hml,smb,mom",mkt,14,5,259,9,9,hml
2012-01-01_to_2015-01-01,2012-01-01,2015-01-01,"hml,smb,mom",mkt,14,5,263,11,1,mom
2012-01-01_to_2015-01-01,2012-01-01,2015-01-01,"hml,smb,mom",mkt,14,5,263,11,2,mom
2012-01-01_to_2015-01-01,2012-01-01,2015-01-01,"hml,smb,mom",mkt,14,5,263,11,3,mom
2012-01-01_to_2015-01-01,2012-01-01,2015-01-01,"hml,smb,mom",mkt,14,5,263,11,4,mom
2012-01-01_to_2015-01-01,2012-01-01,2015-01-01,"hml,smb,mom",mkt,14,5,263,11,5,mom
2012-01-01_to_2015-01-01,2012-01-01,2015-01-01,"hml,smb,mom",mkt,14,5,263,11,6,mom
2012-01-01_to_2015-01-01,2012-01-01,2015-01-01,"hml,smb,mom",mkt,14,5,263,11,7,smb
2012-01-01_to_2015-01-01,2012-01-01,2015-01-01,"hml,smb,mom",mkt,14,5,263,11,8,smb
2012-01-01_to_2015-01-01,2012-01-01,2015-01-01,"hml,smb,mom",mkt,14,5,263,11,9,mom
2012-01-01_to_2015-01-01,2012-01-01,2015-01-01,"hml,smb,mom",mkt,14,5,263,11,10,smb
2012-01-01_to_2015-01-01,2012-01-01,2015-01-01,"hml,smb,mom",mkt,14,5,263,11,11,mom
2012-01-01_to_2015-01-01,2012-01-01,2015-01-01,"hml,smb,mom",mkt,14,5,264,11,1,mom
2012-01-01_to_2015-01-01,2012-01-01,2015-01-01,"hml,smb,mom",mkt,14,5,264,11,2,mom
2012-01-01_to_2015-01-01,2012-01-01,2015-01-01,"hml,smb,mom",mkt,14,5,264,11,3,mom
2012-01-01_to_2015-01-01,2012-01-01,2015-01-01,"hml,smb,mom",mkt,14,5,264,11,4,mom
2012-01-01_to_2015-01-01,2012-01-01,2015-01-01,"hml,smb,mom",mkt,14,5,264,11,5,mom
2012-01-01_to_2015-01-01,2012-01-01,2015-01-01,"hml,smb,mom",mkt,14,5,264,11,6,mom
2012-01-01_to_2015-01-01,2012-01-01,2015-01-01,"hml,smb,mom",mkt,14,5,264,11,7,smb
2012-01-01_to_2015-01-01,2012-01-01,2015-01-01,"hml,smb,mom",mkt,14,5,264,11,8,smb
2012-01-01_to_2015-01-01,2012-01-01,2015-01-01,"hml,smb,mom",mkt,14,5,264,11,9,mom
2012-01-01_to_2015-01-01,2012-01-01,2015-01-01,"hml,smb,mom",mkt,14,5,264,11,10,smb
2012-01-01_to_2015-01-01,2012-01-01,2015-01-01,"hml,smb,mom",mkt,14,5,264,11,11,mom
2012-01-01_to_2015-01-01,2012-01-01,2015-01-01,"hml,smb,mom",mkt,14,5,266,11,1,mom
2012-01-01_to_2015-01-01,2012-01-01,2015-01-01,"hml,smb,mom",mkt,14,5,266,11,2,mom
2012-01-01_to_2015-01-01,2012-01-01,2015-01-01,"hml,smb,mom",mkt,14,5,266,11,3,mom
2012-01-01_to_2015-01-01,2012-01-01,2015-01-01,"hml,smb,mom",mkt,14,5,266,11,4,mom
2012-01-01_to_2015-01-01,2012-01-01,2015-01-01,"hml,smb,mom",mkt,14,5,266,11,5,mom
2012-01-01_to_2015-01-01,2012-01-01,2015-01-01,"hml,smb,mom",mkt,14,5,266,11,6,mom
2012-01-01_to_2015-01-01,2012-01-01,2015-01-01,"hml,smb,mom",mkt,14,5,266,11,7,smb
2012-01-01_to_2015-01-01,2012-01-01,2015-01-01,"hml,smb,mom",mkt,14,5,266,11,8,smb
2012-01-01_to_2015-01-01,2012-01-01,2015-01-01,"hml,smb,mom",mkt,14,5,266,11,9,mom
2012-01-01_to_2015-01-01,2012-01-01,2015-01-01,"hml,smb,mom",mkt,14,5,266,11,10,smb
2012-01-01_to_2015-01-01,2012-01-01,2015-01-01,"hml,smb,mom",mkt,14,5,266,11,11,smb
2012-01-01_to_2015-01-01,2012-01-01,2015-01-01,"hml,smb,mom",mkt,14,5,267,11,1,mom
2012-01-01_to_2015-01-01,2012-01-01,2015-01-01,"hml,smb,mom",mkt,14,5,267,11,2,mom
2012-01-01_to_2015-01-01,2012-01-01,2015-01-01,"hml,smb,mom",mkt,14,5,267,11,3,mom
2012-01-01_to_2015-01-01,2012-01-01,2015-01-01,"hml,smb,mom",mkt,14,5,267,11,4,mom
2012-01-01_to_2015-01-01,2012-01-01,2015-01-01,"hml,smb,mom",mkt,14,5,267,11,5,mom
2012-01-01_to_2015-01-01,2012-01-01,2015-01-01,"hml,smb,mom",mkt,14,5,267,11,6,mom
2012-01-01_to_2015-01-01,2012-01-01,2015-01-01,"hml,smb,mom",mkt,14,5,267,11,7,smb
2012-01-01_to_2015-01-01,2012-01-01,2015-01-01,"hml,smb,mom",mkt,14,5,267,11,8,smb
2012-01-01_to_2015-01-01,2012-01-01,2015-01-01,"hml,smb,mom",mkt,14,5,267,11,9,mom
2012-01-01_to_2015-01-01,2012-01-01,2015-01-01,"hml,smb,mom",mkt,14,5,267,11,10,smb
2012-01-01_to_2015-01-01,2012-01-01,2015-01-01,"hml,smb,mom",mkt,14,5,267,11,11,smb
2012-01-01_to_2015-01-01,2012-01-01,2015-01-01,"hml,smb,mom",mkt,14,5,268,9,1,mom
2012-01-01_to_2015-01-01,2012-01-01,2015-01-01,"hml,smb,mom",mkt,14,5,268,9,2,mom
2012-01-01_to_2015-01-01,2012-01-01,2015-01-01,"hml,smb,mom",mkt,14,5,268,9,3,mom
2012-01-01_to_2015-01-01,2012-01-01,2015-01-01,"hml,smb,mom",mkt,14,5,268,9,4,mom
2012-01-01_to_2015-01-01,2012-01-01,2015-01-01,"hml,smb,mom",mkt,14,5,268,9,5,mom
2012-01-01_to_2015-01-01,2012-01-01,2015-01-01,"hml,smb,mom",mkt,14,5,268,9,6,mom
2012-01-01_to_2015-01-01,2012-01-01,2015-01-01,"hml,smb,mom",mkt,14,5,268,9,7,smb
2012-01-01_to_2015-01-01,2012-01-01,2015-01-01,"hml,smb,mom",mkt,14,5,268,9,8,smb
2012-01-01_to_2015-01-01,2012-01-01,2015-01-01,"hml,smb,mom",mkt,14,5,268,9,9,mom
2012-01-01_to_2015-01-01,2012-01-01,2015-01-01,"hml,smb,mom",mkt,14,5,273,10,1,mom
2012-01-01_to_2015-01-01,2012-01-01,2015-01-01,"hml,smb,mom",mkt,14,5,273,10,2,mom
2012-01-01_to_2015-01-01,2012-01-01,2015-01-01,"hml,smb,mom",mkt,14,5,273,10,3,mom
2012-01-01_to_2015-01-01,2012-01-01,2015-01-01,"hml,smb,mom",mkt,14,5,273,10,4,mom
2012-01-01_to_2015-01-01,2012-01-01,2015-01-01,"hml,smb,mom",mkt,14,5,273,10,5,mom
2012-01-01_to_2015-01-01,2012-01-01,2015-01-01,"hml,smb,mom",mkt,14,5,273,10,6,mom
2012-01-01_to_2015-01-01,2012-01-01,2015-01-01,"hml,smb,mom",mkt,14,5,273,10,7,hml
2012-01-01_to_2015-01-01,2012-01-01,2015-01-01,"hml,smb,mom",mkt,14,5,273,10,8,hml
2012-01-01_to_2015-01-01,2012-01-01,2015-01-01,"hml,smb,mom",mkt,14,5,273,10,9,mom
2012-01-01_to_2015-01-01,2012-01-01,2015-01-01,"hml,smb,mom",mkt,14,5,273,10,10,smb
2012-01-01_to_2015-01-01,2012-01-01,2015-01-01,"hml,smb,mom",mkt,14,5,274,10,1,mom
2012-01-01_to_2015-01-01,2012-01-01,2015-01-01,"hml,smb,mom",mkt,14,5,274,10,2,mom
2012-01-01_to_2015-01-01,2012-01-01,2015-01-01,"hml,smb,mom",mkt,14,5,274,10,3,mom
2012-01-01_to_2015-01-01,2012-01-01,2015-01-01,"hml,smb,mom",mkt,14,5,274,10,4,mom
2012-01-01_to_2015-01-01,2012-01-01,2015-01-01,"hml,smb,mom",mkt,14,5,274,10,5,mom
2012-01-01_to_2015-01-01,2012-01-01,2015-01-01,"hml,smb,mom",mkt,14,5,274,10,6,mom
2012-01-01_to_2015-01-01,2012-01-01,2015-01-01,"hml,smb,mom",mkt,14,5,274,10,7,hml
2012-01-01_to_2015-01-01,2012-01-01,2015-01-01,"hml,smb,mom",mkt,14,5,274,10,8,hml
2012-01-01_to_2015-01-01,2012-01-01,2015-01-01,"hml,smb,mom",mkt,14,5,274,10,9,mom
2012-01-01_to_2015-01-01,2012-01-01,2015-01-01,"hml,smb,mom",mkt,14,5,274,10,10,smb
2012-01-01_to_2015-01-01,2012-01-01,2015-01-01,"hml,smb,mom",mkt,14,5,276,10,1,mom
2012-01-01_to_2015-01-01,2012-01-01,2015-01-01,"hml,smb,mom",mkt,14,5,276,10,2,mom
2012-01-01_to_2015-01-01,2012-01-01,2015-01-01,"hml,smb,mom",mkt,14,5,276,10,3,mom
2012-01-01_to_2015-01-01,2012-01-01,2015-01-01,"hml,smb,mom",mkt,14,5,276,10,4,mom
2012-01-01_to_2015-01-01,2012-01-01,2015-01-01,"hml,smb,mom",mkt,14,5,276,10,5,mom
2012-01-01_to_2015-01-01,2012-01-01,2015-01-01,"hml,smb,mom",mkt,14,5,276,10,6,mom
2012-01-01_to_2015-01-01,2012-01-01,2015-01-01,"hml,smb,mom",mkt,14,5,276,10,7,hml
2012-01-01_to_2015-01-01,2012-01-01,2015-01-01,"hml,smb,mom",mkt,14,5,276,10,8,hml
2012-01-01_to_2015-01-01,2012-01-01,2015-01-01,"hml,smb,mom",mkt,14,5,276,10,9,mom
2012-01-01_to_2015-01-01,2012-01-01,2015-01-01,"hml,smb,mom",mkt,14,5,276,10,10,smb
2012-01-01_to_2015-01-01,2012-01-01,2015-01-01,"hml,smb,mom",mkt,14,5,278,11,1,mom
2012-01-01_to_2015-01-01,2012-01-01,2015-01-01,"hml,smb,mom",mkt,14,5,278,11,2,mom
2012-01-01_to_2015-01-01,2012-01-01,2015-01-01,"hml,smb,mom",mkt,14,5,278,11,3,mom
2012-01-01_to_2015-01-01,2012-01-01,2015-01-01,"hml,smb,mom",mkt,14,5,278,11,4,mom
2012-01-01_to_2015-01-01,2012-01-01,2015-01-01,"hml,smb,mom",mkt,14,5,278,11,5,mom
2012-01-01_to_2015-01-01,2012-01-01,2015-01-01,"hml,smb,mom",mkt,14,5,278,11,6,mom
2012-01-01_to_2015-01-01,2012-01-01,2015-01-01,"hml,smb,mom",mkt,14,5,278,11,7,hml
2012-01-01_to_2015-01-01,2012-01-01,2015-01-01,"hml,smb,mom",mkt,14,5,278,11,8,hml
2012-01-01_to_2015-01-01,2012-01-01,2015-01-01,"hml,smb,mom",mkt,14,5,278,11,9,mom
2012-01-01_to_2015-01-01,2012-01-01,2015-01-01,"hml,smb,mom",mkt,14,5,278,11,10,smb
2012-01-01_to_2015-01-01,2012-01-01,2015-01-01,"hml,smb,mom",mkt,14,5,278,11,11,mom
2012-01-01_to_2015-01-01,2012-01-01,2015-01-01,"hml,smb,mom",mkt,14,5,279,11,1,mom
2012-01-01_to_2015-01-01,2012-01-01,2015-01-01,"hml,smb,mom",mkt,14,5,279,11,2,mom
2012-01-01_to_2015-01-01,2012-01-01,2015-01-01,"hml,smb,mom",mkt,14,5,279,11,3,mom
2012-01-01_to_2015-01-01,2012-01-01,2015-01-01,"hml,smb,mom",mkt,14,5,279,11,4,mom
2012-01-01_to_2015-01-01,2012-01-01,2015-01-01,"hml,smb,mom",mkt,14,5,279,11,5,mom
2012-01-01_to_2015-01-01,2012-01-01,2015-01-01,"hml,smb,mom",mkt,14,5,279,11,6,mom
2012-01-01_to_2015-01-01,2012-01-01,2015-01-01,"hml,smb,mom",mkt,14,5,279,11,7,hml
2012-01-01_to_2015-01-01,2012-01-01,2015-01-01,"hml,smb,mom",mkt,14,5,279,11,8,hml
2012-01-01_to_2015-01-01,2012-01-01,2015-01-01,"hml,smb,mom",mkt,14,5,279,11,9,mom
2012-01-01_to_2015-01-01,2012-01-01,2015-01-01,"hml,smb,mom",mkt,14,5,279,11,10,smb
2012-01-01_to_2015-01-01,2012-01-01,2015-01-01,"hml,smb,mom",mkt,14,5,279,11,11,mom
2012-01-01_to_2015-01-01,2012-01-01,2015-01-01,"hml,smb,mom",mkt,14,5,280,8,1,mom
2012-01-01_to_2015-01-01,2012-01-01,2015-01-01,"hml,smb,mom",mkt,14,5,280,8,2,mom
2012-01-01_to_2015-01-01,2012-01-01,2015-01-01,"hml,smb,mom",mkt,14,5,280,8,3,mom
2012-01-01_to_2015-01-01,2012-01-01,2015-01-01,"hml,smb,mom",mkt,14,5,280,8,4,mom
2012-01-01_to_2015-01-01,2012-01-01,2015-01-01,"hml,smb,mom",mkt,14,5,280,8,5,mom
2012-01-01_to_2015-01-01,2012-01-01,2015-01-01,"hml,smb,mom",mkt,14,5,280,8,6,mom
2012-01-01_to_2015-01-01,2012-01-01,2015-01-01,"hml,smb,mom",mkt,14,5,280,8,7,hml
2012-01-01_to_2015-01-01,2012-01-01,2015-01-01,"hml,smb,mom",mkt,14,5,280,8,8,hml
2012-01-01_to_2015-01-01,2012-01-01,2015-01-01,"hml,smb,mom",mkt,14,5,281,7,1,mom
2012-01-01_to_2015-01-01,2012-01-01,2015-01-01,"hml,smb,mom",mkt,14,5,281,7,2,mom
2012-01-01_to_2015-01-01,2012-01-01,2015-01-01,"hml,smb,mom",mkt,14,5,281,7,3,mom
2012-01-01_to_2015-01-01,2012-01-01,2015-01-01,"hml,smb,mom",mkt,14,5,281,7,4,mom
2012-01-01_to_2015-01-01,2012-01-01,2015-01-01,"hml,smb,mom",mkt,14,5,281,7,5,mom
2012-01-01_to_2015-01-01,2012-01-01,2015-01-01,"hml,smb,mom",mkt,14,5,281,7,6,mom
2012-01-01_to_2015-01-01,2012-01-01,2015-01-01,"hml,smb,mom",mkt,14,5,281,7,7,hml
2012-01-01_to_2015-01-01,2012-01-01,2015-01-01,"hml,smb,mom",mkt,14,5,283,6,1,mom
2012-01-01_to_2015-01-01,2012-01-01,2015-01-01,"hml,smb,mom",mkt,14,5,283,6,2,mom
2012-01-01_to_2015-01-01,2012-01-01,2015-01-01,"hml,smb,mom",mkt,14,5,283,6,3,mom
2012-01-01_to_2015-01-01,2012-01-01,2015-01-01,"hml,smb,mom",mkt,14,5,283,6,4,mom
2012-01-01_to_2015-01-01,2012-01-01,2015-01-01,"hml,smb,mom",mkt,14,5,283,6,5,mom
2012-01-01_to_2015-01-01,2012-01-01,2015-01-01,"hml,smb,mom",mkt,14,5,283,6,6,hml
2012-01-01_to_2015-01-01,2012-01-01,2015-01-01,"hml,smb,mom",mkt,14,5,287,9,1,mom
2012-01-01_to_2015-01-01,2012-01-01,2015-01-01,"hml,smb,mom",mkt,14,5,287,9,2,mom
2012-01-01_to_2015-01-01,2012-01-01,2015-01-01,"hml,smb,mom",mkt,14,5,287,9,3,mom
2012-01-01_to_2015-01-01,2012-01-01,2015-01-01,"hml,smb,mom",mkt,14,5,287,9,4,mom
2012-01-01_to_2015-01-01,2012-01-01,2015-01-01,"hml,smb,mom",mkt,14,5,287,9,5,mom
2012-01-01_to_2015-01-01,2012-01-01,2015-01-01,"hml,smb,mom",mkt,14,5,287,9,6,hml
2012-01-01_to_2015-01-01,2012-01-01,2015-01-01,"hml,smb,mom",mkt,14,5,287,9,7,mom
2012-01-01_to_2015-01-01,2012-01-01,2015-01-01,"hml,smb,mom",mkt,14,5,287,9,8,hml
2012-01-01_to_2015-01-01,2012-01-01,2015-01-01,"hml,smb,mom",mkt,14,5,287,9,9,mom
2012-01-01_to_2015-01-01,2012-01-01,2015-01-01,"hml,smb,mom",mkt,14,5,288,9,1,mom
2012-01-01_to_2015-01-01,2012-01-01,2015-01-01,"hml,smb,mom",mkt,14,5,288,9,2,mom
2012-01-01_to_2015-01-01,2012-01-01,2015-01-01,"hml,smb,mom",mkt,14,5,288,9,3,mom
2012-01-01_to_2015-01-01,2012-01-01,2015-01-01,"hml,smb,mom",mkt,14,5,288,9,4,mom
2012-01-01_to_2015-01-01,2012-01-01,2015-01-01,"hml,smb,mom",mkt,14,5,288,9,5,mom
2012-01-01_to_2015-01-01,2012-01-01,2015-01-01,"hml,smb,mom",mkt,14,5,288,9,6,hml
2012-01-01_to_2015-01-01,2012-01-01,2015-01-01,"hml,smb,mom",mkt,14,5,288,9,7,mom
2012-01-01_to_2015-01-01,2012-01-01,2015-01-01,"hml,smb,mom",mkt,14,5,288,9,8,hml
2012-01-01_to_2015-01-01,2012-01-01,2015-01-01,"hml,smb,mom",mkt,14,5,288,9,9,mom
2012-01-01_to_2015-01-01,2012-01-01,2015-01-01,"hml,smb,mom",mkt,14,5,289,8,1,mom
2012-01-01_to_2015-01-01,2012-01-01,2015-01-01,"hml,smb,mom",mkt,14,5,289,8,2,mom
2012-01-01_to_2015-01-01,2012-01-01,2015-01-01,"hml,smb,mom",mkt,14,5,289,8,3,mom
2012-01-01_to_2015-01-01,2012-01-01,2015-01-01,"hml,smb,mom",mkt,14,5,289,8,4,mom
2012-01-01_to_2015-01-01,2012-01-01,2015-01-01,"hml,smb,mom",mkt,14,5,289,8,5,mom
2012-01-01_to_2015-01-01,2012-01-01,2015-01-01,"hml,smb,mom",mkt,14,5,289,8,6,hml
2012-01-01_to_2015-01-01,2012-01-01,2015-01-01,"hml,smb,mom",mkt,14,5,289,8,7,mom
2012-01-01_to_2015-01-01,2012-01-01,2015-01-01,"hml,smb,mom",mkt,14,5,289,8,8,hml
2012-01-01_to_2015-01-01,2012-01-01,2015-01-01,"hml,smb,mom",mkt,14,5,292,9,1,mom
2012-01-01_to_2015-01-01,2012-01-01,2015-01-01,"hml,smb,mom",mkt,14,5,292,9,2,mom
2012-01-01_to_2015-01-01,2012-01-01,2015-01-01,"hml,smb,mom",mkt,14,5,292,9,3,mom
2012-01-01_to_2015-01-01,2012-01-01,2015-01-01,"hml,smb,mom",mkt,14,5,292,9,4,mom
2012-01-01_to_2015-01-01,2012-01-01,2015-01-01,"hml,smb,mom",mkt,14,5,292,9,5,mom
2012-01-01_to_2015-01-01,2012-01-01,2015-01-01,"hml,smb,mom",mkt,14,5,292,9,6,hml
2012-01-01_to_2015-01-01,2012-01-01,2015-01-01,"hml,smb,mom",mkt,14,5,292,9,7,mom
2012-01-01_to_2015-01-01,2012-01-01,2015-01-01,"hml,smb,mom",mkt,14,5,292,9,8,mom
2012-01-01_to_2015-01-01,2012-01-01,2015-01-01,"hml,smb,mom",mkt,14,5,292,9,9,hml
2012-01-01_to_2015-01-01,2012-01-01,2015-01-01,"hml,smb,mom",mkt,14,5,294,10,1,mom
2012-01-01_to_2015-01-01,2012-01-01,2015-01-01,"hml,smb,mom",mkt,14,5,294,10,2,mom
2012-01-01_to_2015-01-01,2012-01-01,2015-01-01,"hml,smb,mom",mkt,14,5,294,10,3,mom
2012-01-01_to_2015-01-01,2012-01-01,2015-01-01,"hml,smb,mom",mkt,14,5,294,10,4,mom
2012-01-01_to_2015-01-01,2012-01-01,2015-01-01,"hml,smb,mom",mkt,14,5,294,10,5,mom
2012-01-01_to_2015-01-01,2012-01-01,2015-01-01,"hml,smb,mom",mkt,14,5,294,10,6,hml
2012-01-01_to_2015-01-01,2012-01-01,2015-01-01,"hml,smb,mom",mkt,14,5,294,10,7,mom
2012-01-01_to_2015-01-01,2012-01-01,2015-01-01,"hml,smb,mom",mkt,14,5,294,10,8,mom
2012-01-01_to_2015-01-01,2012-01-01,2015-01-01,"hml,smb,mom",mkt,14,5,294,10,9,hml
2012-01-01_to_2015-01-01,2012-01-01,2015-01-01,"hml,smb,mom",mkt,14,5,294,10,10,hml
2012-01-01_to_2015-01-01,2012-01-01,2015-01-01,"hml,smb,mom",mkt,14,5,295,10,1,mom
2012-01-01_to_2015-01-01,2012-01-01,2015-01-01,"hml,smb,mom",mkt,14,5,295,10,2,mom
2012-01-01_to_2015-01-01,2012-01-01,2015-01-01,"hml,smb,mom",mkt,14,5,295,10,3,mom
2012-01-01_to_2015-01-01,2012-01-01,2015-01-01,"hml,smb,mom",mkt,14,5,295,10,4,mom
2012-01-01_to_2015-01-01,2012-01-01,2015-01-01,"hml,smb,mom",mkt,14,5,295,10,5,mom
2012-01-01_to_2015-01-01,2012-01-01,2015-01-01,"hml,smb,mom",mkt,14,5,295,10,6,hml
2012-01-01_to_2015-01-01,2012-01-01,2015-01-01,"hml,smb,mom",mkt,14,5,295,10,7,mom
2012-01-01_to_2015-01-01,2012-01-01,2015-01-01,"hml,smb,mom",mkt,14,5,295,10,8,mom
2012-01-01_to_2015-01-01,2012-01-01,2015-01-01,"hml,smb,mom",mkt,14,5,295,10,9,hml
2012-01-01_to_2015-01-01,2012-01-01,2015-01-01,"hml,smb,mom",mkt,14,5,295,10,10,hml
2012-01-01_to_2015-01-01,2012-01-01,2015-01-01,"hml,smb,mom",mkt,14,5,296,8,1,mom
2012-01-01_to_2015-01-01,2012-01-01,2015-01-01,"hml,smb,mom",mkt,14,5,296,8,2,mom
2012-01-01_to_2015-01-01,2012-01-01,2015-01-01,"hml,smb,mom",mkt,14,5,296,8,3,mom
2012-01-01_to_2015-01-01,2012-01-01,2015-01-01,"hml,smb,mom",mkt,14,5,296,8,4,mom
2012-01-01_to_2015-01-01,2012-01-01,2015-01-01,"hml,smb,mom",mkt,14,5,296,8,5,mom
2012-01-01_to_2015-01-01,2012-01-01,2015-01-01,"hml,smb,mom",mkt,14,5,296,8,6,hml
2012-01-01_to_2015-01-01,2012-01-01,2015-01-01,"hml,smb,mom",mkt,14,5,296,8,7,mom
2012-01-01_to_2015-01-01,2012-01-01,2015-01-01,"hml,smb,mom",mkt,14,5,296,8,8,mom
2012-01-01_to_2015-01-01,2012-01-01,2015-01-01,"hml,smb,mom",mkt,14,5,299,4,1,mom
2012-01-01_to_2015-01-01,2012-01-01,2015-01-01,"hml,smb,mom",mkt,14,5,299,4,2,mom
2012-01-01_to_2015-01-01,2012-01-01,2015-01-01,"hml,smb,mom",mkt,14,5,299,4,3,mom
2012-01-01_to_2015-01-01,2012-01-01,2015-01-01,"hml,smb,mom",mkt,14,5,299,4,4,hml
2012-01-01_to_2015-01-01,2012-01-01,2015-01-01,"hml,smb,mom",mkt,14,5,300,4,1,mom
2012-01-01_to_2015-01-01,2012-01-01,2015-01-01,"hml,smb,mom",mkt,14,5,300,4,2,mom
2012-01-01_to_2015-01-01,2012-01-01,2015-01-01,"hml,smb,mom",mkt,14,5,300,4,3,mom
2012-01-01_to_2015-01-01,2012-01-01,2015-01-01,"hml,smb,mom",mkt,14,5,300,4,4,hml
2012-01-01_to_2015-01-01,2012-01-01,2015-01-01,"hml,smb,mom",mkt,14,5,306,8,1,mom
2012-01-01_to_2015-01-01,2012-01-01,2015-01-01,"hml,smb,mom",mkt,14,5,306,8,2,mom
2012-01-01_to_2015-01-01,2012-01-01,2015-01-01,"hml,smb,mom",mkt,14,5,306,8,3,mom
2012-01-01_to_2015-01-01,2012-01-01,2015-01-01,"hml,smb,mom",mkt,14,5,306,8,4,mom
2012-01-01_to_2015-01-01,2012-01-01,2015-01-01,"hml,smb,mom",mkt,14,5,306,8,5,mom
2012-01-01_to_2015-01-01,2012-01-01,2015-01-01,"hml,smb,mom",mkt,14,5,306,8,6,mom
2012-01-01_to_2015-01-01,2012-01-01,2015-01-01,"hml,smb,mom",mkt,14,5,306,8,7,smb
2012-01-01_to_2015-01-01,2012-01-01,2015-01-01,"hml,smb,mom",mkt,14,5,306,8,8,smb
2012-01-01_to_2015-01-01,2012-01-01,2015-01-01,"hml,smb,mom",mkt,14,5,307,8,1,mom
2012-01-01_to_2015-01-01,2012-01-01,2015-01-01,"hml,smb,mom",mkt,14,5,307,8,2,mom
2012-01-01_to_2015-01-01,2012-01-01,2015-01-01,"hml,smb,mom",mkt,14,5,307,8,3,mom
2012-01-01_to_2015-01-01,2012-01-01,2015-01-01,"hml,smb,mom",mkt,14,5,307,8,4,mom
2012-01-01_to_2015-01-01,2012-01-01,2015-01-01,"hml,smb,mom",mkt,14,5,307,8,5,mom
2012-01-01_to_2015-01-01,2012-01-01,2015-01-01,"hml,smb,mom",mkt,14,5,307,8,6,mom
2012-01-01_to_2015-01-01,2012-01-01,2015-01-01,"hml,smb,mom",mkt,14,5,307,8,7,smb
2012-01-01_to_2015-01-01,2012-01-01,2015-01-01,"hml,smb,mom",mkt,14,5,307,8,8,smb
2012-01-01_to_2015-01-01,2012-01-01,2015-01-01,"hml,smb,mom",mkt,14,5,308,7,1,mom
2012-01-01_to_2015-01-01,2012-01-01,2015-01-01,"hml,smb,mom",mkt,14,5,308,7,2,mom
2012-01-01_to_2015-01-01,2012-01-01,2015-01-01,"hml,smb,mom",mkt,14,5,308,7,3,mom
2012-01-01_to_2015-01-01,2012-01-01,2015-01-01,"hml,smb,mom",mkt,14,5,308,7,4,mom
2012-01-01_to_2015-01-01,2012-01-01,2015-01-01,"hml,smb,mom",mkt,14,5,308,7,5,mom
2012-01-01_to_2015-01-01,2012-01-01,2015-01-01,"hml,smb,mom",mkt,14,5,308,7,6,mom
2012-01-01_to_2015-01-01,2012-01-01,2015-01-01,"hml,smb,mom",mkt,14,5,308,7,7,smb
2012-01-01_to_2015-01-01,2012-01-01,2015-01-01,"hml,smb,mom",mkt,14,5,312,9,1,mom
2012-01-01_to_2015-01-01,2012-01-01,2015-01-01,"hml,smb,mom",mkt,14,5,312,9,2,mom
2012-01-01_to_2015-01-01,2012-01-01,2015-01-01,"hml,smb,mom",mkt,14,5,312,9,3,mom
2012-01-01_to_2015-01-01,2012-01-01,2015-01-01,"hml,smb,mom",mkt,14,5,312,9,4,mom
2012-01-01_to_2015-01-01,2012-01-01,2015-01-01,"hml,smb,mom",mkt,14,5,312,9,5,mom
2012-01-01_to_2015-01-01,2012-01-01,2015-01-01,"hml,smb,mom",mkt,14,5,312,9,6,mom
2012-01-01_to_2015-01-01,2012-01-01,2015-01-01,"hml,smb,mom",mkt,14,5,312,9,7,hml
2012-01-01_to_2015-01-01,2012-01-01,2015-01-01,"hml,smb,mom",mkt,14,5,312,9,8,smb
2012-01-01_to_2015-01-01,2012-01-01,2015-01-01,"hml,smb,mom",mkt,14,5,312,9,9,hml
2012-01-01_to_2015-01-01,2012-01-01,2015-01-01,"hml,smb,mom",mkt,14,5,314,10,1,mom
2012-01-01_to_2015-01-01,2012-01-01,2015-01-01,"hml,smb,mom",mkt,14,5,314,10,2,mom
2012-01-01_to_2015-01-01,2012-01-01,2015-01-01,"hml,smb,mom",mkt,14,5,314,10,3,mom
2012-01-01_to_2015-01-01,2012-01-01,2015-01-01,"hml,smb,mom",mkt,14,5,314,10,4,mom
2012-01-01_to_2015-01-01,2012-01-01,2015-01-01,"hml,smb,mom",mkt,14,5,314,10,5,mom
2012-01-01_to_2015-01-01,2012-01-01,2015-01-01,"hml,smb,mom",mkt,14,5,314,10,6,mom
2012-01-01_to_2015-01-01,2012-01-01,2015-01-01,"hml,smb,mom",mkt,14,5,314,10,7,hml
2012-01-01_to_2015-01-01,2012-01-01,2015-01-01,"hml,smb,mom",mkt,14,5,314,10,8,smb
2012-01-01_to_2015-01-01,2012-01-01,2015-01-01,"hml,smb,mom",mkt,14,5,314,10,9,hml
2012-01-01_to_2015-01-01,2012-01-01,2015-01-01,"hml,smb,mom",mkt,14,5,314,10,10,hml
2012-01-01_to_2015-01-01,2012-01-01,2015-01-01,"hml,smb,mom",mkt,14,5,315,10,1,mom
2012-01-01_to_2015-01-01,2012-01-01,2015-01-01,"hml,smb,mom",mkt,14,5,315,10,2,mom
2012-01-01_to_2015-01-01,2012-01-01,2015-01-01,"hml,smb,mom",mkt,14,5,315,10,3,mom
2012-01-01_to_2015-01-01,2012-01-01,2015-01-01,"hml,smb,mom",mkt,14,5,315,10,4,mom
2012-01-01_to_2015-01-01,2012-01-01,2015-01-01,"hml,smb,mom",mkt,14,5,315,10,5,mom
2012-01-01_to_2015-01-01,2012-01-01,2015-01-01,"hml,smb,mom",mkt,14,5,315,10,6,mom
2012-01-01_to_2015-01-01,2012-01-01,2015-01-01,"hml,smb,mom",mkt,14,5,315,10,7,hml
2012-01-01_to_2015-01-01,2012-01-01,2015-01-01,"hml,smb,mom",mkt,14,5,315,10,8,smb
2012-01-01_to_2015-01-01,2012-01-01,2015-01-01,"hml,smb,mom",mkt,14,5,315,10,9,hml
2012-01-01_to_2015-01-01,2012-01-01,2015-01-01,"hml,smb,mom",mkt,14,5,315,10,10,hml
2012-01-01_to_2015-01-01,2012-01-01,2015-01-01,"hml,smb,mom",mkt,14,5,316,8,1,mom
2012-01-01_to_2015-01-01,2012-01-01,2015-01-01,"hml,smb,mom",mkt,14,5,316,8,2,mom
2012-01-01_to_2015-01-01,2012-01-01,2015-01-01,"hml,smb,mom",mkt,14,5,316,8,3,mom
2012-01-01_to_2015-01-01,2012-01-01,2015-01-01,"hml,smb,mom",mkt,14,5,316,8,4,mom
2012-01-01_to_2015-01-01,2012-01-01,2015-01-01,"hml,smb,mom",mkt,14,5,316,8,5,mom
2012-01-01_to_2015-01-01,2012-01-01,2015-01-01,"hml,smb,mom",mkt,14,5,316,8,6,mom
2012-01-01_to_2015-01-01,2012-01-01,2015-01-01,"hml,smb,mom",mkt,14,5,316,8,7,hml
2012-01-01_to_2015-01-01,2012-01-01,2015-01-01,"hml,smb,mom",mkt,14,5,316,8,8,smb
2012-01-01_to_2015-01-01,2012-01-01,2015-01-01,"hml,smb,mom",mkt,14,5,317,7,1,mom
2012-01-01_to_2015-01-01,2012-01-01,2015-01-01,"hml,smb,mom",mkt,14,5,317,7,2,mom
2012-01-01_to_2015-01-01,2012-01-01,2015-01-01,"hml,smb,mom",mkt,14,5,317,7,3,mom
2012-01-01_to_2015-01-01,2012-01-01,2015-01-01,"hml,smb,mom",mkt,14,5,317,7,4,mom
2012-01-01_to_2015-01-01,2012-01-01,2015-01-01,"hml,smb,mom",mkt,14,5,317,7,5,mom
2012-01-01_to_2015-01-01,2012-01-01,2015-01-01,"hml,smb,mom",mkt,14,5,317,7,6,mom
2012-01-01_to_2015-01-01,2012-01-01,2015-01-01,"hml,smb,mom",mkt,14,5,317,7,7,hml
2012-01-01_to_2015-01-01,2012-01-01,2015-01-01,"hml,smb,mom",mkt,14,5,319,6,1,mom
2012-01-01_to_2015-01-01,2012-01-01,2015-01-01,"hml,smb,mom",mkt,14,5,319,6,2,mom
2012-01-01_to_2015-01-01,2012-01-01,2015-01-01,"hml,smb,mom",mkt,14,5,319,6,3,mom
2012-01-01_to_2015-01-01,2012-01-01,2015-01-01,"hml,smb,mom",mkt,14,5,319,6,4,mom
2012-01-01_to_2015-01-01,2012-01-01,2015-01-01,"hml,smb,mom",mkt,14,5,319,6,5,mom
2012-01-01_to_2015-01-01,2012-01-01,2015-01-01,"hml,smb,mom",mkt,14,5,319,6,6,hml
2012-01-01_to_2015-01-01,2012-01-01,2015-01-01,"hml,smb,mom",mkt,14,5,320,6,1,mom
2012-01-01_to_2015-01-01,2012-01-01,2015-01-01,"hml,smb,mom",mkt,14,5,320,6,2,mom
2012-01-01_to_2015-01-01,2012-01-01,2015-01-01,"hml,smb,mom",mkt,14,5,320,6,3,mom
2012-01-01_to_2015-01-01,2012-01-01,2015-01-01,"hml,smb,mom",mkt,14,5,320,6,4,mom
2012-01-01_to_2015-01-01,2012-01-01,2015-01-01,"hml,smb,mom",mkt,14,5,320,6,5,mom
2012-01-01_to_2015-01-01,2012-01-01,2015-01-01,"hml,smb,mom",mkt,14,5,320,6,6,hml
2012-01-01_to_2015-01-01,2012-01-01,2015-01-01,"hml,smb,mom",mkt,14,5,323,6,1,mom
2012-01-01_to_2015-01-01,2012-01-01,2015-01-01,"hml,smb,mom",mkt,14,5,323,6,2,mom
2012-01-01_to_2015-01-01,2012-01-01,2015-01-01,"hml,smb,mom",mkt,14,5,323,6,3,mom
2012-01-01_to_2015-01-01,2012-01-01,2015-01-01,"hml,smb,mom",mkt,14,5,323,6,4,mom
2012-01-01_to_2015-01-01,2012-01-01,2015-01-01,"hml,smb,mom",mkt,14,5,323,6,5,mom
2012-01-01_to_2015-01-01,2012-01-01,2015-01-01,"hml,smb,mom",mkt,14,5,323,6,6,smb
2012-01-01_to_2015-01-01,2012-01-01,2015-01-01,"hml,smb,mom",mkt,14,5,324,6,1,mom
2012-01-01_to_2015-01-01,2012-01-01,2015-01-01,"hml,smb,mom",mkt,14,5,324,6,2,mom
2012-01-01_to_2015-01-01,2012-01-01,2015-01-01,"hml,smb,mom",mkt,14,5,324,6,3,mom
2012-01-01_to_2015-01-01,2012-01-01,2015-01-01,"hml,smb,mom",mkt,14,5,324,6,4,mom
2012-01-01_to_2015-01-01,2012-01-01,2015-01-01,"hml,smb,mom",mkt,14,5,324,6,5,mom
2012-01-01_to_2015-01-01,2012-01-01,2015-01-01,"hml,smb,mom",mkt,14,5,324,6,6,smb
2012-01-01_to_2015-01-01,2012-01-01,2015-01-01,"hml,smb,mom",mkt,14,5,326,6,1,mom
2012-01-01_to_2015-01-01,2012-01-01,2015-01-01,"hml,smb,mom",mkt,14,5,326,6,2,mom
2012-01-01_to_2015-01-01,2012-01-01,2015-01-01,"hml,smb,mom",mkt,14,5,326,6,3,mom
2012-01-01_to_2015-01-01,2012-01-01,2015-01-01,"hml,smb,mom",mkt,14,5,326,6,4,mom
2012-01-01_to_2015-01-01,2012-01-01,2015-01-01,"hml,smb,mom",mkt,14,5,326,6,5,mom
2012-01-01_to_2015-01-01,2012-01-01,2015-01-01,"hml,smb,mom",mkt,14,5,326,6,6,smb
2012-01-01_to_2015-01-01,2012-01-01,2015-01-01,"hml,smb,mom",mkt,14,5,327,6,1,mom
2012-01-01_to_2015-01-01,2012-01-01,2015-01-01,"hml,smb,mom",mkt,14,5,327,6,2,mom
2012-01-01_to_2015-01-01,2012-01-01,2015-01-01,"hml,smb,mom",mkt,14,5,327,6,3,mom
2012-01-01_to_2015-01-01,2012-01-01,2015-01-01,"hml,smb,mom",mkt,14,5,327,6,4,mom
2012-01-01_to_2015-01-01,2012-01-01,2015-01-01,"hml,smb,mom",mkt,14,5,327,6,5,mom
2012-01-01_to_2015-01-01,2012-01-01,2015-01-01,"hml,smb,mom",mkt,14,5,327,6,6,smb
2012-01-01_to_2015-01-01,2012-01-01,2015-01-01,"hml,smb,mom",mkt,14,5,329,2,1,mom
2012-01-01_to_2015-01-01,2012-01-01,2015-01-01,"hml,smb,mom",mkt,14,5,329,2,2,smb
2012-01-01_to_2015-01-01,2012-01-01,2015-01-01,"hml,smb,mom",mkt,14,5,330,2,1,mom
2012-01-01_to_2015-01-01,2012-01-01,2015-01-01,"hml,smb,mom",mkt,14,5,330,2,2,smb
2012-07-01_to_2015-07-01,2012-07-01,2015-07-01,"hml,smb,mom",mkt,14,5,7,7,1,mom
2012-07-01_to_2015-07-01,2012-07-01,2015-07-01,"hml,smb,mom",mkt,14,5,7,7,2,mom
2012-07-01_to_2015-07-01,2012-07-01,2015-07-01,"hml,smb,mom",mkt,14,5,7,7,3,mom
2012-07-01_to_2015-07-01,2012-07-01,2015-07-01,"hml,smb,mom",mkt,14,5,7,7,4,mom
2012-07-01_to_2015-07-01,2012-07-01,2015-07-01,"hml,smb,mom",mkt,14,5,7,7,5,mom
2012-07-01_to_2015-07-01,2012-07-01,2015-07-01,"hml,smb,mom",mkt,14,5,7,7,6,mom
2012-07-01_to_2015-07-01,2012-07-01,2015-07-01,"hml,smb,mom",mkt,14,5,7,7,7,hml
2012-07-01_to_2015-07-01,2012-07-01,2015-07-01,"hml,smb,mom",mkt,14,5,8,7,1,mom
2012-07-01_to_2015-07-01,2012-07-01,2015-07-01,"hml,smb,mom",mkt,14,5,8,7,2,mom
2012-07-01_to_2015-07-01,2012-07-01,2015-07-01,"hml,smb,mom",mkt,14,5,8,7,3,mom
2012-07-01_to_2015-07-01,2012-07-01,2015-07-01,"hml,smb,mom",mkt,14,5,8,7,4,mom
2012-07-01_to_2015-07-01,2012-07-01,2015-07-01,"hml,smb,mom",mkt,14,5,8,7,5,mom
2012-07-01_to_2015-07-01,2012-07-01,2015-07-01,"hml,smb,mom",mkt,14,5,8,7,6,mom
2012-07-01_to_2015-07-01,2012-07-01,2015-07-01,"hml,smb,mom",mkt,14,5,8,7,7,hml
2012-07-01_to_2015-07-01,2012-07-01,2015-07-01,"hml,smb,mom",mkt,14,5,9,6,1,mom
2012-07-01_to_2015-07-01,2012-07-01,2015-07-01,"hml,smb,mom",mkt,14,5,9,6,2,mom
2012-07-01_to_2015-07-01,2012-07-01,2015-07-01,"hml,smb,mom",mkt,14,5,9,6,3,mom
2012-07-01_to_2015-07-01,2012-07-01,2015-07-01,"hml,smb,mom",mkt,14,5,9,6,4,mom
2012-07-01_to_2015-07-01,2012-07-01,2015-07-01,"hml,smb,mom",mkt,14,5,9,6,5,mom
2012-07-01_to_2015-07-01,2012-07-01,2015-07-01,"hml,smb,mom",mkt,14,5,9,6,6,mom
2012-07-01_to_2015-07-01,2012-07-01,2015-07-01,"hml,smb,mom",mkt,14,5,12,7,1,mom
2012-07-01_to_2015-07-01,2012-07-01,2015-07-01,"hml,smb,mom",mkt,14,5,12,7,2,mom
2012-07-01_to_2015-07-01,2012-07-01,2015-07-01,"hml,smb,mom",mkt,14,5,12,7,3,mom
2012-07-01_to_2015-07-01,2012-07-01,2015-07-01,"hml,smb,mom",mkt,14,5,12,7,4,mom
2012-07-01_to_2015-07-01,2012-07-01,2015-07-01,"hml,smb,mom",mkt,14,5,12,7,5,mom
2012-07-01_to_2015-07-01,2012-07-01,2015-07-01,"hml,smb,mom",mkt,14,5,12,7,6,mom
2012-07-01_to_2015-07-01,2012-07-01,2015-07-01,"hml,smb,mom",mkt,14,5,12,7,7,hml
2012-07-01_to_2015-07-01,2012-07-01,2015-07-01,"hml,smb,mom",mkt,14,5,13,7,1,mom
2012-07-01_to_2015-07-01,2012-07-01,2015-07-01,"hml,smb,mom",mkt,14,5,13,7,2,mom
2012-07-01_to_2015-07-01,2012-07-01,2015-07-01,"hml,smb,mom",mkt,14,5,13,7,3,mom
2012-07-01_to_2015-07-01,2012-07-01,2015-07-01,"hml,smb,mom",mkt,14,5,13,7,4,mom
2012-07-01_to_2015-07-01,2012-07-01,2015-07-01,"hml,smb,mom",mkt,14,5,13,7,5,mom
2012-07-01_to_2015-07-01,2012-07-01,2015-07-01,"hml,smb,mom",mkt,14,5,13,7,6,mom
2012-07-01_to_2015-07-01,2012-07-01,2015-07-01,"hml,smb,mom",mkt,14,5,13,7,7,hml
2012-07-01_to_2015-07-01,2012-07-01,2015-07-01,"hml,smb,mom",mkt,14,5,18,10,1,mom
2012-07-01_to_2015-07-01,2012-07-01,2015-07-01,"hml,smb,mom",mkt,14,5,18,10,2,mom
2012-07-01_to_2015-07-01,2012-07-01,2015-07-01,"hml,smb,mom",mkt,14,5,18,10,3,mom
2012-07-01_to_2015-07-01,2012-07-01,2015-07-01,"hml,smb,mom",mkt,14,5,18,10,4,mom
2012-07-01_to_2015-07-01,2012-07-01,2015-07-01,"hml,smb,mom",mkt,14,5,18,10,5,mom
2012-07-01_to_2015-07-01,2012-07-01,2015-07-01,"hml,smb,mom",mkt,14,5,18,10,6,mom
2012-07-01_to_2015-07-01,2012-07-01,2015-07-01,"hml,smb,mom",mkt,14,5,18,10,7,smb
2012-07-01_to_2015-07-01,2012-07-01,2015-07-01,"hml,smb,mom",mkt,14,5,18,10,8,hml
2012-07-01_to_2015-07-01,2012-07-01,2015-07-01,"hml,smb,mom",mkt,14,5,18,10,9,hml
2012-07-01_to_2015-07-01,2012-07-01,2015-07-01,"hml,smb,mom",mkt,14,5,18,10,10,hml
2012-07-01_to_2015-07-01,2012-07-01,2015-07-01,"hml,smb,mom",mkt,14,5,19,10,1,mom
2012-07-01_to_2015-07-01,2012-07-01,2015-07-01,"hml,smb,mom",mkt,14,5,19,10,2,mom
2012-07-01_to_2015-07-01,2012-07-01,2015-07-01,"hml,smb,mom",mkt,14,5,19,10,3,mom
2012-07-01_to_2015-07-01,2012-07-01,2015-07-01,"hml,smb,mom",mkt,14,5,19,10,4,mom
2012-07-01_to_2015-07-01,2012-07-01,2015-07-01,"hml,smb,mom",mkt,14,5,19,10,5,mom
2012-07-01_to_2015-07-01,2012-07-01,2015-07-01,"hml,smb,mom",mkt,14,5,19,10,6,mom
2012-07-01_to_2015-07-01,2012-07-01,2015-07-01,"hml,smb,mom",mkt,14,5,19,10,7,smb
2012-07-01_to_2015-07-01,2012-07-01,2015-07-01,"hml,smb,mom",mkt,14,5,19,10,8,hml
2012-07-01_to_2015-07-01,2012-07-01,2015-07-01,"hml,smb,mom",mkt,14,5,19,10,9,hml
2012-07-01_to_2015-07-01,2012-07-01,2015-07-01,"hml,smb,mom",mkt,14,5,19,10,10,hml
2012-07-01_to_2015-07-01,2012-07-01,2015-07-01,"hml,smb,mom",mkt,14,5,21,10,1,mom
2012-07-01_to_2015-07-01,2012-07-01,2015-07-01,"hml,smb,mom",mkt,14,5,21,10,2,mom
2012-07-01_to_2015-07-01,2012-07-01,2015-07-01,"hml,smb,mom",mkt,14,5,21,10,3,mom
2012-07-01_to_2015-07-01,2012-07-01,2015-07-01,"hml,smb,mom",mkt,14,5,21,10,4,mom
2012-07-01_to_2015-07-01,2012-07-01,2015-07-01,"hml,smb,mom",mkt,14,5,21,10,5,mom
2012-07-01_to_2015-07-01,2012-07-01,2015-07-01,"hml,smb,mom",mkt,14,5,21,10,6,mom
2012-07-01_to_2015-07-01,2012-07-01,2015-07-01,"hml,smb,mom",mkt,14,5,21,10,7,smb
2012-07-01_to_2015-07-01,2012-07-01,2015-07-01,"hml,smb,mom",mkt,14,5,21,10,8,hml
2012-07-01_to_2015-07-01,2012-07-01,2015-07-01,"hml,smb,mom",mkt,14,5,21,10,9,hml
2012-07-01_to_2015-07-01,2012-07-01,2015-07-01,"hml,smb,mom",mkt,14,5,21,10,10,smb
2012-07-01_to_2015-07-01,2012-07-01,2015-07-01,"hml,smb,mom",mkt,14,5,22,10,1,mom
2012-07-01_to_2015-07-01,2012-07-01,2015-07-01,"hml,smb,mom",mkt,14,5,22,10,2,mom
2012-07-01_to_2015-07-01,2012-07-01,2015-07-01,"hml,smb,mom",mkt,14,5,22,10,3,mom
2012-07-01_to_2015-07-01,2012-07-01,2015-07-01,"hml,smb,mom",mkt,14,5,22,10,4,mom
2012-07-01_to_2015-07-01,2012-07-01,2015-07-01,"hml,smb,mom",mkt,14,5,22,10,5,mom
2012-07-01_to_2015-07-01,2012-07-01,2015-07-01,"hml,smb,mom",mkt,14,5,22,10,6,mom
2012-07-01_to_2015-07-01,2012-07-01,2015-07-01,"hml,smb,mom",mkt,14,5,22,10,7,smb
2012-07-01_to_2015-07-01,2012-07-01,2015-07-01,"hml,smb,mom",mkt,14,5,22,10,8,hml
2012-07-01_to_2015-07-01,2012-07-01,2015-07-01,"hml,smb,mom",mkt,14,5,22,10,9,hml
2012-07-01_to_2015-07-01,2012-07-01,2015-07-01,"hml,smb,mom",mkt,14,5,22,10,10,smb
2012-07-01_to_2015-07-01,2012-07-01,2015-07-01,"hml,smb,mom",mkt,14,5,25,10,1,mom
2012-07-01_to_2015-07-01,2012-07-01,2015-07-01,"hml,smb,mom",mkt,14,5,25,10,2,mom
2012-07-01_to_2015-07-01,2012-07-01,2015-07-01,"hml,smb,mom",mkt,14,5,25,10,3,mom
2012-07-01_to_2015-07-01,2012-07-01,2015-07-01,"hml,smb,mom",mkt,14,5,25,10,4,mom
2012-07-01_to_2015-07-01,2012-07-01,2015-07-01,"hml,smb,mom",mkt,14,5,25,10,5,mom
2012-07-01_to_2015-07-01,2012-07-01,2015-07-01,"hml,smb,mom",mkt,14,5,25,10,6,mom
2012-07-01_to_2015-07-01,2012-07-01,2015-07-01,"hml,smb,mom",mkt,14,5,25,10,7,smb
2012-07-01_to_2015-07-01,2012-07-01,2015-07-01,"hml,smb,mom",mkt,14,5,25,10,8,hml
2012-07-01_to_2015-07-01,2012-07-01,2015-07-01,"hml,smb,mom",mkt,14,5,25,10,9,hml
2012-07-01_to_2015-07-01,2012-07-01,2015-07-01,"hml,smb,mom",mkt,14,5,25,10,10,mom
2012-07-01_to_2015-07-01,2012-07-01,2015-07-01,"hml,smb,mom",mkt,14,5,26,10,1,mom
2012-07-01_to_2015-07-01,2012-07-01,2015-07-01,"hml,smb,mom",mkt,14,5,26,10,2,mom
2012-07-01_to_2015-07-01,2012-07-01,2015-07-01,"hml,smb,mom",mkt,14,5,26,10,3,mom
2012-07-01_to_2015-07-01,2012-07-01,2015-07-01,"hml,smb,mom",mkt,14,5,26,10,4,mom
2012-07-01_to_2015-07-01,2012-07-01,2015-07-01,"hml,smb,mom",mkt,14,5,26,10,5,mom
2012-07-01_to_2015-07-01,2012-07-01,2015-07-01,"hml,smb,mom",mkt,14,5,26,10,6,mom
2012-07-01_to_2015-07-01,2012-07-01,2015-07-01,"hml,smb,mom",mkt,14,5,26,10,7,smb
2012-07-01_to_2015-07-01,2012-07-01,2015-07-01,"hml,smb,mom",mkt,14,5,26,10,8,hml
2012-07-01_to_2015-07-01,2012-07-01,2015-07-01,"hml,smb,mom",mkt,14,5,26,10,9,hml
2012-07-01_to_2015-07-01,2012-07-01,2015-07-01,"hml,smb,mom",mkt,14,5,26,10,10,mom
2012-07-01_to_2015-07-01,2012-07-01,2015-07-01,"hml,smb,mom",mkt,14,5,27,9,1,mom
2012-07-01_to_2015-07-01,2012-07-01,2015-07-01,"hml,smb,mom",mkt,14,5,27,9,2,mom
2012-07-01_to_2015-07-01,2012-07-01,2015-07-01,"hml,smb,mom",mkt,14,5,27,9,3,mom
2012-07-01_to_2015-07-01,2012-07-01,2015-07-01,"hml,smb,mom",mkt,14,5,27,9,4,mom
2012-07-01_to_2015-07-01,2012-07-01,2015-07-01,"hml,smb,mom",mkt,14,5,27,9,5,mom
2012-07-01_to_2015-07-01,2012-07-01,2015-07-01,"hml,smb,mom",mkt,14,5,27,9,6,mom
2012-07-01_to_2015-07-01,2012-07-01,2015-07-01,"hml,smb,mom",mkt,14,5,27,9,7,smb
2012-07-01_to_2015-07-01,2012-07-01,2015-07-01,"hml,smb,mom",mkt,14,5,27,9,8,hml
2012-07-01_to_2015-07-01,2012-07-01,2015-07-01,"hml,smb,mom",mkt,14,5,27,9,9,hml
2012-07-01_to_2015-07-01,2012-07-01,2015-07-01,"hml,smb,mom",mkt,14,5,29,8,1,mom
2012-07-01_to_2015-07-01,2012-07-01,2015-07-01,"hml,smb,mom",mkt,14,5,29,8,2,mom
2012-07-01_to_2015-07-01,2012-07-01,2015-07-01,"hml,smb,mom",mkt,14,5,29,8,3,mom
2012-07-01_to_2015-07-01,2012-07-01,2015-07-01,"hml,smb,mom",mkt,14,5,29,8,4,mom
2012-07-01_to_2015-07-01,2012-07-01,2015-07-01,"hml,smb,mom",mkt,14,5,29,8,5,mom
2012-07-01_to_2015-07-01,2012-07-01,2015-07-01,"hml,smb,mom",mkt,14,5,29,8,6,mom
2012-07-01_to_2015-07-01,2012-07-01,2015-07-01,"hml,smb,mom",mkt,14,5,29,8,7,smb
2012-07-01_to_2015-07-01,2012-07-01,2015-07-01,"hml,smb,mom",mkt,14,5,29,8,8,mom
2012-07-01_to_2015-07-01,2012-07-01,2015-07-01,"hml,smb,mom",mkt,14,5,30,8,1,mom
2012-07-01_to_2015-07-01,2012-07-01,2015-07-01,"hml,smb,mom",mkt,14,5,30,8,2,mom
2012-07-01_to_2015-07-01,2012-07-01,2015-07-01,"hml,smb,mom",mkt,14,5,30,8,3,mom
2012-07-01_to_2015-07-01,2012-07-01,2015-07-01,"hml,smb,mom",mkt,14,5,30,8,4,mom
2012-07-01_to_2015-07-01,2012-07-01,2015-07-01,"hml,smb,mom",mkt,14,5,30,8,5,mom
2012-07-01_to_2015-07-01,2012-07-01,2015-07-01,"hml,smb,mom",mkt,14,5,30,8,6,mom
2012-07-01_to_2015-07-01,2012-07-01,2015-07-01,"hml,smb,mom",mkt,14,5,30,8,7,smb
2012-07-01_to_2015-07-01,2012-07-01,2015-07-01,"hml,smb,mom",mkt,14,5,30,8,8,mom
2012-07-01_to_2015-07-01,2012-07-01,2015-07-01,"hml,smb,mom",mkt,14,5,36,9,1,mom
2012-07-01_to_2015-07-01,2012-07-01,2015-07-01,"hml,smb,mom",mkt,14,5,36,9,2,mom
2012-07-01_to_2015-07-01,2012-07-01,2015-07-01,"hml,smb,mom",mkt,14,5,36,9,3,mom
2012-07-01_to_2015-07-01,2012-07-01,2015-07-01,"hml,smb,mom",mkt,14,5,36,9,4,mom
2012-07-01_to_2015-07-01,2012-07-01,2015-07-01,"hml,smb,mom",mkt,14,5,36,9,5,mom
2012-07-01_to_2015-07-01,2012-07-01,2015-07-01,"hml,smb,mom",mkt,14,5,36,9,6,mom
2012-07-01_to_2015-07-01,2012-07-01,2015-07-01,"hml,smb,mom",mkt,14,5,36,9,7,hml
2012-07-01_to_2015-07-01,2012-07-01,2015-07-01,"hml,smb,mom",mkt,14,5,36,9,8,smb
2012-07-01_to_2015-07-01,2012-07-01,2015-07-01,"hml,smb,mom",mkt,14,5,36,9,9,hml
2012-07-01_to_2015-07-01,2012-07-01,2015-07-01,"hml,smb,mom",mkt,14,5,37,9,1,mom
2012-07-01_to_2015-07-01,2012-07-01,2015-07-01,"hml,smb,mom",mkt,14,5,37,9,2,mom
2012-07-01_to_2015-07-01,2012-07-01,2015-07-01,"hml,smb,mom",mkt,14,5,37,9,3,mom
2012-07-01_to_2015-07-01,2012-07-01,2015-07-01,"hml,smb,mom",mkt,14,5,37,9,4,mom
2012-07-01_to_2015-07-01,2012-07-01,2015-07-01,"hml,smb,mom",mkt,14,5,37,9,5,mom
2012-07-01_to_2015-07-01,2012-07-01,2015-07-01,"hml,smb,mom",mkt,14,5,37,9,6,mom
2012-07-01_to_2015-07-01,2012-07-01,2015-07-01,"hml,smb,mom",mkt,14,5,37,9,7,hml
2012-07-01_to_2015-07-01,2012-07-01,2015-07-01,"hml,smb,mom",mkt,14,5,37,9,8,smb
2012-07-01_to_2015-07-01,2012-07-01,2015-07-01,"hml,smb,mom",mkt,14,5,37,9,9,hml
2012-07-01_to_2015-07-01,2012-07-01,2015-07-01,"hml,smb,mom",mkt,14,5,40,10,1,mom
2012-07-01_to_2015-07-01,2012-07-01,2015-07-01,"hml,smb,mom",mkt,14,5,40,10,2,mom
2012-07-01_to_2015-07-01,2012-07-01,2015-07-01,"hml,smb,mom",mkt,14,5,40,10,3,mom
2012-07-01_to_2015-07-01,2012-07-01,2015-07-01,"hml,smb,mom",mkt,14,5,40,10,4,mom
2012-07-01_to_2015-07-01,2012-07-01,2015-07-01,"hml,smb,mom",mkt,14,5,40,10,5,mom
2012-07-01_to_2015-07-01,2012-07-01,2015-07-01,"hml,smb,mom",mkt,14,5,40,10,6,mom
2012-07-01_to_2015-07-01,2012-07-01,2015-07-01,"hml,smb,mom",mkt,14,5,40,10,7,hml
2012-07-01_to_2015-07-01,2012-07-01,2015-07-01,"hml,smb,mom",mkt,14,5,40,10,8,smb
2012-07-01_to_2015-07-01,2012-07-01,2015-07-01,"hml,smb,mom",mkt,14,5,40,10,9,mom
2012-07-01_to_2015-07-01,2012-07-01,2015-07-01,"hml,smb,mom",mkt,14,5,40,10,10,smb
2012-07-01_to_2015-07-01,2012-07-01,2015-07-01,"hml,smb,mom",mkt,14,5,41,10,1,mom
2012-07-01_to_2015-07-01,2012-07-01,2015-07-01,"hml,smb,mom",mkt,14,5,41,10,2,mom
2012-07-01_to_2015-07-01,2012-07-01,2015-07-01,"hml,smb,mom",mkt,14,5,41,10,3,mom
2012-07-01_to_2015-07-01,2012-07-01,2015-07-01,"hml,smb,mom",mkt,14,5,41,10,4,mom
2012-07-01_to_2015-07-01,2012-07-01,2015-07-01,"hml,smb,mom",mkt,14,5,41,10,5,mom
2012-07-01_to_2015-07-01,2012-07-01,2015-07-01,"hml,smb,mom",mkt,14,5,41,10,6,mom
2012-07-01_to_2015-07-01,2012-07-01,2015-07-01,"hml,smb,mom",mkt,14,5,41,10,7,hml
2012-07-01_to_2015-07-01,2012-07-01,2015-07-01,"hml,smb,mom",mkt,14,5,41,10,8,smb
2012-07-01_to_2015-07-01,2012-07-01,2015-07-01,"hml,smb,mom",mkt,14,5,41,10,9,mom
2012-07-01_to_2015-07-01,2012-07-01,2015-07-01,"hml,smb,mom",mkt,14,5,41,10,10,smb
2012-07-01_to_2015-07-01,2012-07-01,2015-07-01,"hml,smb,mom",mkt,14,5,43,10,1,mom
2012-07-01_to_2015-07-01,2012-07-01,2015-07-01,"hml,smb,mom",mkt,14,5,43,10,2,mom
2012-07-01_to_2015-07-01,2012-07-01,2015-07-01,"hml,smb,mom",mkt,14,5,43,10,3,mom
2012-07-01_to_2015-07-01,2012-07-01,2015-07-01,"hml,smb,mom",mkt,14,5,43,10,4,mom
2012-07-01_to_2015-07-01,2012-07-01,2015-07-01,"hml,smb,mom",mkt,14,5,43,10,5,mom
2012-07-01_to_2015-07-01,2012-07-01,2015-07-01,"hml,smb,mom",mkt,14,5,43,10,6,mom
2012-07-01_to_2015-07-01,2012-07-01,2015-07-01,"hml,smb,mom",mkt,14,5,43,10,7,hml
2012-07-01_to_2015-07-01,2012-07-01,2015-07-01,"hml,smb,mom",mkt,14,5,43,10,8,smb
2012-07-01_to_2015-07-01,2012-07-01,2015-07-01,"hml,smb,mom",mkt,14,5,43,10,9,mom
2012-07-01_to_2015-07-01,2012-07-01,2015-07-01,"hml,smb,mom",mkt,14,5,43,10,10,smb
2012-07-01_to_2015-07-01,2012-07-01,2015-07-01,"hml,smb,mom",mkt,14,5,45,11,1,mom
2012-07-01_to_2015-07-01,2012-07-01,2015-07-01,"hml,smb,mom",mkt,14,5,45,11,2,mom
2012-07-01_to_2015-07-01,2012-07-01,2015-07-01,"hml,smb,mom",mkt,14,5,45,11,3,mom
2012-07-01_to_2015-07-01,2012-07-01,2015-07-01,"hml,smb,mom",mkt,14,5,45,11,4,mom
2012-07-01_to_2015-07-01,2012-07-01,2015-07-01,"hml,smb,mom",mkt,14,5,45,11,5,mom
2012-07-01_to_2015-07-01,2012-07-01,2015-07-01,"hml,smb,mom",mkt,14,5,45,11,6,mom
2012-07-01_to_2015-07-01,2012-07-01,2015-07-01,"hml,smb,mom",mkt,14,5,45,11,7,hml
2012-07-01_to_2015-07-01,2012-07-01,2015-07-01,"hml,smb,mom",mkt,14,5,45,11,8,smb
2012-07-01_to_2015-07-01,2012-07-01,2015-07-01,"hml,smb,mom",mkt,14,5,45,11,9,mom
2012-07-01_to_2015-07-01,2012-07-01,2015-07-01,"hml,smb,mom",mkt,14,5,45,11,10,smb
2012-07-01_to_2015-07-01,2012-07-01,2015-07-01,"hml,smb,mom",mkt,14,5,45,11,11,mom
2012-07-01_to_2015-07-01,2012-07-01,2015-07-01,"hml,smb,mom",mkt,14,5,47,12,1,mom
2012-07-01_to_2015-07-01,2012-07-01,2015-07-01,"hml,smb,mom",mkt,14,5,47,12,2,mom
2012-07-01_to_2015-07-01,2012-07-01,2015-07-01,"hml,smb,mom",mkt,14,5,47,12,3,mom
2012-07-01_to_2015-07-01,2012-07-01,2015-07-01,"hml,smb,mom",mkt,14,5,47,12,4,mom
2012-07-01_to_2015-07-01,2012-07-01,2015-07-01,"hml,smb,mom",mkt,14,5,47,12,5,mom
2012-07-01_to_2015-07-01,2012-07-01,2015-07-01,"hml,smb,mom",mkt,14,5,47,12,6,mom
2012-07-01_to_2015-07-01,2012-07-01,2015-07-01,"hml,smb,mom",mkt,14,5,47,12,7,hml
2012-07-01_to_2015-07-01,2012-07-01,2015-07-01,"hml,smb,mom",mkt,14,5,47,12,8,smb
2012-07-01_to_2015-07-01,2012-07-01,2015-07-01,"hml,smb,mom",mkt,14,5,47,12,9,mom
2012-07-01_to_2015-07-01,2012-07-01,2015-07-01,"hml,smb,mom",mkt,14,5,47,12,10,smb
2012-07-01_to_2015-07-01,2012-07-01,2015-07-01,"hml,smb,mom",mkt,14,5,47,12,11,mom
2012-07-01_to_2015-07-01,2012-07-01,2015-07-01,"hml,smb,mom",mkt,14,5,47,12,12,hml
2012-07-01_to_2015-07-01,2012-07-01,2015-07-01,"hml,smb,mom",mkt,14,5,48,12,1,mom
2012-07-01_to_2015-07-01,2012-07-01,2015-07-01,"hml,smb,mom",mkt,14,5,48,12,2,mom
2012-07-01_to_2015-07-01,2012-07-01,2015-07-01,"hml,smb,mom",mkt,14,5,48,12,3,mom
2012-07-01_to_2015-07-01,2012-07-01,2015-07-01,"hml,smb,mom",mkt,14,5,48,12,4,mom
2012-07-01_to_2015-07-01,2012-07-01,2015-07-01,"hml,smb,mom",mkt,14,5,48,12,5,mom
2012-07-01_to_2015-07-01,2012-07-01,2015-07-01,"hml,smb,mom",mkt,14,5,48,12,6,mom
2012-07-01_to_2015-07-01,2012-07-01,2015-07-01,"hml,smb,mom",mkt,14,5,48,12,7,hml
2012-07-01_to_2015-07-01,2012-07-01,2015-07-01,"hml,smb,mom",mkt,14,5,48,12,8,smb
2012-07-01_to_2015-07-01,2012-07-01,2015-07-01,"hml,smb,mom",mkt,14,5,48,12,9,mom
2012-07-01_to_2015-07-01,2012-07-01,2015-07-01,"hml,smb,mom",mkt,14,5,48,12,10,smb
2012-07-01_to_2015-07-01,2012-07-01,2015-07-01,"hml,smb,mom",mkt,14,5,48,12,11,mom
2012-07-01_to_2015-07-01,2012-07-01,2015-07-01,"hml,smb,mom",mkt,14,5,48,12,12,hml
2012-07-01_to_2015-07-01,2012-07-01,2015-07-01,"hml,smb,mom",mkt,14,5,50,8,1,mom
2012-07-01_to_2015-07-01,2012-07-01,2015-07-01,"hml,smb,mom",mkt,14,5,50,8,2,mom
2012-07-01_to_2015-07-01,2012-07-01,2015-07-01,"hml,smb,mom",mkt,14,5,50,8,3,mom
2012-07-01_to_2015-07-01,2012-07-01,2015-07-01,"hml,smb,mom",mkt,14,5,50,8,4,mom
2012-07-01_to_2015-07-01,2012-07-01,2015-07-01,"hml,smb,mom",mkt,14,5,50,8,5,mom
2012-07-01_to_2015-07-01,2012-07-01,2015-07-01,"hml,smb,mom",mkt,14,5,50,8,6,mom
2012-07-01_to_2015-07-01,2012-07-01,2015-07-01,"hml,smb,mom",mkt,14,5,50,8,7,hml
2012-07-01_to_2015-07-01,2012-07-01,2015-07-01,"hml,smb,mom",mkt,14,5,50,8,8,mom
2012-07-01_to_2015-07-01,2012-07-01,2015-07-01,"hml,smb,mom",mkt,14,5,51,8,1,mom
2012-07-01_to_2015-07-01,2012-07-01,2015-07-01,"hml,smb,mom",mkt,14,5,51,8,2,mom
2012-07-01_to_2015-07-01,2012-07-01,2015-07-01,"hml,smb,mom",mkt,14,5,51,8,3,mom
2012-07-01_to_2015-07-01,2012-07-01,2015-07-01,"hml,smb,mom",mkt,14,5,51,8,4,mom
2012-07-01_to_2015-07-01,2012-07-01,2015-07-01,"hml,smb,mom",mkt,14,5,51,8,5,mom
2012-07-01_to_2015-07-01,2012-07-01,2015-07-01,"hml,smb,mom",mkt,14,5,51,8,6,mom
2012-07-01_to_2015-07-01,2012-07-01,2015-07-01,"hml,smb,mom",mkt,14,5,51,8,7,hml
2012-07-01_to_2015-07-01,2012-07-01,2015-07-01,"hml,smb,mom",mkt,14,5,51,8,8,mom
2012-07-01_to_2015-07-01,2012-07-01,2015-07-01,"hml,smb,mom",mkt,14,5,56,10,1,mom
2012-07-01_to_2015-07-01,2012-07-01,2015-07-01,"hml,smb,mom",mkt,14,5,56,10,2,mom
2012-07-01_to_2015-07-01,2012-07-01,2015-07-01,"hml,smb,mom",mkt,14,5,56,10,3,mom
2012-07-01_to_2015-07-01,2012-07-01,2015-07-01,"hml,smb,mom",mkt,14,5,56,10,4,mom
2012-07-01_to_2015-07-01,2012-07-01,2015-07-01,"hml,smb,mom",mkt,14,5,56,10,5,mom
2012-07-01_to_2015-07-01,2012-07-01,2015-07-01,"hml,smb,mom",mkt,14,5,56,10,6,mom
2012-07-01_to_2015-07-01,2012-07-01,2015-07-01,"hml,smb,mom",mkt,14,5,56,10,7,smb
2012-07-01_to_2015-07-01,2012-07-01,2015-07-01,"hml,smb,mom",mkt,14,5,56,10,8,mom
2012-07-01_to_2015-07-01,2012-07-01,2015-07-01,"hml,smb,mom",mkt,14,5,56,10,9,hml
2012-07-01_to_2015-07-01,2012-07-01,2015-07-01,"hml,smb,mom",mkt,14,5,56,10,10,smb
2012-07-01_to_2015-07-01,2012-07-01,2015-07-01,"hml,smb,mom",mkt,14,5,59,12,1,mom
2012-07-01_to_2015-07-01,2012-07-01,2015-07-01,"hml,smb,mom",mkt,14,5,59,12,2,mom
2012-07-01_to_2015-07-01,2012-07-01,2015-07-01,"hml,smb,mom",mkt,14,5,59,12,3,mom
2012-07-01_to_2015-07-01,2012-07-01,2015-07-01,"hml,smb,mom",mkt,14,5,59,12,4,mom
2012-07-01_to_2015-07-01,2012-07-01,2015-07-01,"hml,smb,mom",mkt,14,5,59,12,5,mom
2012-07-01_to_2015-07-01,2012-07-01,2015-07-01,"hml,smb,mom",mkt,14,5,59,12,6,mom
2012-07-01_to_2015-07-01,2012-07-01,2015-07-01,"hml,smb,mom",mkt,14,5,59,12,7,smb
2012-07-01_to_2015-07-01,2012-07-01,2015-07-01,"hml,smb,mom",mkt,14,5,59,12,8,mom
2012-07-01_to_2015-07-01,2012-07-01,2015-07-01,"hml,smb,mom",mkt,14,5,59,12,9,hml
2012-07-01_to_2015-07-01,2012-07-01,2015-07-01,"hml,smb,mom",mkt,14,5,59,12,10,smb
2012-07-01_to_2015-07-01,2012-07-01,2015-07-01,"hml,smb,mom",mkt,14,5,59,12,11,smb
2012-07-01_to_2015-07-01,2012-07-01,2015-07-01,"hml,smb,mom",mkt,14,5,59,12,12,smb
2012-07-01_to_2015-07-01,2012-07-01,2015-07-01,"hml,smb,mom",mkt,14,5,61,13,1,mom
2012-07-01_to_2015-07-01,2012-07-01,2015-07-01,"hml,smb,mom",mkt,14,5,61,13,2,mom
2012-07-01_to_2015-07-01,2012-07-01,2015-07-01,"hml,smb,mom",mkt,14,5,61,13,3,mom
2012-07-01_to_2015-07-01,2012-07-01,2015-07-01,"hml,smb,mom",mkt,14,5,61,13,4,mom
2012-07-01_to_2015-07-01,2012-07-01,2015-07-01,"hml,smb,mom",mkt,14,5,61,13,5,mom
2012-07-01_to_2015-07-01,2012-07-01,2015-07-01,"hml,smb,mom",mkt,14,5,61,13,6,mom
2012-07-01_to_2015-07-01,2012-07-01,2015-07-01,"hml,smb,mom",mkt,14,5,61,13,7,smb
2012-07-01_to_2015-07-01,2012-07-01,2015-07-01,"hml,smb,mom",mkt,14,5,61,13,8,mom
2012-07-01_to_2015-07-01,2012-07-01,2015-07-01,"hml,smb,mom",mkt,14,5,61,13,9,hml
2012-07-01_to_2015-07-01,2012-07-01,2015-07-01,"hml,smb,mom",mkt,14,5,61,13,10,smb
2012-07-01_to_2015-07-01,2012-07-01,2015-07-01,"hml,smb,mom",mkt,14,5,61,13,11,smb
2012-07-01_to_2015-07-01,2012-07-01,2015-07-01,"hml,smb,mom",mkt,14,5,61,13,12,smb
2012-07-01_to_2015-07-01,2012-07-01,2015-07-01,"hml,smb,mom",mkt,14,5,61,13,13,smb
2012-07-01_to_2015-07-01,2012-07-01,2015-07-01,"hml,smb,mom",mkt,14,5,63,14,1,mom
2012-07-01_to_2015-07-01,2012-07-01,2015-07-01,"hml,smb,mom",mkt,14,5,63,14,2,mom
2012-07-01_to_2015-07-01,2012-07-01,2015-07-01,"hml,smb,mom",mkt,14,5,63,14,3,mom
2012-07-01_to_2015-07-01,2012-07-01,2015-07-01,"hml,smb,mom",mkt,14,5,63,14,4,mom
2012-07-01_to_2015-07-01,2012-07-01,2015-07-01,"hml,smb,mom",mkt,14,5,63,14,5,mom
2012-07-01_to_2015-07-01,2012-07-01,2015-07-01,"hml,smb,mom",mkt,14,5,63,14,6,mom
2012-07-01_to_2015-07-01,2012-07-01,2015-07-01,"hml,smb,mom",mkt,14,5,63,14,7,smb
2012-07-01_to_2015-07-01,2012-07-01,2015-07-01,"hml,smb,mom",mkt,14,5,63,14,8,mom
2012-07-01_to_2015-07-01,2012-07-01,2015-07-01,"hml,smb,mom",mkt,14,5,63,14,9,hml
2012-07-01_to_2015-07-01,2012-07-01,2015-07-01,"hml,smb,mom",mkt,14,5,63,14,10,smb
2012-07-01_to_2015-07-01,2012-07-01,2015-07-01,"hml,smb,mom",mkt,14,5,63,14,11,smb
2012-07-01_to_2015-07-01,2012-07-01,2015-07-01,"hml,smb,mom",mkt,14,5,63,14,12,smb
2012-07-01_to_2015-07-01,2012-07-01,2015-07-01,"hml,smb,mom",mkt,14,5,63,14,13,smb
2012-07-01_to_2015-07-01,2012-07-01,2015-07-01,"hml,smb,mom",mkt,14,5,63,14,14,hml
2012-07-01_to_2015-07-01,2012-07-01,2015-07-01,"hml,smb,mom",mkt,14,5,64,14,1,mom
2012-07-01_to_2015-07-01,2012-07-01,2015-07-01,"hml,smb,mom",mkt,14,5,64,14,2,mom
2012-07-01_to_2015-07-01,2012-07-01,2015-07-01,"hml,smb,mom",mkt,14,5,64,14,3,mom
2012-07-01_to_2015-07-01,2012-07-01,2015-07-01,"hml,smb,mom",mkt,14,5,64,14,4,mom
2012-07-01_to_2015-07-01,2012-07-01,2015-07-01,"hml,smb,mom",mkt,14,5,64,14,5,mom
2012-07-01_to_2015-07-01,2012-07-01,2015-07-01,"hml,smb,mom",mkt,14,5,64,14,6,mom
2012-07-01_to_2015-07-01,2012-07-01,2015-07-01,"hml,smb,mom",mkt,14,5,64,14,7,smb
2012-07-01_to_2015-07-01,2012-07-01,2015-07-01,"hml,smb,mom",mkt,14,5,64,14,8,mom
2012-07-01_to_2015-07-01,2012-07-01,2015-07-01,"hml,smb,mom",mkt,14,5,64,14,9,hml
2012-07-01_to_2015-07-01,2012-07-01,2015-07-01,"hml,smb,mom",mkt,14,5,64,14,10,smb
2012-07-01_to_2015-07-01,2012-07-01,2015-07-01,"hml,smb,mom",mkt,14,5,64,14,11,smb
2012-07-01_to_2015-07-01,2012-07-01,2015-07-01,"hml,smb,mom",mkt,14,5,64,14,12,smb
2012-07-01_to_2015-07-01,2012-07-01,2015-07-01,"hml,smb,mom",mkt,14,5,64,14,13,smb
2012-07-01_to_2015-07-01,2012-07-01,2015-07-01,"hml,smb,mom",mkt,14,5,64,14,14,hml
2012-07-01_to_2015-07-01,2012-07-01,2015-07-01,"hml,smb,mom",mkt,14,5,65,11,1,mom
2012-07-01_to_2015-07-01,2012-07-01,2015-07-01,"hml,smb,mom",mkt,14,5,65,11,2,mom
2012-07-01_to_2015-07-01,2012-07-01,2015-07-01,"hml,smb,mom",mkt,14,5,65,11,3,mom
2012-07-01_to_2015-07-01,2012-07-01,2015-07-01,"hml,smb,mom",mkt,14,5,65,11,4,mom
2012-07-01_to_2015-07-01,2012-07-01,2015-07-01,"hml,smb,mom",mkt,14,5,65,11,5,mom
2012-07-01_to_2015-07-01,2012-07-01,2015-07-01,"hml,smb,mom",mkt,14,5,65,11,6,mom
2012-07-01_to_2015-07-01,2012-07-01,2015-07-01,"hml,smb,mom",mkt,14,5,65,11,7,smb
2012-07-01_to_2015-07-01,2012-07-01,2015-07-01,"hml,smb,mom",mkt,14,5,65,11,8,mom
2012-07-01_to_2015-07-01,2012-07-01,2015-07-01,"hml,smb,mom",mkt,14,5,65,11,9,hml
2012-07-01_to_2015-07-01,2012-07-01,2015-07-01,"hml,smb,mom",mkt,14,5,65,11,10,smb
2012-07-01_to_2015-07-01,2012-07-01,2015-07-01,"hml,smb,mom",mkt,14,5,65,11,11,smb
2012-07-01_to_2015-07-01,2012-07-01,2015-07-01,"hml,smb,mom",mkt,14,5,66,9,1,mom
2012-07-01_to_2015-07-01,2012-07-01,2015-07-01,"hml,smb,mom",mkt,14,5,66,9,2,mom
2012-07-01_to_2015-07-01,2012-07-01,2015-07-01,"hml,smb,mom",mkt,14,5,66,9,3,mom
2012-07-01_to_2015-07-01,2012-07-01,2015-07-01,"hml,smb,mom",mkt,14,5,66,9,4,mom
2012-07-01_to_2015-07-01,2012-07-01,2015-07-01,"hml,smb,mom",mkt,14,5,66,9,5,mom
2012-07-01_to_2015-07-01,2012-07-01,2015-07-01,"hml,smb,mom",mkt,14,5,66,9,6,mom
2012-07-01_to_2015-07-01,2012-07-01,2015-07-01,"hml,smb,mom",mkt,14,5,66,9,7,smb
2012-07-01_to_2015-07-01,2012-07-01,2015-07-01,"hml,smb,mom",mkt,14,5,66,9,8,mom
2012-07-01_to_2015-07-01,2012-07-01,2015-07-01,"hml,smb,mom",mkt,14,5,66,9,9,hml
2012-07-01_to_2015-07-01,2012-07-01,2015-07-01,"hml,smb,mom",mkt,14,5,67,8,1,mom
2012-07-01_to_2015-07-01,2012-07-01,2015-07-01,"hml,smb,mom",mkt,14,5,67,8,2,mom
2012-07-01_to_2015-07-01,2012-07-01,2015-07-01,"hml,smb,mom",mkt,14,5,67,8,3,mom
2012-07-01_to_2015-07-01,2012-07-01,2015-07-01,"hml,smb,mom",mkt,14,5,67,8,4,mom
2012-07-01_to_2015-07-01,2012-07-01,2015-07-01,"hml,smb,mom",mkt,14,5,67,8,5,mom
2012-07-01_to_2015-07-01,2012-07-01,2015-07-01,"hml,smb,mom",mkt,14,5,67,8,6,mom
2012-07-01_to_2015-07-01,2012-07-01,2015-07-01,"hml,smb,mom",mkt,14,5,67,8,7,smb
2012-07-01_to_2015-07-01,2012-07-01,2015-07-01,"hml,smb,mom",mkt,14,5,67,8,8,mom
2012-07-01_to_2015-07-01,2012-07-01,2015-07-01,"hml,smb,mom",mkt,14,5,69,8,1,mom
2012-07-01_to_2015-07-01,2012-07-01,2015-07-01,"hml,smb,mom",mkt,14,5,69,8,2,mom
2012-07-01_to_2015-07-01,2012-07-01,2015-07-01,"hml,smb,mom",mkt,14,5,69,8,3,mom
2012-07-01_to_2015-07-01,2012-07-01,2015-07-01,"hml,smb,mom",mkt,14,5,69,8,4,mom
2012-07-01_to_2015-07-01,2012-07-01,2015-07-01,"hml,smb,mom",mkt,14,5,69,8,5,mom
2012-07-01_to_2015-07-01,2012-07-01,2015-07-01,"hml,smb,mom",mkt,14,5,69,8,6,mom
2012-07-01_to_2015-07-01,2012-07-01,2015-07-01,"hml,smb,mom",mkt,14,5,69,8,7,smb
2012-07-01_to_2015-07-01,2012-07-01,2015-07-01,"hml,smb,mom",mkt,14,5,69,8,8,hml
2012-07-01_to_2015-07-01,2012-07-01,2015-07-01,"hml,smb,mom",mkt,14,5,70,8,1,mom
2012-07-01_to_2015-07-01,2012-07-01,2015-07-01,"hml,smb,mom",mkt,14,5,70,8,2,mom
2012-07-01_to_2015-07-01,2012-07-01,2015-07-01,"hml,smb,mom",mkt,14,5,70,8,3,mom
2012-07-01_to_2015-07-01,2012-07-01,2015-07-01,"hml,smb,mom",mkt,14,5,70,8,4,mom
2012-07-01_to_2015-07-01,2012-07-01,2015-07-01,"hml,smb,mom",mkt,14,5,70,8,5,mom
2012-07-01_to_2015-07-01,2012-07-01,2015-07-01,"hml,smb,mom",mkt,14,5,70,8,6,mom
2012-07-01_to_2015-07-01,2012-07-01,2015-07-01,"hml,smb,mom",mkt,14,5,70,8,7,smb
2012-07-01_to_2015-07-01,2012-07-01,2015-07-01,"hml,smb,mom",mkt,14,5,70,8,8,hml
2012-07-01_to_2015-07-01,2012-07-01,2015-07-01,"hml,smb,mom",mkt,14,5,74,8,1,mom
2012-07-01_to_2015-07-01,2012-07-01,2015-07-01,"hml,smb,mom",mkt,14,5,74,8,2,mom
2012-07-01_to_2015-07-01,2012-07-01,2015-07-01,"hml,smb,mom",mkt,14,5,74,8,3,mom
2012-07-01_to_2015-07-01,2012-07-01,2015-07-01,"hml,smb,mom",mkt,14,5,74,8,4,mom
2012-07-01_to_2015-07-01,2012-07-01,2015-07-01,"hml,smb,mom",mkt,14,5,74,8,5,mom
2012-07-01_to_2015-07-01,2012-07-01,2015-07-01,"hml,smb,mom",mkt,14,5,74,8,6,smb
2012-07-01_to_2015-07-01,2012-07-01,2015-07-01,"hml,smb,mom",mkt,14,5,74,8,7,smb
2012-07-01_to_2015-07-01,2012-07-01,2015-07-01,"hml,smb,mom",mkt,14,5,74,8,8,smb
2012-07-01_to_2015-07-01,2012-07-01,2015-07-01,"hml,smb,mom",mkt,14,5,76,9,1,mom
2012-07-01_to_2015-07-01,2012-07-01,2015-07-01,"hml,smb,mom",mkt,14,5,76,9,2,mom
2012-07-01_to_2015-07-01,2012-07-01,2015-07-01,"hml,smb,mom",mkt,14,5,76,9,3,mom
2012-07-01_to_2015-07-01,2012-07-01,2015-07-01,"hml,smb,mom",mkt,14,5,76,9,4,mom
2012-07-01_to_2015-07-01,2012-07-01,2015-07-01,"hml,smb,mom",mkt,14,5,76,9,5,mom
2012-07-01_to_2015-07-01,2012-07-01,2015-07-01,"hml,smb,mom",mkt,14,5,76,9,6,smb
2012-07-01_to_2015-07-01,2012-07-01,2015-07-01,"hml,smb,mom",mkt,14,5,76,9,7,smb
2012-07-01_to_2015-07-01,2012-07-01,2015-07-01,"hml,smb,mom",mkt,14,5,76,9,8,smb
2012-07-01_to_2015-07-01,2012-07-01,2015-07-01,"hml,smb,mom",mkt,14,5,76,9,9,hml
2012-07-01_to_2015-07-01,2012-07-01,2015-07-01,"hml,smb,mom",mkt,14,5,77,9,1,mom
2012-07-01_to_2015-07-01,2012-07-01,2015-07-01,"hml,smb,mom",mkt,14,5,77,9,2,mom
2012-07-01_to_2015-07-01,2012-07-01,2015-07-01,"hml,smb,mom",mkt,14,5,77,9,3,mom
2012-07-01_to_2015-07-01,2012-07-01,2015-07-01,"hml,smb,mom",mkt,14,5,77,9,4,mom
2012-07-01_to_2015-07-01,2012-07-01,2015-07-01,"hml,smb,mom",mkt,14,5,77,9,5,mom
2012-07-01_to_2015-07-01,2012-07-01,2015-07-01,"hml,smb,mom",mkt,14,5,77,9,6,smb
2012-07-01_to_2015-07-01,2012-07-01,2015-07-01,"hml,smb,mom",mkt,14,5,77,9,7,smb
2012-07-01_to_2015-07-01,2012-07-01,2015-07-01,"hml,smb,mom",mkt,14,5,77,9,8,smb
2012-07-01_to_2015-07-01,2012-07-01,2015-07-01,"hml,smb,mom",mkt,14,5,77,9,9,hml
2012-07-01_to_2015-07-01,2012-07-01,2015-07-01,"hml,smb,mom",mkt,14,5,80,9,1,mom
2012-07-01_to_2015-07-01,2012-07-01,2015-07-01,"hml,smb,mom",mkt,14,5,80,9,2,mom
2012-07-01_to_2015-07-01,2012-07-01,2015-07-01,"hml,smb,mom",mkt,14,5,80,9,3,mom
2012-07-01_to_2015-07-01,2012-07-01,2015-07-01,"hml,smb,mom",mkt,14,5,80,9,4,mom
2012-07-01_to_2015-07-01,2012-07-01,2015-07-01,"hml,smb,mom",mkt,14,5,80,9,5,mom
2012-07-01_to_2015-07-01,2012-07-01,2015-07-01,"hml,smb,mom",mkt,14,5,80,9,6,smb
2012-07-01_to_2015-07-01,2012-07-01,2015-07-01,"hml,smb,mom",mkt,14,5,80,9,7,smb
2012-07-01_to_2015-07-01,2012-07-01,2015-07-01,"hml,smb,mom",mkt,14,5,80,9,8,smb
2012-07-01_to_2015-07-01,2012-07-01,2015-07-01,"hml,smb,mom",mkt,14,5,80,9,9,hml
2012-07-01_to_2015-07-01,2012-07-01,2015-07-01,"hml,smb,mom",mkt,14,5,81,9,1,mom
2012-07-01_to_2015-07-01,2012-07-01,2015-07-01,"hml,smb,mom",mkt,14,5,81,9,2,mom
2012-07-01_to_2015-07-01,2012-07-01,2015-07-01,"hml,smb,mom",mkt,14,5,81,9,3,mom
2012-07-01_to_2015-07-01,2012-07-01,2015-07-01,"hml,smb,mom",mkt,14,5,81,9,4,mom
2012-07-01_to_2015-07-01,2012-07-01,2015-07-01,"hml,smb,mom",mkt,14,5,81,9,5,mom
2012-07-01_to_2015-07-01,2012-07-01,2015-07-01,"hml,smb,mom",mkt,14,5,81,9,6,smb
2012-07-01_to_2015-07-01,2012-07-01,2015-07-01,"hml,smb,mom",mkt,14,5,81,9,7,smb
2012-07-01_to_2015-07-01,2012-07-01,2015-07-01,"hml,smb,mom",mkt,14,5,81,9,8,smb
2012-07-01_to_2015-07-01,2012-07-01,2015-07-01,"hml,smb,mom",mkt,14,5,81,9,9,hml
2012-07-01_to_2015-07-01,2012-07-01,2015-07-01,"hml,smb,mom",mkt,14,5,82,8,1,mom
2012-07-01_to_2015-07-01,2012-07-01,2015-07-01,"hml,smb,mom",mkt,14,5,82,8,2,mom
2012-07-01_to_2015-07-01,2012-07-01,2015-07-01,"hml,smb,mom",mkt,14,5,82,8,3,mom
2012-07-01_to_2015-07-01,2012-07-01,2015-07-01,"hml,smb,mom",mkt,14,5,82,8,4,mom
2012-07-01_to_2015-07-01,2012-07-01,2015-07-01,"hml,smb,mom",mkt,14,5,82,8,5,mom
2012-07-01_to_2015-07-01,2012-07-01,2015-07-01,"hml,smb,mom",mkt,14,5,82,8,6,smb
2012-07-01_to_2015-07-01,2012-07-01,2015-07-01,"hml,smb,mom",mkt,14,5,82,8,7,smb
2012-07-01_to_2015-07-01,2012-07-01,2015-07-01,"hml,smb,mom",mkt,14,5,82,8,8,smb
2012-07-01_to_2015-07-01,2012-07-01,2015-07-01,"hml,smb,mom",mkt,14,5,87,10,1,mom
2012-07-01_to_2015-07-01,2012-07-01,2015-07-01,"hml,smb,mom",mkt,14,5,87,10,2,mom
2012-07-01_to_2015-07-01,2012-07-01,2015-07-01,"hml,smb,mom",mkt,14,5,87,10,3,mom
2012-07-01_to_2015-07-01,2012-07-01,2015-07-01,"hml,smb,mom",mkt,14,5,87,10,4,mom
2012-07-01_to_2015-07-01,2012-07-01,2015-07-01,"hml,smb,mom",mkt,14,5,87,10,5,mom
2012-07-01_to_2015-07-01,2012-07-01,2015-07-01,"hml,smb,mom",mkt,14,5,87,10,6,smb
2012-07-01_to_2015-07-01,2012-07-01,2015-07-01,"hml,smb,mom",mkt,14,5,87,10,7,mom
2012-07-01_to_2015-07-01,2012-07-01,2015-07-01,"hml,smb,mom",mkt,14,5,87,10,8,hml
2012-07-01_to_2015-07-01,2012-07-01,2015-07-01,"hml,smb,mom",mkt,14,5,87,10,9,hml
2012-07-01_to_2015-07-01,2012-07-01,2015-07-01,"hml,smb,mom",mkt,14,5,87,10,10,hml
2012-07-01_to_2015-07-01,2012-07-01,2015-07-01,"hml,smb,mom",mkt,14,5,88,10,1,mom
2012-07-01_to_2015-07-01,2012-07-01,2015-07-01,"hml,smb,mom",mkt,14,5,88,10,2,mom
2012-07-01_to_2015-07-01,2012-07-01,2015-07-01,"hml,smb,mom",mkt,14,5,88,10,3,mom
2012-07-01_to_2015-07-01,2012-07-01,2015-07-01,"hml,smb,mom",mkt,14,5,88,10,4,mom
2012-07-01_to_2015-07-01,2012-07-01,2015-07-01,"hml,smb,mom",mkt,14,5,88,10,5,mom
2012-07-01_to_2015-07-01,2012-07-01,2015-07-01,"hml,smb,mom",mkt,14,5,88,10,6,smb
2012-07-01_to_2015-07-01,2012-07-01,2015-07-01,"hml,smb,mom",mkt,14,5,88,10,7,mom
2012-07-01_to_2015-07-01,2012-07-01,2015-07-01,"hml,smb,mom",mkt,14,5,88,10,8,hml
2012-07-01_to_2015-07-01,2012-07-01,2015-07-01,"hml,smb,mom",mkt,14,5,88,10,9,hml
2012-07-01_to_2015-07-01,2012-07-01,2015-07-01,"hml,smb,mom",mkt,14,5,88,10,10,hml
2012-07-01_to_2015-07-01,2012-07-01,2015-07-01,"hml,smb,mom",mkt,14,5,89,9,1,mom
2012-07-01_to_2015-07-01,2012-07-01,2015-07-01,"hml,smb,mom",mkt,14,5,89,9,2,mom
2012-07-01_to_2015-07-01,2012-07-01,2015-07-01,"hml,smb,mom",mkt,14,5,89,9,3,mom
2012-07-01_to_2015-07-01,2012-07-01,2015-07-01,"hml,smb,mom",mkt,14,5,89,9,4,mom
2012-07-01_to_2015-07-01,2012-07-01,2015-07-01,"hml,smb,mom",mkt,14,5,89,9,5,mom
2012-07-01_to_2015-07-01,2012-07-01,2015-07-01,"hml,smb,mom",mkt,14,5,89,9,6,smb
2012-07-01_to_2015-07-01,2012-07-01,2015-07-01,"hml,smb,mom",mkt,14,5,89,9,7,mom
2012-07-01_to_2015-07-01,2012-07-01,2015-07-01,"hml,smb,mom",mkt,14,5,89,9,8,hml
2012-07-01_to_2015-07-01,2012-07-01,2015-07-01,"hml,smb,mom",mkt,14,5,89,9,9,hml
2012-07-01_to_2015-07-01,2012-07-01,2015-07-01,"hml,smb,mom",mkt,14,5,91,9,1,mom
2012-07-01_to_2015-07-01,2012-07-01,2015-07-01,"hml,smb,mom",mkt,14,5,91,9,2,mom
2012-07-01_to_2015-07-01,2012-07-01,2015-07-01,"hml,smb,mom",mkt,14,5,91,9,3,mom
2012-07-01_to_2015-07-01,2012-07-01,2015-07-01,"hml,smb,mom",mkt,14,5,91,9,4,mom
2012-07-01_to_2015-07-01,2012-07-01,2015-07-01,"hml,smb,mom",mkt,14,5,91,9,5,mom
2012-07-01_to_2015-07-01,2012-07-01,2015-07-01,"hml,smb,mom",mkt,14,5,91,9,6,smb
2012-07-01_to_2015-07-01,2012-07-01,2015-07-01,"hml,smb,mom",mkt,14,5,91,9,7,mom
2012-07-01_to_2015-07-01,2012-07-01,2015-07-01,"hml,smb,mom",mkt,14,5,91,9,8,hml
2012-07-01_to_2015-07-01,2012-07-01,2015-07-01,"hml,smb,mom",mkt,14,5,91,9,9,smb
2012-07-01_to_2015-07-01,2012-07-01,2015-07-01,"hml,smb,mom",mkt,14,5,93,10,1,mom
2012-07-01_to_2015-07-01,2012-07-01,2015-07-01,"hml,smb,mom",mkt,14,5,93,10,2,mom
2012-07-01_to_2015-07-01,2012-07-01,2015-07-01,"hml,smb,mom",mkt,14,5,93,10,3,mom
2012-07-01_to_2015-07-01,2012-07-01,2015-07-01,"hml,smb,mom",mkt,14,5,93,10,4,mom
2012-07-01_to_2015-07-01,2012-07-01,2015-07-01,"hml,smb,mom",mkt,14,5,93,10,5,mom
2012-07-01_to_2015-07-01,2012-07-01,2015-07-01,"hml,smb,mom",mkt,14,5,93,10,6,smb
2012-07-01_to_2015-07-01,2012-07-01,2015-07-01,"hml,smb,mom",mkt,14,5,93,10,7,mom
2012-07-01_to_2015-07-01,2012-07-01,2015-07-01,"hml,smb,mom",mkt,14,5,93,10,8,hml
2012-07-01_to_2015-07-01,2012-07-01,2015-07-01,"hml,smb,mom",mkt,14,5,93,10,9,smb
2012-07-01_to_2015-07-01,2012-07-01,2015-07-01,"hml,smb,mom",mkt,14,5,93,10,10,smb
2012-07-01_to_2015-07-01,2012-07-01,2015-07-01,"hml,smb,mom",mkt,14,5,94,10,1,mom
2012-07-01_to_2015-07-01,2012-07-01,2015-07-01,"hml,smb,mom",mkt,14,5,94,10,2,mom
2012-07-01_to_2015-07-01,2012-07-01,2015-07-01,"hml,smb,mom",mkt,14,5,94,10,3,mom
2012-07-01_to_2015-07-01,2012-07-01,2015-07-01,"hml,smb,mom",mkt,14,5,94,10,4,mom
2012-07-01_to_2015-07-01,2012-07-01,2015-07-01,"hml,smb,mom",mkt,14,5,94,10,5,mom
2012-07-01_to_2015-07-01,2012-07-01,2015-07-01,"hml,smb,mom",mkt,14,5,94,10,6,smb
2012-07-01_to_2015-07-01,2012-07-01,2015-07-01,"hml,smb,mom",mkt,14,5,94,10,7,mom
2012-07-01_to_2015-07-01,2012-07-01,2015-07-01,"hml,smb,mom",mkt,14,5,94,10,8,hml
2012-07-01_to_2015-07-01,2012-07-01,2015-07-01,"hml,smb,mom",mkt,14,5,94,10,9,smb
2012-07-01_to_2015-07-01,2012-07-01,2015-07-01,"hml,smb,mom",mkt,14,5,94,10,10,smb
2012-07-01_to_2015-07-01,2012-07-01,2015-07-01,"hml,smb,mom",mkt,14,5,97,9,1,mom
2012-07-01_to_2015-07-01,2012-07-01,2015-07-01,"hml,smb,mom",mkt,14,5,97,9,2,mom
2012-07-01_to_2015-07-01,2012-07-01,2015-07-01,"hml,smb,mom",mkt,14,5,97,9,3,mom
2012-07-01_to_2015-07-01,2012-07-01,2015-07-01,"hml,smb,mom",mkt,14,5,97,9,4,mom
2012-07-01_to_2015-07-01,2012-07-01,2015-07-01,"hml,smb,mom",mkt,14,5,97,9,5,mom
2012-07-01_to_2015-07-01,2012-07-01,2015-07-01,"hml,smb,mom",mkt,14,5,97,9,6,smb
2012-07-01_to_2015-07-01,2012-07-01,2015-07-01,"hml,smb,mom",mkt,14,5,97,9,7,mom
2012-07-01_to_2015-07-01,2012-07-01,2015-07-01,"hml,smb,mom",mkt,14,5,97,9,8,mom
2012-07-01_to_2015-07-01,2012-07-01,2015-07-01,"hml,smb,mom",mkt,14,5,97,9,9,hml
2012-07-01_to_2015-07-01,2012-07-01,2015-07-01,"hml,smb,mom",mkt,14,5,102,13,1,mom
2012-07-01_to_2015-07-01,2012-07-01,2015-07-01,"hml,smb,mom",mkt,14,5,102,13,2,mom
2012-07-01_to_2015-07-01,2012-07-01,2015-07-01,"hml,smb,mom",mkt,14,5,102,13,3,mom
2012-07-01_to_2015-07-01,2012-07-01,2015-07-01,"hml,smb,mom",mkt,14,5,102,13,4,mom
2012-07-01_to_2015-07-01,2012-07-01,2015-07-01,"hml,smb,mom",mkt,14,5,102,13,5,mom
2012-07-01_to_2015-07-01,2012-07-01,2015-07-01,"hml,smb,mom",mkt,14,5,102,13,6,smb
2012-07-01_to_2015-07-01,2012-07-01,2015-07-01,"hml,smb,mom",mkt,14,5,102,13,7,mom
2012-07-01_to_2015-07-01,2012-07-01,2015-07-01,"hml,smb,mom",mkt,14,5,102,13,8,mom
2012-07-01_to_2015-07-01,2012-07-01,2015-07-01,"hml,smb,mom",mkt,14,5,102,13,9,hml
2012-07-01_to_2015-07-01,2012-07-01,2015-07-01,"hml,smb,mom",mkt,14,5,102,13,10,hml
2012-07-01_to_2015-07-01,2012-07-01,2015-07-01,"hml,smb,mom",mkt,14,5,102,13,11,hml
2012-07-01_to_2015-07-01,2012-07-01,2015-07-01,"hml,smb,mom",mkt,14,5,102,13,12,smb
2012-07-01_to_2015-07-01,2012-07-01,2015-07-01,"hml,smb,mom",mkt,14,5,102,13,13,smb
2012-07-01_to_2015-07-01,2012-07-01,2015-07-01,"hml,smb,mom",mkt,14,5,103,13,1,mom
2012-07-01_to_2015-07-01,2012-07-01,2015-07-01,"hml,smb,mom",mkt,14,5,103,13,2,mom
2012-07-01_to_2015-07-01,2012-07-01,2015-07-01,"hml,smb,mom",mkt,14,5,103,13,3,mom
2012-07-01_to_2015-07-01,2012-07-01,2015-07-01,"hml,smb,mom",mkt,14,5,103,13,4,mom
2012-07-01_to_2015-07-01,2012-07-01,2015-07-01,"hml,smb,mom",mkt,14,5,103,13,5,mom
2012-07-01_to_2015-07-01,2012-07-01,2015-07-01,"hml,smb,mom",mkt,14,5,103,13,6,smb
2012-07-01_to_2015-07-01,2012-07-01,2015-07-01,"hml,smb,mom",mkt,14,5,103,13,7,mom
2012-07-01_to_2015-07-01,2012-07-01,2015-07-01,"hml,smb,mom",mkt,14,5,103,13,8,mom
2012-07-01_to_2015-07-01,2012-07-01,2015-07-01,"hml,smb,mom",mkt,14,5,103,13,9,hml
2012-07-01_to_2015-07-01,2012-07-01,2015-07-01,"hml,smb,mom",mkt,14,5,103,13,10,hml
2012-07-01_to_2015-07-01,2012-07-01,2015-07-01,"hml,smb,mom",mkt,14,5,103,13,11,hml
2012-07-01_to_2015-07-01,2012-07-01,2015-07-01,"hml,smb,mom",mkt,14,5,103,13,12,smb
2012-07-01_to_2015-07-01,2012-07-01,2015-07-01,"hml,smb,mom",mkt,14,5,103,13,13,smb
2012-07-01_to_2015-07-01,2012-07-01,2015-07-01,"hml,smb,mom",mkt,14,5,105,13,1,mom
2012-07-01_to_2015-07-01,2012-07-01,2015-07-01,"hml,smb,mom",mkt,14,5,105,13,2,mom
2012-07-01_to_2015-07-01,2012-07-01,2015-07-01,"hml,smb,mom",mkt,14,5,105,13,3,mom
2012-07-01_to_2015-07-01,2012-07-01,2015-07-01,"hml,smb,mom",mkt,14,5,105,13,4,mom
2012-07-01_to_2015-07-01,2012-07-01,2015-07-01,"hml,smb,mom",mkt,14,5,105,13,5,mom
2012-07-01_to_2015-07-01,2012-07-01,2015-07-01,"hml,smb,mom",mkt,14,5,105,13,6,smb
2012-07-01_to_2015-07-01,2012-07-01,2015-07-01,"hml,smb,mom",mkt,14,5,105,13,7,mom
2012-07-01_to_2015-07-01,2012-07-01,2015-07-01,"hml,smb,mom",mkt,14,5,105,13,8,mom
2012-07-01_to_2015-07-01,2012-07-01,2015-07-01,"hml,smb,mom",mkt,14,5,105,13,9,hml
2012-07-01_to_2015-07-01,2012-07-01,2015-07-01,"hml,smb,mom",mkt,14,5,105,13,10,hml
2012-07-01_to_2015-07-01,2012-07-01,2015-07-01,"hml,smb,mom",mkt,14,5,105,13,11,hml
2012-07-01_to_2015-07-01,2012-07-01,2015-07-01,"hml,smb,mom",mkt,14,5,105,13,12,smb
2012-07-01_to_2015-07-01,2012-07-01,2015-07-01,"hml,smb,mom",mkt,14,5,105,13,13,hml
2012-07-01_to_2015-07-01,2012-07-01,2015-07-01,"hml,smb,mom",mkt,14,5,106,13,1,mom
2012-07-01_to_2015-07-01,2012-07-01,2015-07-01,"hml,smb,mom",mkt,14,5,106,13,2,mom
2012-07-01_to_2015-07-01,2012-07-01,2015-07-01,"hml,smb,mom",mkt,14,5,106,13,3,mom
2012-07-01_to_2015-07-01,2012-07-01,2015-07-01,"hml,smb,mom",mkt,14,5,106,13,4,mom
2012-07-01_to_2015-07-01,2012-07-01,2015-07-01,"hml,smb,mom",mkt,14,5,106,13,5,mom
2012-07-01_to_2015-07-01,2012-07-01,2015-07-01,"hml,smb,mom",mkt,14,5,106,13,6,smb
2012-07-01_to_2015-07-01,2012-07-01,2015-07-01,"hml,smb,mom",mkt,14,5,106,13,7,mom
2012-07-01_to_2015-07-01,2012-07-01,2015-07-01,"hml,smb,mom",mkt,14,5,106,13,8,mom
2012-07-01_to_2015-07-01,2012-07-01,2015-07-01,"hml,smb,mom",mkt,14,5,106,13,9,hml
2012-07-01_to_2015-07-01,2012-07-01,2015-07-01,"hml,smb,mom",mkt,14,5,106,13,10,hml
2012-07-01_to_2015-07-01,2012-07-01,2015-07-01,"hml,smb,mom",mkt,14,5,106,13,11,hml
2012-07-01_to_2015-07-01,2012-07-01,2015-07-01,"hml,smb,mom",mkt,14,5,106,13,12,smb
2012-07-01_to_2015-07-01,2012-07-01,2015-07-01,"hml,smb,mom",mkt,14,5,106,13,13,hml
2012-07-01_to_2015-07-01,2012-07-01,2015-07-01,"hml,smb,mom",mkt,14,5,107,11,1,mom
2012-07-01_to_2015-07-01,2012-07-01,2015-07-01,"hml,smb,mom",mkt,14,5,107,11,2,mom
2012-07-01_to_2015-07-01,2012-07-01,2015-07-01,"hml,smb,mom",mkt,14,5,107,11,3,mom
2012-07-01_to_2015-07-01,2012-07-01,2015-07-01,"hml,smb,mom",mkt,14,5,107,11,4,mom
2012-07-01_to_2015-07-01,2012-07-01,2015-07-01,"hml,smb,mom",mkt,14,5,107,11,5,mom
2012-07-01_to_2015-07-01,2012-07-01,2015-07-01,"hml,smb,mom",mkt,14,5,107,11,6,smb
2012-07-01_to_2015-07-01,2012-07-01,2015-07-01,"hml,smb,mom",mkt,14,5,107,11,7,mom
2012-07-01_to_2015-07-01,2012-07-01,2015-07-01,"hml,smb,mom",mkt,14,5,107,11,8,mom
2012-07-01_to_2015-07-01,2012-07-01,2015-07-01,"hml,smb,mom",mkt,14,5,107,11,9,hml
2012-07-01_to_2015-07-01,2012-07-01,2015-07-01,"hml,smb,mom",mkt,14,5,107,11,10,hml
2012-07-01_to_2015-07-01,2012-07-01,2015-07-01,"hml,smb,mom",mkt,14,5,107,11,11,hml
2012-07-01_to_2015-07-01,2012-07-01,2015-07-01,"hml,smb,mom",mkt,14,5,108,10,1,mom
2012-07-01_to_2015-07-01,2012-07-01,2015-07-01,"hml,smb,mom",mkt,14,5,108,10,2,mom
2012-07-01_to_2015-07-01,2012-07-01,2015-07-01,"hml,smb,mom",mkt,14,5,108,10,3,mom
2012-07-01_to_2015-07-01,2012-07-01,2015-07-01,"hml,smb,mom",mkt,14,5,108,10,4,mom
2012-07-01_to_2015-07-01,2012-07-01,2015-07-01,"hml,smb,mom",mkt,14,5,108,10,5,mom
2012-07-01_to_2015-07-01,2012-07-01,2015-07-01,"hml,smb,mom",mkt,14,5,108,10,6,smb
2012-07-01_to_2015-07-01,2012-07-01,2015-07-01,"hml,smb,mom",mkt,14,5,108,10,7,mom
2012-07-01_to_2015-07-01,2012-07-01,2015-07-01,"hml,smb,mom",mkt,14,5,108,10,8,mom
2012-07-01_to_2015-07-01,2012-07-01,2015-07-01,"hml,smb,mom",mkt,14,5,108,10,9,hml
2012-07-01_to_2015-07-01,2012-07-01,2015-07-01,"hml,smb,mom",mkt,14,5,108,10,10,hml
2012-07-01_to_2015-07-01,2012-07-01,2015-07-01,"hml,smb,mom",mkt,14,5,109,8,1,mom
2012-07-01_to_2015-07-01,2012-07-01,2015-07-01,"hml,smb,mom",mkt,14,5,109,8,2,mom
2012-07-01_to_2015-07-01,2012-07-01,2015-07-01,"hml,smb,mom",mkt,14,5,109,8,3,mom
2012-07-01_to_2015-07-01,2012-07-01,2015-07-01,"hml,smb,mom",mkt,14,5,109,8,4,mom
2012-07-01_to_2015-07-01,2012-07-01,2015-07-01,"hml,smb,mom",mkt,14,5,109,8,5,mom
2012-07-01_to_2015-07-01,2012-07-01,2015-07-01,"hml,smb,mom",mkt,14,5,109,8,6,smb
2012-07-01_to_2015-07-01,2012-07-01,2015-07-01,"hml,smb,mom",mkt,14,5,109,8,7,mom
2012-07-01_to_2015-07-01,2012-07-01,2015-07-01,"hml,smb,mom",mkt,14,5,109,8,8,mom
2012-07-01_to_2015-07-01,2012-07-01,2015-07-01,"hml,smb,mom",mkt,14,5,112,5,1,mom
2012-07-01_to_2015-07-01,2012-07-01,2015-07-01,"hml,smb,mom",mkt,14,5,112,5,2,mom
2012-07-01_to_2015-07-01,2012-07-01,2015-07-01,"hml,smb,mom",mkt,14,5,112,5,3,mom
2012-07-01_to_2015-07-01,2012-07-01,2015-07-01,"hml,smb,mom",mkt,14,5,112,5,4,mom
2012-07-01_to_2015-07-01,2012-07-01,2015-07-01,"hml,smb,mom",mkt,14,5,112,5,5,hml
2012-07-01_to_2015-07-01,2012-07-01,2015-07-01,"hml,smb,mom",mkt,14,5,113,5,1,mom
2012-07-01_to_2015-07-01,2012-07-01,2015-07-01,"hml,smb,mom",mkt,14,5,113,5,2,mom
2012-07-01_to_2015-07-01,2012-07-01,2015-07-01,"hml,smb,mom",mkt,14,5,113,5,3,mom
2012-07-01_to_2015-07-01,2012-07-01,2015-07-01,"hml,smb,mom",mkt,14,5,113,5,4,mom
2012-07-01_to_2015-07-01,2012-07-01,2015-07-01,"hml,smb,mom",mkt,14,5,113,5,5,hml
2012-07-01_to_2015-07-01,2012-07-01,2015-07-01,"hml,smb,mom",mkt,14,5,122,12,1,mom
2012-07-01_to_2015-07-01,2012-07-01,2015-07-01,"hml,smb,mom",mkt,14,5,122,12,2,mom
2012-07-01_to_2015-07-01,2012-07-01,2015-07-01,"hml,smb,mom",mkt,14,5,122,12,3,mom
2012-07-01_to_2015-07-01,2012-07-01,2015-07-01,"hml,smb,mom",mkt,14,5,122,12,4,mom
2012-07-01_to_2015-07-01,2012-07-01,2015-07-01,"hml,smb,mom",mkt,14,5,122,12,5,mom
2012-07-01_to_2015-07-01,2012-07-01,2015-07-01,"hml,smb,mom",mkt,14,5,122,12,6,mom
2012-07-01_to_2015-07-01,2012-07-01,2015-07-01,"hml,smb,mom",mkt,14,5,122,12,7,hml
2012-07-01_to_2015-07-01,2012-07-01,2015-07-01,"hml,smb,mom",mkt,14,5,122,12,8,hml
2012-07-01_to_2015-07-01,2012-07-01,2015-07-01,"hml,smb,mom",mkt,14,5,122,12,9,hml
2012-07-01_to_2015-07-01,2012-07-01,2015-07-01,"hml,smb,mom",mkt,14,5,122,12,10,smb
2012-07-01_to_2015-07-01,2012-07-01,2015-07-01,"hml,smb,mom",mkt,14,5,122,12,11,hml
2012-07-01_to_2015-07-01,2012-07-01,2015-07-01,"hml,smb,mom",mkt,14,5,122,12,12,mom
2012-07-01_to_2015-07-01,2012-07-01,2015-07-01,"hml,smb,mom",mkt,14,5,123,12,1,mom
2012-07-01_to_2015-07-01,2012-07-01,2015-07-01,"hml,smb,mom",mkt,14,5,123,12,2,mom
2012-07-01_to_2015-07-01,2012-07-01,2015-07-01,"hml,smb,mom",mkt,14,5,123,12,3,mom
2012-07-01_to_2015-07-01,2012-07-01,2015-07-01,"hml,smb,mom",mkt,14,5,123,12,4,mom
2012-07-01_to_2015-07-01,2012-07-01,2015-07-01,"hml,smb,mom",mkt,14,5,123,12,5,mom
2012-07-01_to_2015-07-01,2012-07-01,2015-07-01,"hml,smb,mom",mkt,14,5,123,12,6,mom
2012-07-01_to_2015-07-01,2012-07-01,2015-07-01,"hml,smb,mom",mkt,14,5,123,12,7,hml
2012-07-01_to_2015-07-01,2012-07-01,2015-07-01,"hml,smb,mom",mkt,14,5,123,12,8,hml
2012-07-01_to_2015-07-01,2012-07-01,2015-07-01,"hml,smb,mom",mkt,14,5,123,12,9,hml
2012-07-01_to_2015-07-01,2012-07-01,2015-07-01,"hml,smb,mom",mkt,14,5,123,12,10,smb
2012-07-01_to_2015-07-01,2012-07-01,2015-07-01,"hml,smb,mom",mkt,14,5,123,12,11,hml
2012-07-01_to_2015-07-01,2012-07-01,2015-07-01,"hml,smb,mom",mkt,14,5,123,12,12,mom
2012-07-01_to_2015-07-01,2012-07-01,2015-07-01,"hml,smb,mom",mkt,14,5,125,12,1,mom
2012-07-01_to_2015-07-01,2012-07-01,2015-07-01,"hml,smb,mom",mkt,14,5,125,12,2,mom
2012-07-01_to_2015-07-01,2012-07-01,2015-07-01,"hml,smb,mom",mkt,14,5,125,12,3,mom
2012-07-01_to_2015-07-01,2012-07-01,2015-07-01,"hml,smb,mom",mkt,14,5,125,12,4,mom
2012-07-01_to_2015-07-01,2012-07-01,2015-07-01,"hml,smb,mom",mkt,14,5,125,12,5,mom
2012-07-01_to_2015-07-01,2012-07-01,2015-07-01,"hml,smb,mom",mkt,14,5,125,12,6,mom
2012-07-01_to_2015-07-01,2012-07-01,2015-07-01,"hml,smb,mom",mkt,14,5,125,12,7,hml
2012-07-01_to_2015-07-01,2012-07-01,2015-07-01,"hml,smb,mom",mkt,14,5,125,12,8,hml
2012-07-01_to_2015-07-01,2012-07-01,2015-07-01,"hml,smb,mom",mkt,14,5,125,12,9,hml
2012-07-01_to_2015-07-01,2012-07-01,2015-07-01,"hml,smb,mom",mkt,14,5,125,12,10,smb
2012-07-01_to_2015-07-01,2012-07-01,2015-07-01,"hml,smb,mom",mkt,14,5,125,12,11,hml
2012-07-01_to_2015-07-01,2012-07-01,2015-07-01,"hml,smb,mom",mkt,14,5,125,12,12,smb
2012-07-01_to_2015-07-01,2012-07-01,2015-07-01,"hml,smb,mom",mkt,14,5,126,12,1,mom
2012-07-01_to_2015-07-01,2012-07-01,2015-07-01,"hml,smb,mom",mkt,14,5,126,12,2,mom
2012-07-01_to_2015-07-01,2012-07-01,2015-07-01,"hml,smb,mom",mkt,14,5,126,12,3,mom
2012-07-01_to_2015-07-01,2012-07-01,2015-07-01,"hml,smb,mom",mkt,14,5,126,12,4,mom
2012-07-01_to_2015-07-01,2012-07-01,2015-07-01,"hml,smb,mom",mkt,14,5,126,12,5,mom
2012-07-01_to_2015-07-01,2012-07-01,2015-07-01,"hml,smb,mom",mkt,14,5,126,12,6,mom
2012-07-01_to_2015-07-01,2012-07-01,2015-07-01,"hml,smb,mom",mkt,14,5,126,12,7,hml
2012-07-01_to_2015-07-01,2012-07-01,2015-07-01,"hml,smb,mom",mkt,14,5,126,12,8,hml
2012-07-01_to_2015-07-01,2012-07-01,2015-07-01,"hml,smb,mom",mkt,14,5,126,12,9,hml
2012-07-01_to_2015-07-01,2012-07-01,2015-07-01,"hml,smb,mom",mkt,14,5,126,12,10,smb
2012-07-01_to_2015-07-01,2012-07-01,2015-07-01,"hml,smb,mom",mkt,14,5,126,12,11,hml
2012-07-01_to_2015-07-01,2012-07-01,2015-07-01,"hml,smb,mom",mkt,14,5,126,12,12,smb
2012-07-01_to_2015-07-01,2012-07-01,2015-07-01,"hml,smb,mom",mkt,14,5,128,11,1,mom
2012-07-01_to_2015-07-01,2012-07-01,2015-07-01,"hml,smb,mom",mkt,14,5,128,11,2,mom
2012-07-01_to_2015-07-01,2012-07-01,2015-07-01,"hml,smb,mom",mkt,14,5,128,11,3,mom
2012-07-01_to_2015-07-01,2012-07-01,2015-07-01,"hml,smb,mom",mkt,14,5,128,11,4,mom
2012-07-01_to_2015-07-01,2012-07-01,2015-07-01,"hml,smb,mom",mkt,14,5,128,11,5,mom
2012-07-01_to_2015-07-01,2012-07-01,2015-07-01,"hml,smb,mom",mkt,14,5,128,11,6,mom
2012-07-01_to_2015-07-01,2012-07-01,2015-07-01,"hml,smb,mom",mkt,14,5,128,11,7,hml
2012-07-01_to_2015-07-01,2012-07-01,2015-07-01,"hml,smb,mom",mkt,14,5,128,11,8,hml
2012-07-01_to_2015-07-01,2012-07-01,2015-07-01,"hml,smb,mom",mkt,14,5,128,11,9,hml
2012-07-01_to_2015-07-01,2012-07-01,2015-07-01,"hml,smb,mom",mkt,14,5,128,11,10,smb
2012-07-01_to_2015-07-01,2012-07-01,2015-07-01,"hml,smb,mom",mkt,14,5,128,11,11,hml
2012-07-01_to_2015-07-01,2012-07-01,2015-07-01,"hml,smb,mom",mkt,14,5,129,11,1,mom
2012-07-01_to_2015-07-01,2012-07-01,2015-07-01,"hml,smb,mom",mkt,14,5,129,11,2,mom
2012-07-01_to_2015-07-01,2012-07-01,2015-07-01,"hml,smb,mom",mkt,14,5,129,11,3,mom
2012-07-01_to_2015-07-01,2012-07-01,2015-07-01,"hml,smb,mom",mkt,14,5,129,11,4,mom
2012-07-01_to_2015-07-01,2012-07-01,2015-07-01,"hml,smb,mom",mkt,14,5,129,11,5,mom
2012-07-01_to_2015-07-01,2012-07-01,2015-07-01,"hml,smb,mom",mkt,14,5,129,11,6,mom
2012-07-01_to_2015-07-01,2012-07-01,2015-07-01,"hml,smb,mom",mkt,14,5,129,11,7,hml
2012-07-01_to_2015-07-01,2012-07-01,2015-07-01,"hml,smb,mom",mkt,14,5,129,11,8,hml
2012-07-01_to_2015-07-01,2012-07-01,2015-07-01,"hml,smb,mom",mkt,14,5,129,11,9,hml
2012-07-01_to_2015-07-01,2012-07-01,2015-07-01,"hml,smb,mom",mkt,14,5,129,11,10,smb
2012-07-01_to_2015-07-01,2012-07-01,2015-07-01,"hml,smb,mom",mkt,14,5,129,11,11,hml
2012-07-01_to_2015-07-01,2012-07-01,2015-07-01,"hml,smb,mom",mkt,14,5,131,10,1,mom
2012-07-01_to_2015-07-01,2012-07-01,2015-07-01,"hml,smb,mom",mkt,14,5,131,10,2,mom
2012-07-01_to_2015-07-01,2012-07-01,2015-07-01,"hml,smb,mom",mkt,14,5,131,10,3,mom
2012-07-01_to_2015-07-01,2012-07-01,2015-07-01,"hml,smb,mom",mkt,14,5,131,10,4,mom
2012-07-01_to_2015-07-01,2012-07-01,2015-07-01,"hml,smb,mom",mkt,14,5,131,10,5,mom
2012-07-01_to_2015-07-01,2012-07-01,2015-07-01,"hml,smb,mom",mkt,14,5,131,10,6,mom
2012-07-01_to_2015-07-01,2012-07-01,2015-07-01,"hml,smb,mom",mkt,14,5,131,10,7,hml
2012-07-01_to_2015-07-01,2012-07-01,2015-07-01,"hml,smb,mom",mkt,14,5,131,10,8,hml
2012-07-01_to_2015-07-01,2012-07-01,2015-07-01,"hml,smb,mom",mkt,14,5,131,10,9,hml
2012-07-01_to_2015-07-01,2012-07-01,2015-07-01,"hml,smb,mom",mkt,14,5,131,10,10,hml
2012-07-01_to_2015-07-01,2012-07-01,2015-07-01,"hml,smb,mom",mkt,14,5,134,12,1,mom
2012-07-01_to_2015-07-01,2012-07-01,2015-07-01,"hml,smb,mom",mkt,14,5,134,12,2,mom
2012-07-01_to_2015-07-01,2012-07-01,2015-07-01,"hml,smb,mom",mkt,14,5,134,12,3,mom
2012-07-01_to_2015-07-01,2012-07-01,2015-07-01,"hml,smb,mom",mkt,14,5,134,12,4,mom
2012-07-01_to_2015-07-01,2012-07-01,2015-07-01,"hml,smb,mom",mkt,14,5,134,12,5,mom
2012-07-01_to_2015-07-01,2012-07-01,2015-07-01,"hml,smb,mom",mkt,14,5,134,12,6,mom
2012-07-01_to_2015-07-01,2012-07-01,2015-07-01,"hml,smb,mom",mkt,14,5,134,12,7,hml
2012-07-01_to_2015-07-01,2012-07-01,2015-07-01,"hml,smb,mom",mkt,14,5,134,12,8,hml
2012-07-01_to_2015-07-01,2012-07-01,2015-07-01,"hml,smb,mom",mkt,14,5,134,12,9,hml
2012-07-01_to_2015-07-01,2012-07-01,2015-07-01,"hml,smb,mom",mkt,14,5,134,12,10,hml
2012-07-01_to_2015-07-01,2012-07-01,2015-07-01,"hml,smb,mom",mkt,14,5,134,12,11,hml
2012-07-01_to_2015-07-01,2012-07-01,2015-07-01,"hml,smb,mom",mkt,14,5,134,12,12,smb
2012-07-01_to_2015-07-01,2012-07-01,2015-07-01,"hml,smb,mom",mkt,14,5,135,12,1,mom
2012-07-01_to_2015-07-01,2012-07-01,2015-07-01,"hml,smb,mom",mkt,14,5,135,12,2,mom
2012-07-01_to_2015-07-01,2012-07-01,2015-07-01,"hml,smb,mom",mkt,14,5,135,12,3,mom
2012-07-01_to_2015-07-01,2012-07-01,2015-07-01,"hml,smb,mom",mkt,14,5,135,12,4,mom
2012-07-01_to_2015-07-01,2012-07-01,2015-07-01,"hml,smb,mom",mkt,14,5,135,12,5,mom
2012-07-01_to_2015-07-01,2012-07-01,2015-07-01,"hml,smb,mom",mkt,14,5,135,12,6,mom
2012-07-01_to_2015-07-01,2012-07-01,2015-07-01,"hml,smb,mom",mkt,14,5,135,12,7,hml
2012-07-01_to_2015-07-01,2012-07-01,2015-07-01,"hml,smb,mom",mkt,14,5,135,12,8,hml
2012-07-01_to_2015-07-01,2012-07-01,2015-07-01,"hml,smb,mom",mkt,14,5,135,12,9,hml
2012-07-01_to_2015-07-01,2012-07-01,2015-07-01,"hml,smb,mom",mkt,14,5,135,12,10,hml
2012-07-01_to_2015-07-01,2012-07-01,2015-07-01,"hml,smb,mom",mkt,14,5,135,12,11,hml
2012-07-01_to_2015-07-01,2012-07-01,2015-07-01,"hml,smb,mom",mkt,14,5,135,12,12,smb
2012-07-01_to_2015-07-01,2012-07-01,2015-07-01,"hml,smb,mom",mkt,14,5,136,11,1,mom
2012-07-01_to_2015-07-01,2012-07-01,2015-07-01,"hml,smb,mom",mkt,14,5,136,11,2,mom
2012-07-01_to_2015-07-01,2012-07-01,2015-07-01,"hml,smb,mom",mkt,14,5,136,11,3,mom
2012-07-01_to_2015-07-01,2012-07-01,2015-07-01,"hml,smb,mom",mkt,14,5,136,11,4,mom
2012-07-01_to_2015-07-01,2012-07-01,2015-07-01,"hml,smb,mom",mkt,14,5,136,11,5,mom
2012-07-01_to_2015-07-01,2012-07-01,2015-07-01,"hml,smb,mom",mkt,14,5,136,11,6,mom
2012-07-01_to_2015-07-01,2012-07-01,2015-07-01,"hml,smb,mom",mkt,14,5,136,11,7,hml
2012-07-01_to_2015-07-01,2012-07-01,2015-07-01,"hml,smb,mom",mkt,14,5,136,11,8,hml
2012-07-01_to_2015-07-01,2012-07-01,2015-07-01,"hml,smb,mom",mkt,14,5,136,11,9,hml
2012-07-01_to_2015-07-01,2012-07-01,2015-07-01,"hml,smb,mom",mkt,14,5,136,11,10,hml
2012-07-01_to_2015-07-01,2012-07-01,2015-07-01,"hml,smb,mom",mkt,14,5,136,11,11,hml
2012-07-01_to_2015-07-01,2012-07-01,2015-07-01,"hml,smb,mom",mkt,14,5,139,10,1,mom
2012-07-01_to_2015-07-01,2012-07-01,2015-07-01,"hml,smb,mom",mkt,14,5,139,10,2,mom
2012-07-01_to_2015-07-01,2012-07-01,2015-07-01,"hml,smb,mom",mkt,14,5,139,10,3,mom
2012-07-01_to_2015-07-01,2012-07-01,2015-07-01,"hml,smb,mom",mkt,14,5,139,10,4,mom
2012-07-01_to_2015-07-01,2012-07-01,2015-07-01,"hml,smb,mom",mkt,14,5,139,10,5,mom
2012-07-01_to_2015-07-01,2012-07-01,2015-07-01,"hml,smb,mom",mkt,14,5,139,10,6,mom
2012-07-01_to_2015-07-01,2012-07-01,2015-07-01,"hml,smb,mom",mkt,14,5,139,10,7,hml
2012-07-01_to_2015-07-01,2012-07-01,2015-07-01,"hml,smb,mom",mkt,14,5,139,10,8,hml
2012-07-01_to_2015-07-01,2012-07-01,2015-07-01,"hml,smb,mom",mkt,14,5,139,10,9,hml
2012-07-01_to_2015-07-01,2012-07-01,2015-07-01,"hml,smb,mom",mkt,14,5,139,10,10,smb
2012-07-01_to_2015-07-01,2012-07-01,2015-07-01,"hml,smb,mom",mkt,14,5,141,11,1,mom
2012-07-01_to_2015-07-01,2012-07-01,2015-07-01,"hml,smb,mom",mkt,14,5,141,11,2,mom
2012-07-01_to_2015-07-01,2012-07-01,2015-07-01,"hml,smb,mom",mkt,14,5,141,11,3,mom
2012-07-01_to_2015-07-01,2012-07-01,2015-07-01,"hml,smb,mom",mkt,14,5,141,11,4,mom
2012-07-01_to_2015-07-01,2012-07-01,2015-07-01,"hml,smb,mom",mkt,14,5,141,11,5,mom
2012-07-01_to_2015-07-01,2012-07-01,2015-07-01,"hml,smb,mom",mkt,14,5,141,11,6,mom
2012-07-01_to_2015-07-01,2012-07-01,2015-07-01,"hml,smb,mom",mkt,14,5,141,11,7,hml
2012-07-01_to_2015-07-01,2012-07-01,2015-07-01,"hml,smb,mom",mkt,14,5,141,11,8,hml
2012-07-01_to_2015-07-01,2012-07-01,2015-07-01,"hml,smb,mom",mkt,14,5,141,11,9,hml
2012-07-01_to_2015-07-01,2012-07-01,2015-07-01,"hml,smb,mom",mkt,14,5,141,11,10,smb
2012-07-01_to_2015-07-01,2012-07-01,2015-07-01,"hml,smb,mom",mkt,14,5,141,11,11,hml
2012-07-01_to_2015-07-01,2012-07-01,2015-07-01,"hml,smb,mom",mkt,14,5,142,11,1,mom
2012-07-01_to_2015-07-01,2012-07-01,2015-07-01,"hml,smb,mom",mkt,14,5,142,11,2,mom
2012-07-01_to_2015-07-01,2012-07-01,2015-07-01,"hml,smb,mom",mkt,14,5,142,11,3,mom
2012-07-01_to_2015-07-01,2012-07-01,2015-07-01,"hml,smb,mom",mkt,14,5,142,11,4,mom
2012-07-01_to_2015-07-01,2012-07-01,2015-07-01,"hml,smb,mom",mkt,14,5,142,11,5,mom
2012-07-01_to_2015-07-01,2012-07-01,2015-07-01,"hml,smb,mom",mkt,14,5,142,11,6,mom
2012-07-01_to_2015-07-01,2012-07-01,2015-07-01,"hml,smb,mom",mkt,14,5,142,11,7,hml
2012-07-01_to_2015-07-01,2012-07-01,2015-07-01,"hml,smb,mom",mkt,14,5,142,11,8,hml
2012-07-01_to_2015-07-01,2012-07-01,2015-07-01,"hml,smb,mom",mkt,14,5,142,11,9,hml
2012-07-01_to_2015-07-01,2012-07-01,2015-07-01,"hml,smb,mom",mkt,14,5,142,11,10,smb
2012-07-01_to_2015-07-01,2012-07-01,2015-07-01,"hml,smb,mom",mkt,14,5,142,11,11,hml
2012-07-01_to_2015-07-01,2012-07-01,2015-07-01,"hml,smb,mom",mkt,14,5,143,9,1,mom
2012-07-01_to_2015-07-01,2012-07-01,2015-07-01,"hml,smb,mom",mkt,14,5,143,9,2,mom
2012-07-01_to_2015-07-01,2012-07-01,2015-07-01,"hml,smb,mom",mkt,14,5,143,9,3,mom
2012-07-01_to_2015-07-01,2012-07-01,2015-07-01,"hml,smb,mom",mkt,14,5,143,9,4,mom
2012-07-01_to_2015-07-01,2012-07-01,2015-07-01,"hml,smb,mom",mkt,14,5,143,9,5,mom
2012-07-01_to_2015-07-01,2012-07-01,2015-07-01,"hml,smb,mom",mkt,14,5,143,9,6,mom
2012-07-01_to_2015-07-01,2012-07-01,2015-07-01,"hml,smb,mom",mkt,14,5,143,9,7,hml
2012-07-01_to_2015-07-01,2012-07-01,2015-07-01,"hml,smb,mom",mkt,14,5,143,9,8,hml
2012-07-01_to_2015-07-01,2012-07-01,2015-07-01,"hml,smb,mom",mkt,14,5,143,9,9,hml
2012-07-01_to_2015-07-01,2012-07-01,2015-07-01,"hml,smb,mom",mkt,14,5,144,7,1,mom
2012-07-01_to_2015-07-01,2012-07-01,2015-07-01,"hml,smb,mom",mkt,14,5,144,7,2,mom
2012-07-01_to_2015-07-01,2012-07-01,2015-07-01,"hml,smb,mom",mkt,14,5,144,7,3,mom
2012-07-01_to_2015-07-01,2012-07-01,2015-07-01,"hml,smb,mom",mkt,14,5,144,7,4,mom
2012-07-01_to_2015-07-01,2012-07-01,2015-07-01,"hml,smb,mom",mkt,14,5,144,7,5,mom
2012-07-01_to_2015-07-01,2012-07-01,2015-07-01,"hml,smb,mom",mkt,14,5,144,7,6,mom
2012-07-01_to_2015-07-01,2012-07-01,2015-07-01,"hml,smb,mom",mkt,14,5,144,7,7,hml
2012-07-01_to_2015-07-01,2012-07-01,2015-07-01,"hml,smb,mom",mkt,14,5,150,11,1,mom
2012-07-01_to_2015-07-01,2012-07-01,2015-07-01,"hml,smb,mom",mkt,14,5,150,11,2,mom
2012-07-01_to_2015-07-01,2012-07-01,2015-07-01,"hml,smb,mom",mkt,14,5,150,11,3,mom
2012-07-01_to_2015-07-01,2012-07-01,2015-07-01,"hml,smb,mom",mkt,14,5,150,11,4,mom
2012-07-01_to_2015-07-01,2012-07-01,2015-07-01,"hml,smb,mom",mkt,14,5,150,11,5,mom
2012-07-01_to_2015-07-01,2012-07-01,2015-07-01,"hml,smb,mom",mkt,14,5,150,11,6,mom
2012-07-01_to_2015-07-01,2012-07-01,2015-07-01,"hml,smb,mom",mkt,14,5,150,11,7,hml
2012-07-01_to_2015-07-01,2012-07-01,2015-07-01,"hml,smb,mom",mkt,14,5,150,11,8,smb
2012-07-01_to_2015-07-01,2012-07-01,2015-07-01,"hml,smb,mom",mkt,14,5,150,11,9,hml
2012-07-01_to_2015-07-01,2012-07-01,2015-07-01,"hml,smb,mom",mkt,14,5,150,11,10,mom
2012-07-01_to_2015-07-01,2012-07-01,2015-07-01,"hml,smb,mom",mkt,14,5,150,11,11,smb
2012-07-01_to_2015-07-01,2012-07-01,2015-07-01,"hml,smb,mom",mkt,14,5,153,13,1,mom
2012-07-01_to_2015-07-01,2012-07-01,2015-07-01,"hml,smb,mom",mkt,14,5,153,13,2,mom
2012-07-01_to_2015-07-01,2012-07-01,2015-07-01,"hml,smb,mom",mkt,14,5,153,13,3,mom
2012-07-01_to_2015-07-01,2012-07-01,2015-07-01,"hml,smb,mom",mkt,14,5,153,13,4,mom
2012-07-01_to_2015-07-01,2012-07-01,2015-07-01,"hml,smb,mom",mkt,14,5,153,13,5,mom
2012-07-01_to_2015-07-01,2012-07-01,2015-07-01,"hml,smb,mom",mkt,14,5,153,13,6,mom
2012-07-01_to_2015-07-01,2012-07-01,2015-07-01,"hml,smb,mom",mkt,14,5,153,13,7,hml
2012-07-01_to_2015-07-01,2012-07-01,2015-07-01,"hml,smb,mom",mkt,14,5,153,13,8,smb
2012-07-01_to_2015-07-01,2012-07-01,2015-07-01,"hml,smb,mom",mkt,14,5,153,13,9,hml
2012-07-01_to_2015-07-01,2012-07-01,2015-07-01,"hml,smb,mom",mkt,14,5,153,13,10,mom
2012-07-01_to_2015-07-01,2012-07-01,2015-07-01,"hml,smb,mom",mkt,14,5,153,13,11,smb
2012-07-01_to_2015-07-01,2012-07-01,2015-07-01,"hml,smb,mom",mkt,14,5,153,13,12,smb
2012-07-01_to_2015-07-01,2012-07-01,2015-07-01,"hml,smb,mom",mkt,14,5,153,13,13,smb
2012-07-01_to_2015-07-01,2012-07-01,2015-07-01,"hml,smb,mom",mkt,14,5,154,13,1,mom
2012-07-01_to_2015-07-01,2012-07-01,2015-07-01,"hml,smb,mom",mkt,14,5,154,13,2,mom
2012-07-01_to_2015-07-01,2012-07-01,2015-07-01,"hml,smb,mom",mkt,14,5,154,13,3,mom
2012-07-01_to_2015-07-01,2012-07-01,2015-07-01,"hml,smb,mom",mkt,14,5,154,13,4,mom
2012-07-01_to_2015-07-01,2012-07-01,2015-07-01,"hml,smb,mom",mkt,14,5,154,13,5,mom
2012-07-01_to_2015-07-01,2012-07-01,2015-07-01,"hml,smb,mom",mkt,14,5,154,13,6,mom
2012-07-01_to_2015-07-01,2012-07-01,2015-07-01,"hml,smb,mom",mkt,14,5,154,13,7,hml
2012-07-01_to_2015-07-01,2012-07-01,2015-07-01,"hml,smb,mom",mkt,14,5,154,13,8,smb
2012-07-01_to_2015-07-01,2012-07-01,2015-07-01,"hml,smb,mom",mkt,14,5,154,13,9,hml
2012-07-01_to_2015-07-01,2012-07-01,2015-07-01,"hml,smb,mom",mkt,14,5,154,13,10,mom
2012-07-01_to_2015-07-01,2012-07-01,2015-07-01,"hml,smb,mom",mkt,14,5,154,13,11,smb
2012-07-01_to_2015-07-01,2012-07-01,2015-07-01,"hml,smb,mom",mkt,14,5,154,13,12,smb
2012-07-01_to_2015-07-01,2012-07-01,2015-07-01,"hml,smb,mom",mkt,14,5,154,13,13,smb
2012-07-01_to_2015-07-01,2012-07-01,2015-07-01,"hml,smb,mom",mkt,14,5,156,13,1,mom
2012-07-01_to_2015-07-01,2012-07-01,2015-07-01,"hml,smb,mom",mkt,14,5,156,13,2,mom
2012-07-01_to_2015-07-01,2012-07-01,2015-07-01,"hml,smb,mom",mkt,14,5,156,13,3,mom
2012-07-01_to_2015-07-01,2012-07-01,2015-07-01,"hml,smb,mom",mkt,14,5,156,13,4,mom
2012-07-01_to_2015-07-01,2012-07-01,2015-07-01,"hml,smb,mom",mkt,14,5,156,13,5,mom
2012-07-01_to_2015-07-01,2012-07-01,2015-07-01,"hml,smb,mom",mkt,14,5,156,13,6,mom
2012-07-01_to_2015-07-01,2012-07-01,2015-07-01,"hml,smb,mom",mkt,14,5,156,13,7,hml
2012-07-01_to_2015-07-01,2012-07-01,2015-07-01,"hml,smb,mom",mkt,14,5,156,13,8,smb
2012-07-01_to_2015-07-01,2012-07-01,2015-07-01,"hml,smb,mom",mkt,14,5,156,13,9,hml
2012-07-01_to_2015-07-01,2012-07-01,2015-07-01,"hml,smb,mom",mkt,14,5,156,13,10,mom
2012-07-01_to_2015-07-01,2012-07-01,2015-07-01,"hml,smb,mom",mkt,14,5,156,13,11,smb
2012-07-01_to_2015-07-01,2012-07-01,2015-07-01,"hml,smb,mom",mkt,14,5,156,13,12,smb
2012-07-01_to_2015-07-01,2012-07-01,2015-07-01,"hml,smb,mom",mkt,14,5,156,13,13,hml
2012-07-01_to_2015-07-01,2012-07-01,2015-07-01,"hml,smb,mom",mkt,14,5,158,14,1,mom
2012-07-01_to_2015-07-01,2012-07-01,2015-07-01,"hml,smb,mom",mkt,14,5,158,14,2,mom
2012-07-01_to_2015-07-01,2012-07-01,2015-07-01,"hml,smb,mom",mkt,14,5,158,14,3,mom
2012-07-01_to_2015-07-01,2012-07-01,2015-07-01,"hml,smb,mom",mkt,14,5,158,14,4,mom
2012-07-01_to_2015-07-01,2012-07-01,2015-07-01,"hml,smb,mom",mkt,14,5,158,14,5,mom
2012-07-01_to_2015-07-01,2012-07-01,2015-07-01,"hml,smb,mom",mkt,14,5,158,14,6,mom
2012-07-01_to_2015-07-01,2012-07-01,2015-07-01,"hml,smb,mom",mkt,14,5,158,14,7,hml
2012-07-01_to_2015-07-01,2012-07-01,2015-07-01,"hml,smb,mom",mkt,14,5,158,14,8,smb
2012-07-01_to_2015-07-01,2012-07-01,2015-07-01,"hml,smb,mom",mkt,14,5,158,14,9,hml
2012-07-01_to_2015-07-01,2012-07-01,2015-07-01,"hml,smb,mom",mkt,14,5,158,14,10,mom
2012-07-01_to_2015-07-01,2012-07-01,2015-07-01,"hml,smb,mom",mkt,14,5,158,14,11,smb
2012-07-01_to_2015-07-01,2012-07-01,2015-07-01,"hml,smb,mom",mkt,14,5,158,14,12,smb
2012-07-01_to_2015-07-01,2012-07-01,2015-07-01,"hml,smb,mom",mkt,14,5,158,14,13,hml
2012-07-01_to_2015-07-01,2012-07-01,2015-07-01,"hml,smb,mom",mkt,14,5,158,14,14,hml
2012-07-01_to_2015-07-01,2012-07-01,2015-07-01,"hml,smb,mom",mkt,14,5,159,14,1,mom
2012-07-01_to_2015-07-01,2012-07-01,2015-07-01,"hml,smb,mom",mkt,14,5,159,14,2,mom
2012-07-01_to_2015-07-01,2012-07-01,2015-07-01,"hml,smb,mom",mkt,14,5,159,14,3,mom
2012-07-01_to_2015-07-01,2012-07-01,2015-07-01,"hml,smb,mom",mkt,14,5,159,14,4,mom
2012-07-01_to_2015-07-01,2012-07-01,2015-07-01,"hml,smb,mom",mkt,14,5,159,14,5,mom
2012-07-01_to_2015-07-01,2012-07-01,2015-07-01,"hml,smb,mom",mkt,14,5,159,14,6,mom
2012-07-01_to_2015-07-01,2012-07-01,2015-07-01,"hml,smb,mom",mkt,14,5,159,14,7,hml
2012-07-01_to_2015-07-01,2012-07-01,2015-07-01,"hml,smb,mom",mkt,14,5,159,14,8,smb
2012-07-01_to_2015-07-01,2012-07-01,2015-07-01,"hml,smb,mom",mkt,14,5,159,14,9,hml
2012-07-01_to_2015-07-01,2012-07-01,2015-07-01,"hml,smb,mom",mkt,14,5,159,14,10,mom
2012-07-01_to_2015-07-01,2012-07-01,2015-07-01,"hml,smb,mom",mkt,14,5,159,14,11,smb
2012-07-01_to_2015-07-01,2012-07-01,2015-07-01,"hml,smb,mom",mkt,14,5,159,14,12,smb
2012-07-01_to_2015-07-01,2012-07-01,2015-07-01,"hml,smb,mom",mkt,14,5,159,14,13,hml
2012-07-01_to_2015-07-01,2012-07-01,2015-07-01,"hml,smb,mom",mkt,14,5,159,14,14,hml
2012-07-01_to_2015-07-01,2012-07-01,2015-07-01,"hml,smb,mom",mkt,14,5,161,11,1,mom
2012-07-01_to_2015-07-01,2012-07-01,2015-07-01,"hml,smb,mom",mkt,14,5,161,11,2,mom
2012-07-01_to_2015-07-01,2012-07-01,2015-07-01,"hml,smb,mom",mkt,14,5,161,11,3,mom
2012-07-01_to_2015-07-01,2012-07-01,2015-07-01,"hml,smb,mom",mkt,14,5,161,11,4,mom
2012-07-01_to_2015-07-01,2012-07-01,2015-07-01,"hml,smb,mom",mkt,14,5,161,11,5,mom
2012-07-01_to_2015-07-01,2012-07-01,2015-07-01,"hml,smb,mom",mkt,14,5,161,11,6,mom
2012-07-01_to_2015-07-01,2012-07-01,2015-07-01,"hml,smb,mom",mkt,14,5,161,11,7,hml
2012-07-01_to_2015-07-01,2012-07-01,2015-07-01,"hml,smb,mom",mkt,14,5,161,11,8,smb
2012-07-01_to_2015-07-01,2012-07-01,2015-07-01,"hml,smb,mom",mkt,14,5,161,11,9,hml
2012-07-01_to_2015-07-01,2012-07-01,2015-07-01,"hml,smb,mom",mkt,14,5,161,11,10,mom
2012-07-01_to_2015-07-01,2012-07-01,2015-07-01,"hml,smb,mom",mkt,14,5,161,11,11,smb
2012-07-01_to_2015-07-01,2012-07-01,2015-07-01,"hml,smb,mom",mkt,14,5,162,11,1,mom
2012-07-01_to_2015-07-01,2012-07-01,2015-07-01,"hml,smb,mom",mkt,14,5,162,11,2,mom
2012-07-01_to_2015-07-01,2012-07-01,2015-07-01,"hml,smb,mom",mkt,14,5,162,11,3,mom
2012-07-01_to_2015-07-01,2012-07-01,2015-07-01,"hml,smb,mom",mkt,14,5,162,11,4,mom
2012-07-01_to_2015-07-01,2012-07-01,2015-07-01,"hml,smb,mom",mkt,14,5,162,11,5,mom
2012-07-01_to_2015-07-01,2012-07-01,2015-07-01,"hml,smb,mom",mkt,14,5,162,11,6,mom
2012-07-01_to_2015-07-01,2012-07-01,2015-07-01,"hml,smb,mom",mkt,14,5,162,11,7,hml
2012-07-01_to_2015-07-01,2012-07-01,2015-07-01,"hml,smb,mom",mkt,14,5,162,11,8,smb
2012-07-01_to_2015-07-01,2012-07-01,2015-07-01,"hml,smb,mom",mkt,14,5,162,11,9,hml
2012-07-01_to_2015-07-01,2012-07-01,2015-07-01,"hml,smb,mom",mkt,14,5,162,11,10,mom
2012-07-01_to_2015-07-01,2012-07-01,2015-07-01,"hml,smb,mom",mkt,14,5,162,11,11,smb
2012-07-01_to_2015-07-01,2012-07-01,2015-07-01,"hml,smb,mom",mkt,14,5,165,11,1,mom
2012-07-01_to_2015-07-01,2012-07-01,2015-07-01,"hml,smb,mom",mkt,14,5,165,11,2,mom
2012-07-01_to_2015-07-01,2012-07-01,2015-07-01,"hml,smb,mom",mkt,14,5,165,11,3,mom
2012-07-01_to_2015-07-01,2012-07-01,2015-07-01,"hml,smb,mom",mkt,14,5,165,11,4,mom
2012-07-01_to_2015-07-01,2012-07-01,2015-07-01,"hml,smb,mom",mkt,14,5,165,11,5,mom
2012-07-01_to_2015-07-01,2012-07-01,2015-07-01,"hml,smb,mom",mkt,14,5,165,11,6,mom
2012-07-01_to_2015-07-01,2012-07-01,2015-07-01,"hml,smb,mom",mkt,14,5,165,11,7,hml
2012-07-01_to_2015-07-01,2012-07-01,2015-07-01,"hml,smb,mom",mkt,14,5,165,11,8,smb
2012-07-01_to_2015-07-01,2012-07-01,2015-07-01,"hml,smb,mom",mkt,14,5,165,11,9,hml
2012-07-01_to_2015-07-01,2012-07-01,2015-07-01,"hml,smb,mom",mkt,14,5,165,11,10,smb
2012-07-01_to_2015-07-01,2012-07-01,2015-07-01,"hml,smb,mom",mkt,14,5,165,11,11,mom
2012-07-01_to_2015-07-01,2012-07-01,2015-07-01,"hml,smb,mom",mkt,14,5,166,11,1,mom
2012-07-01_to_2015-07-01,2012-07-01,2015-07-01,"hml,smb,mom",mkt,14,5,166,11,2,mom
2012-07-01_to_2015-07-01,2012-07-01,2015-07-01,"hml,smb,mom",mkt,14,5,166,11,3,mom
2012-07-01_to_2015-07-01,2012-07-01,2015-07-01,"hml,smb,mom",mkt,14,5,166,11,4,mom
2012-07-01_to_2015-07-01,2012-07-01,2015-07-01,"hml,smb,mom",mkt,14,5,166,11,5,mom
2012-07-01_to_2015-07-01,2012-07-01,2015-07-01,"hml,smb,mom",mkt,14,5,166,11,6,mom
2012-07-01_to_2015-07-01,2012-07-01,2015-07-01,"hml,smb,mom",mkt,14,5,166,11,7,hml
2012-07-01_to_2015-07-01,2012-07-01,2015-07-01,"hml,smb,mom",mkt,14,5,166,11,8,smb
2012-07-01_to_2015-07-01,2012-07-01,2015-07-01,"hml,smb,mom",mkt,14,5,166,11,9,hml
2012-07-01_to_2015-07-01,2012-07-01,2015-07-01,"hml,smb,mom",mkt,14,5,166,11,10,smb
2012-07-01_to_2015-07-01,2012-07-01,2015-07-01,"hml,smb,mom",mkt,14,5,166,11,11,mom
2012-07-01_to_2015-07-01,2012-07-01,2015-07-01,"hml,smb,mom",mkt,14,5,168,11,1,mom
2012-07-01_to_2015-07-01,2012-07-01,2015-07-01,"hml,smb,mom",mkt,14,5,168,11,2,mom
2012-07-01_to_2015-07-01,2012-07-01,2015-07-01,"hml,smb,mom",mkt,14,5,168,11,3,mom
2012-07-01_to_2015-07-01,2012-07-01,2015-07-01,"hml,smb,mom",mkt,14,5,168,11,4,mom
2012-07-01_to_2015-07-01,2012-07-01,2015-07-01,"hml,smb,mom",mkt,14,5,168,11,5,mom
2012-07-01_to_2015-07-01,2012-07-01,2015-07-01,"hml,smb,mom",mkt,14,5,168,11,6,mom
2012-07-01_to_2015-07-01,2012-07-01,2015-07-01,"hml,smb,mom",mkt,14,5,168,11,7,hml
2012-07-01_to_2015-07-01,2012-07-01,2015-07-01,"hml,smb,mom",mkt,14,5,168,11,8,smb
2012-07-01_to_2015-07-01,2012-07-01,2015-07-01,"hml,smb,mom",mkt,14,5,168,11,9,hml
2012-07-01_to_2015-07-01,2012-07-01,2015-07-01,"hml,smb,mom",mkt,14,5,168,11,10,smb
2012-07-01_to_2015-07-01,2012-07-01,2015-07-01,"hml,smb,mom",mkt,14,5,168,11,11,hml
2012-07-01_to_2015-07-01,2012-07-01,2015-07-01,"hml,smb,mom",mkt,14,5,169,11,1,mom
2012-07-01_to_2015-07-01,2012-07-01,2015-07-01,"hml,smb,mom",mkt,14,5,169,11,2,mom
2012-07-01_to_2015-07-01,2012-07-01,2015-07-01,"hml,smb,mom",mkt,14,5,169,11,3,mom
2012-07-01_to_2015-07-01,2012-07-01,2015-07-01,"hml,smb,mom",mkt,14,5,169,11,4,mom
2012-07-01_to_2015-07-01,2012-07-01,2015-07-01,"hml,smb,mom",mkt,14,5,169,11,5,mom
2012-07-01_to_2015-07-01,2012-07-01,2015-07-01,"hml,smb,mom",mkt,14,5,169,11,6,mom
2012-07-01_to_2015-07-01,2012-07-01,2015-07-01,"hml,smb,mom",mkt,14,5,169,11,7,hml
2012-07-01_to_2015-07-01,2012-07-01,2015-07-01,"hml,smb,mom",mkt,14,5,169,11,8,smb
2012-07-01_to_2015-07-01,2012-07-01,2015-07-01,"hml,smb,mom",mkt,14,5,169,11,9,hml
2012-07-01_to_2015-07-01,2012-07-01,2015-07-01,"hml,smb,mom",mkt,14,5,169,11,10,smb
2012-07-01_to_2015-07-01,2012-07-01,2015-07-01,"hml,smb,mom",mkt,14,5,169,11,11,hml
2012-07-01_to_2015-07-01,2012-07-01,2015-07-01,"hml,smb,mom",mkt,14,5,171,9,1,mom
2012-07-01_to_2015-07-01,2012-07-01,2015-07-01,"hml,smb,mom",mkt,14,5,171,9,2,mom
2012-07-01_to_2015-07-01,2012-07-01,2015-07-01,"hml,smb,mom",mkt,14,5,171,9,3,mom
2012-07-01_to_2015-07-01,2012-07-01,2015-07-01,"hml,smb,mom",mkt,14,5,171,9,4,mom
2012-07-01_to_2015-07-01,2012-07-01,2015-07-01,"hml,smb,mom",mkt,14,5,171,9,5,mom
2012-07-01_to_2015-07-01,2012-07-01,2015-07-01,"hml,smb,mom",mkt,14,5,171,9,6,mom
2012-07-01_to_2015-07-01,2012-07-01,2015-07-01,"hml,smb,mom",mkt,14,5,171,9,7,hml
2012-07-01_to_2015-07-01,2012-07-01,2015-07-01,"hml,smb,mom",mkt,14,5,171,9,8,smb
2012-07-01_to_2015-07-01,2012-07-01,2015-07-01,"hml,smb,mom",mkt,14,5,171,9,9,hml
2012-07-01_to_2015-07-01,2012-07-01,2015-07-01,"hml,smb,mom",mkt,14,5,173,10,1,mom
2012-07-01_to_2015-07-01,2012-07-01,2015-07-01,"hml,smb,mom",mkt,14,5,173,10,2,mom
2012-07-01_to_2015-07-01,2012-07-01,2015-07-01,"hml,smb,mom",mkt,14,5,173,10,3,mom
2012-07-01_to_2015-07-01,2012-07-01,2015-07-01,"hml,smb,mom",mkt,14,5,173,10,4,mom
2012-07-01_to_2015-07-01,2012-07-01,2015-07-01,"hml,smb,mom",mkt,14,5,173,10,5,mom
2012-07-01_to_2015-07-01,2012-07-01,2015-07-01,"hml,smb,mom",mkt,14,5,173,10,6,mom
2012-07-01_to_2015-07-01,2012-07-01,2015-07-01,"hml,smb,mom",mkt,14,5,173,10,7,hml
2012-07-01_to_2015-07-01,2012-07-01,2015-07-01,"hml,smb,mom",mkt,14,5,173,10,8,smb
2012-07-01_to_2015-07-01,2012-07-01,2015-07-01,"hml,smb,mom",mkt,14,5,173,10,9,hml
2012-07-01_to_2015-07-01,2012-07-01,2015-07-01,"hml,smb,mom",mkt,14,5,173,10,10,mom
2012-07-01_to_2015-07-01,2012-07-01,2015-07-01,"hml,smb,mom",mkt,14,5,174,10,1,mom
2012-07-01_to_2015-07-01,2012-07-01,2015-07-01,"hml,smb,mom",mkt,14,5,174,10,2,mom
2012-07-01_to_2015-07-01,2012-07-01,2015-07-01,"hml,smb,mom",mkt,14,5,174,10,3,mom
2012-07-01_to_2015-07-01,2012-07-01,2015-07-01,"hml,smb,mom",mkt,14,5,174,10,4,mom
2012-07-01_to_2015-07-01,2012-07-01,2015-07-01,"hml,smb,mom",mkt,14,5,174,10,5,mom
2012-07-01_to_2015-07-01,2012-07-01,2015-07-01,"hml,smb,mom",mkt,14,5,174,10,6,mom
2012-07-01_to_2015-07-01,2012-07-01,2015-07-01,"hml,smb,mom",mkt,14,5,174,10,7,hml
2012-07-01_to_2015-07-01,2012-07-01,2015-07-01,"hml,smb,mom",mkt,14,5,174,10,8,smb
2012-07-01_to_2015-07-01,2012-07-01,2015-07-01,"hml,smb,mom",mkt,14,5,174,10,9,hml
2012-07-01_to_2015-07-01,2012-07-01,2015-07-01,"hml,smb,mom",mkt,14,5,174,10,10,mom
2012-07-01_to_2015-07-01,2012-07-01,2015-07-01,"hml,smb,mom",mkt,14,5,175,7,1,mom
2012-07-01_to_2015-07-01,2012-07-01,2015-07-01,"hml,smb,mom",mkt,14,5,175,7,2,mom
2012-07-01_to_2015-07-01,2012-07-01,2015-07-01,"hml,smb,mom",mkt,14,5,175,7,3,mom
2012-07-01_to_2015-07-01,2012-07-01,2015-07-01,"hml,smb,mom",mkt,14,5,175,7,4,mom
2012-07-01_to_2015-07-01,2012-07-01,2015-07-01,"hml,smb,mom",mkt,14,5,175,7,5,mom
2012-07-01_to_2015-07-01,2012-07-01,2015-07-01,"hml,smb,mom",mkt,14,5,175,7,6,mom
2012-07-01_to_2015-07-01,2012-07-01,2015-07-01,"hml,smb,mom",mkt,14,5,175,7,7,hml
2012-07-01_to_2015-07-01,2012-07-01,2015-07-01,"hml,smb,mom",mkt,14,5,179,8,1,mom
2012-07-01_to_2015-07-01,2012-07-01,2015-07-01,"hml,smb,mom",mkt,14,5,179,8,2,mom
2012-07-01_to_2015-07-01,2012-07-01,2015-07-01,"hml,smb,mom",mkt,14,5,179,8,3,mom
2012-07-01_to_2015-07-01,2012-07-01,2015-07-01,"hml,smb,mom",mkt,14,5,179,8,4,mom
2012-07-01_to_2015-07-01,2012-07-01,2015-07-01,"hml,smb,mom",mkt,14,5,179,8,5,mom
2012-07-01_to_2015-07-01,2012-07-01,2015-07-01,"hml,smb,mom",mkt,14,5,179,8,6,mom
2012-07-01_to_2015-07-01,2012-07-01,2015-07-01,"hml,smb,mom",mkt,14,5,179,8,7,hml
2012-07-01_to_2015-07-01,2012-07-01,2015-07-01,"hml,smb,mom",mkt,14,5,179,8,8,hml
2012-07-01_to_2015-07-01,2012-07-01,2015-07-01,"hml,smb,mom",mkt,14,5,181,9,1,mom
2012-07-01_to_2015-07-01,2012-07-01,2015-07-01,"hml,smb,mom",mkt,14,5,181,9,2,mom
2012-07-01_to_2015-07-01,2012-07-01,2015-07-01,"hml,smb,mom",mkt,14,5,181,9,3,mom
2012-07-01_to_2015-07-01,2012-07-01,2015-07-01,"hml,smb,mom",mkt,14,5,181,9,4,mom
2012-07-01_to_2015-07-01,2012-07-01,2015-07-01,"hml,smb,mom",mkt,14,5,181,9,5,mom
2012-07-01_to_2015-07-01,2012-07-01,2015-07-01,"hml,smb,mom",mkt,14,5,181,9,6,mom
2012-07-01_to_2015-07-01,2012-07-01,2015-07-01,"hml,smb,mom",mkt,14,5,181,9,7,hml
2012-07-01_to_2015-07-01,2012-07-01,2015-07-01,"hml,smb,mom",mkt,14,5,181,9,8,hml
2012-07-01_to_2015-07-01,2012-07-01,2015-07-01,"hml,smb,mom",mkt,14,5,181,9,9,hml
2012-07-01_to_2015-07-01,2012-07-01,2015-07-01,"hml,smb,mom",mkt,14,5,185,12,1,mom
2012-07-01_to_2015-07-01,2012-07-01,2015-07-01,"hml,smb,mom",mkt,14,5,185,12,2,mom
2012-07-01_to_2015-07-01,2012-07-01,2015-07-01,"hml,smb,mom",mkt,14,5,185,12,3,mom
2012-07-01_to_2015-07-01,2012-07-01,2015-07-01,"hml,smb,mom",mkt,14,5,185,12,4,mom
2012-07-01_to_2015-07-01,2012-07-01,2015-07-01,"hml,smb,mom",mkt,14,5,185,12,5,mom
2012-07-01_to_2015-07-01,2012-07-01,2015-07-01,"hml,smb,mom",mkt,14,5,185,12,6,mom
2012-07-01_to_2015-07-01,2012-07-01,2015-07-01,"hml,smb,mom",mkt,14,5,185,12,7,hml
2012-07-01_to_2015-07-01,2012-07-01,2015-07-01,"hml,smb,mom",mkt,14,5,185,12,8,hml
2012-07-01_to_2015-07-01,2012-07-01,2015-07-01,"hml,smb,mom",mkt,14,5,185,12,9,hml
2012-07-01_to_2015-07-01,2012-07-01,2015-07-01,"hml,smb,mom",mkt,14,5,185,12,10,smb
2012-07-01_to_2015-07-01,2012-07-01,2015-07-01,"hml,smb,mom",mkt,14,5,185,12,11,hml
2012-07-01_to_2015-07-01,2012-07-01,2015-07-01,"hml,smb,mom",mkt,14,5,185,12,12,smb
2012-07-01_to_2015-07-01,2012-07-01,2015-07-01,"hml,smb,mom",mkt,14,5,186,12,1,mom
2012-07-01_to_2015-07-01,2012-07-01,2015-07-01,"hml,smb,mom",mkt,14,5,186,12,2,mom
2012-07-01_to_2015-07-01,2012-07-01,2015-07-01,"hml,smb,mom",mkt,14,5,186,12,3,mom
2012-07-01_to_2015-07-01,2012-07-01,2015-07-01,"hml,smb,mom",mkt,14,5,186,12,4,mom
2012-07-01_to_2015-07-01,2012-07-01,2015-07-01,"hml,smb,mom",mkt,14,5,186,12,5,mom
2012-07-01_to_2015-07-01,2012-07-01,2015-07-01,"hml,smb,mom",mkt,14,5,186,12,6,mom
2012-07-01_to_2015-07-01,2012-07-01,2015-07-01,"hml,smb,mom",mkt,14,5,186,12,7,hml
2012-07-01_to_2015-07-01,2012-07-01,2015-07-01,"hml,smb,mom",mkt,14,5,186,12,8,hml
2012-07-01_to_2015-07-01,2012-07-01,2015-07-01,"hml,smb,mom",mkt,14,5,186,12,9,hml
2012-07-01_to_2015-07-01,2012-07-01,2015-07-01,"hml,smb,mom",mkt,14,5,186,12,10,smb
2012-07-01_to_2015-07-01,2012-07-01,2015-07-01,"hml,smb,mom",mkt,14,5,186,12,11,hml
2012-07-01_to_2015-07-01,2012-07-01,2015-07-01,"hml,smb,mom",mkt,14,5,186,12,12,smb
2012-07-01_to_2015-07-01,2012-07-01,2015-07-01,"hml,smb,mom",mkt,14,5,187,11,1,mom
2012-07-01_to_2015-07-01,2012-07-01,2015-07-01,"hml,smb,mom",mkt,14,5,187,11,2,mom
2012-07-01_to_2015-07-01,2012-07-01,2015-07-01,"hml,smb,mom",mkt,14,5,187,11,3,mom
2012-07-01_to_2015-07-01,2012-07-01,2015-07-01,"hml,smb,mom",mkt,14,5,187,11,4,mom
2012-07-01_to_2015-07-01,2012-07-01,2015-07-01,"hml,smb,mom",mkt,14,5,187,11,5,mom
2012-07-01_to_2015-07-01,2012-07-01,2015-07-01,"hml,smb,mom",mkt,14,5,187,11,6,mom
2012-07-01_to_2015-07-01,2012-07-01,2015-07-01,"hml,smb,mom",mkt,14,5,187,11,7,hml
2012-07-01_to_2015-07-01,2012-07-01,2015-07-01,"hml,smb,mom",mkt,14,5,187,11,8,hml
2012-07-01_to_2015-07-01,2012-07-01,2015-07-01,"hml,smb,mom",mkt,14,5,187,11,9,hml
2012-07-01_to_2015-07-01,2012-07-01,2015-07-01,"hml,smb,mom",mkt,14,5,187,11,10,smb
2012-07-01_to_2015-07-01,2012-07-01,2015-07-01,"hml,smb,mom",mkt,14,5,187,11,11,hml
2012-07-01_to_2015-07-01,2012-07-01,2015-07-01,"hml,smb,mom",mkt,14,5,189,11,1,mom
2012-07-01_to_2015-07-01,2012-07-01,2015-07-01,"hml,smb,mom",mkt,14,5,189,11,2,mom
2012-07-01_to_2015-07-01,2012-07-01,2015-07-01,"hml,smb,mom",mkt,14,5,189,11,3,mom
2012-07-01_to_2015-07-01,2012-07-01,2015-07-01,"hml,smb,mom",mkt,14,5,189,11,4,mom
2012-07-01_to_2015-07-01,2012-07-01,2015-07-01,"hml,smb,mom",mkt,14,5,189,11,5,mom
2012-07-01_to_2015-07-01,2012-07-01,2015-07-01,"hml,smb,mom",mkt,14,5,189,11,6,mom
2012-07-01_to_2015-07-01,2012-07-01,2015-07-01,"hml,smb,mom",mkt,14,5,189,11,7,hml
2012-07-01_to_2015-07-01,2012-07-01,2015-07-01,"hml,smb,mom",mkt,14,5,189,11,8,hml
2012-07-01_to_2015-07-01,2012-07-01,2015-07-01,"hml,smb,mom",mkt,14,5,189,11,9,hml
2012-07-01_to_2015-07-01,2012-07-01,2015-07-01,"hml,smb,mom",mkt,14,5,189,11,10,smb
2012-07-01_to_2015-07-01,2012-07-01,2015-07-01,"hml,smb,mom",mkt,14,5,189,11,11,hml
2012-07-01_to_2015-07-01,2012-07-01,2015-07-01,"hml,smb,mom",mkt,14,5,193,14,1,mom
2012-07-01_to_2015-07-01,2012-07-01,2015-07-01,"hml,smb,mom",mkt,14,5,193,14,2,mom
2012-07-01_to_2015-07-01,2012-07-01,2015-07-01,"hml,smb,mom",mkt,14,5,193,14,3,mom
2012-07-01_to_2015-07-01,2012-07-01,2015-07-01,"hml,smb,mom",mkt,14,5,193,14,4,mom
2012-07-01_to_2015-07-01,2012-07-01,2015-07-01,"hml,smb,mom",mkt,14,5,193,14,5,mom
2012-07-01_to_2015-07-01,2012-07-01,2015-07-01,"hml,smb,mom",mkt,14,5,193,14,6,mom
2012-07-01_to_2015-07-01,2012-07-01,2015-07-01,"hml,smb,mom",mkt,14,5,193,14,7,hml
2012-07-01_to_2015-07-01,2012-07-01,2015-07-01,"hml,smb,mom",mkt,14,5,193,14,8,hml
2012-07-01_to_2015-07-01,2012-07-01,2015-07-01,"hml,smb,mom",mkt,14,5,193,14,9,hml
2012-07-01_to_2015-07-01,2012-07-01,2015-07-01,"hml,smb,mom",mkt,14,5,193,14,10,smb
2012-07-01_to_2015-07-01,2012-07-01,2015-07-01,"hml,smb,mom",mkt,14,5,193,14,11,hml
2012-07-01_to_2015-07-01,2012-07-01,2015-07-01,"hml,smb,mom",mkt,14,5,193,14,12,hml
2012-07-01_to_2015-07-01,2012-07-01,2015-07-01,"hml,smb,mom",mkt,14,5,193,14,13,hml
2012-07-01_to_2015-07-01,2012-07-01,2015-07-01,"hml,smb,mom",mkt,14,5,193,14,14,smb
2012-07-01_to_2015-07-01,2012-07-01,2015-07-01,"hml,smb,mom",mkt,14,5,194,14,1,mom
2012-07-01_to_2015-07-01,2012-07-01,2015-07-01,"hml,smb,mom",mkt,14,5,194,14,2,mom
2012-07-01_to_2015-07-01,2012-07-01,2015-07-01,"hml,smb,mom",mkt,14,5,194,14,3,mom
2012-07-01_to_2015-07-01,2012-07-01,2015-07-01,"hml,smb,mom",mkt,14,5,194,14,4,mom
2012-07-01_to_2015-07-01,2012-07-01,2015-07-01,"hml,smb,mom",mkt,14,5,194,14,5,mom
2012-07-01_to_2015-07-01,2012-07-01,2015-07-01,"hml,smb,mom",mkt,14,5,194,14,6,mom
2012-07-01_to_2015-07-01,2012-07-01,2015-07-01,"hml,smb,mom",mkt,14,5,194,14,7,hml
2012-07-01_to_2015-07-01,2012-07-01,2015-07-01,"hml,smb,mom",mkt,14,5,194,14,8,hml
2012-07-01_to_2015-07-01,2012-07-01,2015-07-01,"hml,smb,mom",mkt,14,5,194,14,9,hml
2012-07-01_to_2015-07-01,2012-07-01,2015-07-01,"hml,smb,mom",mkt,14,5,194,14,10,smb
2012-07-01_to_2015-07-01,2012-07-01,2015-07-01,"hml,smb,mom",mkt,14,5,194,14,11,hml
2012-07-01_to_2015-07-01,2012-07-01,2015-07-01,"hml,smb,mom",mkt,14,5,194,14,12,hml
2012-07-01_to_2015-07-01,2012-07-01,2015-07-01,"hml,smb,mom",mkt,14,5,194,14,13,hml
2012-07-01_to_2015-07-01,2012-07-01,2015-07-01,"hml,smb,mom",mkt,14,5,194,14,14,smb
2012-07-01_to_2015-07-01,2012-07-01,2015-07-01,"hml,smb,mom",mkt,14,5,195,13,1,mom
2012-07-01_to_2015-07-01,2012-07-01,2015-07-01,"hml,smb,mom",mkt,14,5,195,13,2,mom
2012-07-01_to_2015-07-01,2012-07-01,2015-07-01,"hml,smb,mom",mkt,14,5,195,13,3,mom
2012-07-01_to_2015-07-01,2012-07-01,2015-07-01,"hml,smb,mom",mkt,14,5,195,13,4,mom
2012-07-01_to_2015-07-01,2012-07-01,2015-07-01,"hml,smb,mom",mkt,14,5,195,13,5,mom
2012-07-01_to_2015-07-01,2012-07-01,2015-07-01,"hml,smb,mom",mkt,14,5,195,13,6,mom
2012-07-01_to_2015-07-01,2012-07-01,2015-07-01,"hml,smb,mom",mkt,14,5,195,13,7,hml
2012-07-01_to_2015-07-01,2012-07-01,2015-07-01,"hml,smb,mom",mkt,14,5,195,13,8,hml
2012-07-01_to_2015-07-01,2012-07-01,2015-07-01,"hml,smb,mom",mkt,14,5,195,13,9,hml
2012-07-01_to_2015-07-01,2012-07-01,2015-07-01,"hml,smb,mom",mkt,14,5,195,13,10,smb
2012-07-01_to_2015-07-01,2012-07-01,2015-07-01,"hml,smb,mom",mkt,14,5,195,13,11,hml
2012-07-01_to_2015-07-01,2012-07-01,2015-07-01,"hml,smb,mom",mkt,14,5,195,13,12,hml
2012-07-01_to_2015-07-01,2012-07-01,2015-07-01,"hml,smb,mom",mkt,14,5,195,13,13,hml
2012-07-01_to_2015-07-01,2012-07-01,2015-07-01,"hml,smb,mom",mkt,14,5,196,12,1,mom
2012-07-01_to_2015-07-01,2012-07-01,2015-07-01,"hml,smb,mom",mkt,14,5,196,12,2,mom
2012-07-01_to_2015-07-01,2012-07-01,2015-07-01,"hml,smb,mom",mkt,14,5,196,12,3,mom
2012-07-01_to_2015-07-01,2012-07-01,2015-07-01,"hml,smb,mom",mkt,14,5,196,12,4,mom
2012-07-01_to_2015-07-01,2012-07-01,2015-07-01,"hml,smb,mom",mkt,14,5,196,12,5,mom
2012-07-01_to_2015-07-01,2012-07-01,2015-07-01,"hml,smb,mom",mkt,14,5,196,12,6,mom
2012-07-01_to_2015-07-01,2012-07-01,2015-07-01,"hml,smb,mom",mkt,14,5,196,12,7,hml
2012-07-01_to_2015-07-01,2012-07-01,2015-07-01,"hml,smb,mom",mkt,14,5,196,12,8,hml
2012-07-01_to_2015-07-01,2012-07-01,2015-07-01,"hml,smb,mom",mkt,14,5,196,12,9,hml
2012-07-01_to_2015-07-01,2012-07-01,2015-07-01,"hml,smb,mom",mkt,14,5,196,12,10,smb
2012-07-01_to_2015-07-01,2012-07-01,2015-07-01,"hml,smb,mom",mkt,14,5,196,12,11,hml
2012-07-01_to_2015-07-01,2012-07-01,2015-07-01,"hml,smb,mom",mkt,14,5,196,12,12,hml
2012-07-01_to_2015-07-01,2012-07-01,2015-07-01,"hml,smb,mom",mkt,14,5,197,7,1,mom
2012-07-01_to_2015-07-01,2012-07-01,2015-07-01,"hml,smb,mom",mkt,14,5,197,7,2,mom
2012-07-01_to_2015-07-01,2012-07-01,2015-07-01,"hml,smb,mom",mkt,14,5,197,7,3,mom
2012-07-01_to_2015-07-01,2012-07-01,2015-07-01,"hml,smb,mom",mkt,14,5,197,7,4,mom
2012-07-01_to_2015-07-01,2012-07-01,2015-07-01,"hml,smb,mom",mkt,14,5,197,7,5,mom
2012-07-01_to_2015-07-01,2012-07-01,2015-07-01,"hml,smb,mom",mkt,14,5,197,7,6,mom
2012-07-01_to_2015-07-01,2012-07-01,2015-07-01,"hml,smb,mom",mkt,14,5,197,7,7,hml
2012-07-01_to_2015-07-01,2012-07-01,2015-07-01,"hml,smb,mom",mkt,14,5,202,10,1,mom
2012-07-01_to_2015-07-01,2012-07-01,2015-07-01,"hml,smb,mom",mkt,14,5,202,10,2,mom
2012-07-01_to_2015-07-01,2012-07-01,2015-07-01,"hml,smb,mom",mkt,14,5,202,10,3,mom
2012-07-01_to_2015-07-01,2012-07-01,2015-07-01,"hml,smb,mom",mkt,14,5,202,10,4,mom
2012-07-01_to_2015-07-01,2012-07-01,2015-07-01,"hml,smb,mom",mkt,14,5,202,10,5,mom
2012-07-01_to_2015-07-01,2012-07-01,2015-07-01,"hml,smb,mom",mkt,14,5,202,10,6,mom
2012-07-01_to_2015-07-01,2012-07-01,2015-07-01,"hml,smb,mom",mkt,14,5,202,10,7,mom
2012-07-01_to_2015-07-01,2012-07-01,2015-07-01,"hml,smb,mom",mkt,14,5,202,10,8,hml
2012-07-01_to_2015-07-01,2012-07-01,2015-07-01,"hml,smb,mom",mkt,14,5,202,10,9,hml
2012-07-01_to_2015-07-01,2012-07-01,2015-07-01,"hml,smb,mom",mkt,14,5,202,10,10,hml
2012-07-01_to_2015-07-01,2012-07-01,2015-07-01,"hml,smb,mom",mkt,14,5,207,14,1,mom
2012-07-01_to_2015-07-01,2012-07-01,2015-07-01,"hml,smb,mom",mkt,14,5,207,14,2,mom
2012-07-01_to_2015-07-01,2012-07-01,2015-07-01,"hml,smb,mom",mkt,14,5,207,14,3,mom
2012-07-01_to_2015-07-01,2012-07-01,2015-07-01,"hml,smb,mom",mkt,14,5,207,14,4,mom
2012-07-01_to_2015-07-01,2012-07-01,2015-07-01,"hml,smb,mom",mkt,14,5,207,14,5,mom
2012-07-01_to_2015-07-01,2012-07-01,2015-07-01,"hml,smb,mom",mkt,14,5,207,14,6,mom
2012-07-01_to_2015-07-01,2012-07-01,2015-07-01,"hml,smb,mom",mkt,14,5,207,14,7,mom
2012-07-01_to_2015-07-01,2012-07-01,2015-07-01,"hml,smb,mom",mkt,14,5,207,14,8,hml
2012-07-01_to_2015-07-01,2012-07-01,2015-07-01,"hml,smb,mom",mkt,14,5,207,14,9,hml
2012-07-01_to_2015-07-01,2012-07-01,2015-07-01,"hml,smb,mom",mkt,14,5,207,14,10,hml
2012-07-01_to_2015-07-01,2012-07-01,2015-07-01,"hml,smb,mom",mkt,14,5,207,14,11,hml
2012-07-01_to_2015-07-01,2012-07-01,2015-07-01,"hml,smb,mom",mkt,14,5,207,14,12,hml
2012-07-01_to_2015-07-01,2012-07-01,2015-07-01,"hml,smb,mom",mkt,14,5,207,14,13,mom
2012-07-01_to_2015-07-01,2012-07-01,2015-07-01,"hml,smb,mom",mkt,14,5,207,14,14,mom
2012-07-01_to_2015-07-01,2012-07-01,2015-07-01,"hml,smb,mom",mkt,14,5,208,14,1,mom
2012-07-01_to_2015-07-01,2012-07-01,2015-07-01,"hml,smb,mom",mkt,14,5,208,14,2,mom
2012-07-01_to_2015-07-01,2012-07-01,2015-07-01,"hml,smb,mom",mkt,14,5,208,14,3,mom
2012-07-01_to_2015-07-01,2012-07-01,2015-07-01,"hml,smb,mom",mkt,14,5,208,14,4,mom
2012-07-01_to_2015-07-01,2012-07-01,2015-07-01,"hml,smb,mom",mkt,14,5,208,14,5,mom
2012-07-01_to_2015-07-01,2012-07-01,2015-07-01,"hml,smb,mom",mkt,14,5,208,14,6,mom
2012-07-01_to_2015-07-01,2012-07-01,2015-07-01,"hml,smb,mom",mkt,14,5,208,14,7,mom
2012-07-01_to_2015-07-01,2012-07-01,2015-07-01,"hml,smb,mom",mkt,14,5,208,14,8,hml
2012-07-01_to_2015-07-01,2012-07-01,2015-07-01,"hml,smb,mom",mkt,14,5,208,14,9,hml
2012-07-01_to_2015-07-01,2012-07-01,2015-07-01,"hml,smb,mom",mkt,14,5,208,14,10,hml
2012-07-01_to_2015-07-01,2012-07-01,2015-07-01,"hml,smb,mom",mkt,14,5,208,14,11,hml
2012-07-01_to_2015-07-01,2012-07-01,2015-07-01,"hml,smb,mom",mkt,14,5,208,14,12,hml
2012-07-01_to_2015-07-01,2012-07-01,2015-07-01,"hml,smb,mom",mkt,14,5,208,14,13,mom
2012-07-01_to_2015-07-01,2012-07-01,2015-07-01,"hml,smb,mom",mkt,14,5,208,14,14,mom
2012-07-01_to_2015-07-01,2012-07-01,2015-07-01,"hml,smb,mom",mkt,14,5,210,14,1,mom
2012-07-01_to_2015-07-01,2012-07-01,2015-07-01,"hml,smb,mom",mkt,14,5,210,14,2,mom
2012-07-01_to_2015-07-01,2012-07-01,2015-07-01,"hml,smb,mom",mkt,14,5,210,14,3,mom
2012-07-01_to_2015-07-01,2012-07-01,2015-07-01,"hml,smb,mom",mkt,14,5,210,14,4,mom
2012-07-01_to_2015-07-01,2012-07-01,2015-07-01,"hml,smb,mom",mkt,14,5,210,14,5,mom
2012-07-01_to_2015-07-01,2012-07-01,2015-07-01,"hml,smb,mom",mkt,14,5,210,14,6,mom
2012-07-01_to_2015-07-01,2012-07-01,2015-07-01,"hml,smb,mom",mkt,14,5,210,14,7,mom
2012-07-01_to_2015-07-01,2012-07-01,2015-07-01,"hml,smb,mom",mkt,14,5,210,14,8,hml
2012-07-01_to_2015-07-01,2012-07-01,2015-07-01,"hml,smb,mom",mkt,14,5,210,14,9,hml
2012-07-01_to_2015-07-01,2012-07-01,2015-07-01,"hml,smb,mom",mkt,14,5,210,14,10,hml
2012-07-01_to_2015-07-01,2012-07-01,2015-07-01,"hml,smb,mom",mkt,14,5,210,14,11,hml
2012-07-01_to_2015-07-01,2012-07-01,2015-07-01,"hml,smb,mom",mkt,14,5,210,14,12,hml
2012-07-01_to_2015-07-01,2012-07-01,2015-07-01,"hml,smb,mom",mkt,14,5,210,14,13,mom
2012-07-01_to_2015-07-01,2012-07-01,2015-07-01,"hml,smb,mom",mkt,14,5,210,14,14,hml
2012-07-01_to_2015-07-01,2012-07-01,2015-07-01,"hml,smb,mom",mkt,14,5,211,14,1,mom
2012-07-01_to_2015-07-01,2012-07-01,2015-07-01,"hml,smb,mom",mkt,14,5,211,14,2,mom
2012-07-01_to_2015-07-01,2012-07-01,2015-07-01,"hml,smb,mom",mkt,14,5,211,14,3,mom
2012-07-01_to_2015-07-01,2012-07-01,2015-07-01,"hml,smb,mom",mkt,14,5,211,14,4,mom
2012-07-01_to_2015-07-01,2012-07-01,2015-07-01,"hml,smb,mom",mkt,14,5,211,14,5,mom
2012-07-01_to_2015-07-01,2012-07-01,2015-07-01,"hml,smb,mom",mkt,14,5,211,14,6,mom
2012-07-01_to_2015-07-01,2012-07-01,2015-07-01,"hml,smb,mom",mkt,14,5,211,14,7,mom
2012-07-01_to_2015-07-01,2012-07-01,2015-07-01,"hml,smb,mom",mkt,14,5,211,14,8,hml
2012-07-01_to_2015-07-01,2012-07-01,2015-07-01,"hml,smb,mom",mkt,14,5,211,14,9,hml
2012-07-01_to_2015-07-01,2012-07-01,2015-07-01,"hml,smb,mom",mkt,14,5,211,14,10,hml
2012-07-01_to_2015-07-01,2012-07-01,2015-07-01,"hml,smb,mom",mkt,14,5,211,14,11,hml
2012-07-01_to_2015-07-01,2012-07-01,2015-07-01,"hml,smb,mom",mkt,14,5,211,14,12,hml
2012-07-01_to_2015-07-01,2012-07-01,2015-07-01,"hml,smb,mom",mkt,14,5,211,14,13,mom
2012-07-01_to_2015-07-01,2012-07-01,2015-07-01,"hml,smb,mom",mkt,14,5,211,14,14,hml
2012-07-01_to_2015-07-01,2012-07-01,2015-07-01,"hml,smb,mom",mkt,14,5,213,13,1,mom
2012-07-01_to_2015-07-01,2012-07-01,2015-07-01,"hml,smb,mom",mkt,14,5,213,13,2,mom
2012-07-01_to_2015-07-01,2012-07-01,2015-07-01,"hml,smb,mom",mkt,14,5,213,13,3,mom
2012-07-01_to_2015-07-01,2012-07-01,2015-07-01,"hml,smb,mom",mkt,14,5,213,13,4,mom
2012-07-01_to_2015-07-01,2012-07-01,2015-07-01,"hml,smb,mom",mkt,14,5,213,13,5,mom
2012-07-01_to_2015-07-01,2012-07-01,2015-07-01,"hml,smb,mom",mkt,14,5,213,13,6,mom
2012-07-01_to_2015-07-01,2012-07-01,2015-07-01,"hml,smb,mom",mkt,14,5,213,13,7,mom
2012-07-01_to_2015-07-01,2012-07-01,2015-07-01,"hml,smb,mom",mkt,14,5,213,13,8,hml
2012-07-01_to_2015-07-01,2012-07-01,2015-07-01,"hml,smb,mom",mkt,14,5,213,13,9,hml
2012-07-01_to_2015-07-01,2012-07-01,2015-07-01,"hml,smb,mom",mkt,14,5,213,13,10,hml
2012-07-01_to_2015-07-01,2012-07-01,2015-07-01,"hml,smb,mom",mkt,14,5,213,13,11,hml
2012-07-01_to_2015-07-01,2012-07-01,2015-07-01,"hml,smb,mom",mkt,14,5,213,13,12,hml
2012-07-01_to_2015-07-01,2012-07-01,2015-07-01,"hml,smb,mom",mkt,14,5,213,13,13,smb
2012-07-01_to_2015-07-01,2012-07-01,2015-07-01,"hml,smb,mom",mkt,14,5,215,14,1,mom
2012-07-01_to_2015-07-01,2012-07-01,2015-07-01,"hml,smb,mom",mkt,14,5,215,14,2,mom
2012-07-01_to_2015-07-01,2012-07-01,2015-07-01,"hml,smb,mom",mkt,14,5,215,14,3,mom
2012-07-01_to_2015-07-01,2012-07-01,2015-07-01,"hml,smb,mom",mkt,14,5,215,14,4,mom
2012-07-01_to_2015-07-01,2012-07-01,2015-07-01,"hml,smb,mom",mkt,14,5,215,14,5,mom
2012-07-01_to_2015-07-01,2012-07-01,2015-07-01,"hml,smb,mom",mkt,14,5,215,14,6,mom
2012-07-01_to_2015-07-01,2012-07-01,2015-07-01,"hml,smb,mom",mkt,14,5,215,14,7,mom
2012-07-01_to_2015-07-01,2012-07-01,2015-07-01,"hml,smb,mom",mkt,14,5,215,14,8,hml
2012-07-01_to_2015-07-01,2012-07-01,2015-07-01,"hml,smb,mom",mkt,14,5,215,14,9,hml
2012-07-01_to_2015-07-01,2012-07-01,2015-07-01,"hml,smb,mom",mkt,14,5,215,14,10,hml
2012-07-01_to_2015-07-01,2012-07-01,2015-07-01,"hml,smb,mom",mkt,14,5,215,14,11,hml
2012-07-01_to_2015-07-01,2012-07-01,2015-07-01,"hml,smb,mom",mkt,14,5,215,14,12,hml
2012-07-01_to_2015-07-01,2012-07-01,2015-07-01,"hml,smb,mom",mkt,14,5,215,14,13,smb
2012-07-01_to_2015-07-01,2012-07-01,2015-07-01,"hml,smb,mom",mkt,14,5,215,14,14,hml
2012-07-01_to_2015-07-01,2012-07-01,2015-07-01,"hml,smb,mom",mkt,14,5,216,14,1,mom
2012-07-01_to_2015-07-01,2012-07-01,2015-07-01,"hml,smb,mom",mkt,14,5,216,14,2,mom
2012-07-01_to_2015-07-01,2012-07-01,2015-07-01,"hml,smb,mom",mkt,14,5,216,14,3,mom
2012-07-01_to_2015-07-01,2012-07-01,2015-07-01,"hml,smb,mom",mkt,14,5,216,14,4,mom
2012-07-01_to_2015-07-01,2012-07-01,2015-07-01,"hml,smb,mom",mkt,14,5,216,14,5,mom
2012-07-01_to_2015-07-01,2012-07-01,2015-07-01,"hml,smb,mom",mkt,14,5,216,14,6,mom
2012-07-01_to_2015-07-01,2012-07-01,2015-07-01,"hml,smb,mom",mkt,14,5,216,14,7,mom
2012-07-01_to_2015-07-01,2012-07-01,2015-07-01,"hml,smb,mom",mkt,14,5,216,14,8,hml
2012-07-01_to_2015-07-01,2012-07-01,2015-07-01,"hml,smb,mom",mkt,14,5,216,14,9,hml
2012-07-01_to_2015-07-01,2012-07-01,2015-07-01,"hml,smb,mom",mkt,14,5,216,14,10,hml
2012-07-01_to_2015-07-01,2012-07-01,2015-07-01,"hml,smb,mom",mkt,14,5,216,14,11,hml
2012-07-01_to_2015-07-01,2012-07-01,2015-07-01,"hml,smb,mom",mkt,14,5,216,14,12,hml
2012-07-01_to_2015-07-01,2012-07-01,2015-07-01,"hml,smb,mom",mkt,14,5,216,14,13,smb
2012-07-01_to_2015-07-01,2012-07-01,2015-07-01,"hml,smb,mom",mkt,14,5,216,14,14,hml
2012-07-01_to_2015-07-01,2012-07-01,2015-07-01,"hml,smb,mom",mkt,14,5,218,12,1,mom
2012-07-01_to_2015-07-01,2012-07-01,2015-07-01,"hml,smb,mom",mkt,14,5,218,12,2,mom
2012-07-01_to_2015-07-01,2012-07-01,2015-07-01,"hml,smb,mom",mkt,14,5,218,12,3,mom
2012-07-01_to_2015-07-01,2012-07-01,2015-07-01,"hml,smb,mom",mkt,14,5,218,12,4,mom
2012-07-01_to_2015-07-01,2012-07-01,2015-07-01,"hml,smb,mom",mkt,14,5,218,12,5,mom
2012-07-01_to_2015-07-01,2012-07-01,2015-07-01,"hml,smb,mom",mkt,14,5,218,12,6,mom
2012-07-01_to_2015-07-01,2012-07-01,2015-07-01,"hml,smb,mom",mkt,14,5,218,12,7,mom
2012-07-01_to_2015-07-01,2012-07-01,2015-07-01,"hml,smb,mom",mkt,14,5,218,12,8,hml
2012-07-01_to_2015-07-01,2012-07-01,2015-07-01,"hml,smb,mom",mkt,14,5,218,12,9,hml
2012-07-01_to_2015-07-01,2012-07-01,2015-07-01,"hml,smb,mom",mkt,14,5,218,12,10,hml
2012-07-01_to_2015-07-01,2012-07-01,2015-07-01,"hml,smb,mom",mkt,14,5,218,12,11,hml
2012-07-01_to_2015-07-01,2012-07-01,2015-07-01,"hml,smb,mom",mkt,14,5,218,12,12,smb
2012-07-01_to_2015-07-01,2012-07-01,2015-07-01,"hml,smb,mom",mkt,14,5,220,13,1,mom
2012-07-01_to_2015-07-01,2012-07-01,2015-07-01,"hml,smb,mom",mkt,14,5,220,13,2,mom
2012-07-01_to_2015-07-01,2012-07-01,2015-07-01,"hml,smb,mom",mkt,14,5,220,13,3,mom
2012-07-01_to_2015-07-01,2012-07-01,2015-07-01,"hml,smb,mom",mkt,14,5,220,13,4,mom
2012-07-01_to_2015-07-01,2012-07-01,2015-07-01,"hml,smb,mom",mkt,14,5,220,13,5,mom
2012-07-01_to_2015-07-01,2012-07-01,2015-07-01,"hml,smb,mom",mkt,14,5,220,13,6,mom
2012-07-01_to_2015-07-01,2012-07-01,2015-07-01,"hml,smb,mom",mkt,14,5,220,13,7,mom
2012-07-01_to_2015-07-01,2012-07-01,2015-07-01,"hml,smb,mom",mkt,14,5,220,13,8,hml
2012-07-01_to_2015-07-01,2012-07-01,2015-07-01,"hml,smb,mom",mkt,14,5,220,13,9,hml
2012-07-01_to_2015-07-01,2012-07-01,2015-07-01,"hml,smb,mom",mkt,14,5,220,13,10,hml
2012-07-01_to_2015-07-01,2012-07-01,2015-07-01,"hml,smb,mom",mkt,14,5,220,13,11,hml
2012-07-01_to_2015-07-01,2012-07-01,2015-07-01,"hml,smb,mom",mkt,14,5,220,13,12,smb
2012-07-01_to_2015-07-01,2012-07-01,2015-07-01,"hml,smb,mom",mkt,14,5,220,13,13,hml
2012-07-01_to_2015-07-01,2012-07-01,2015-07-01,"hml,smb,mom",mkt,14,5,221,13,1,mom
2012-07-01_to_2015-07-01,2012-07-01,2015-07-01,"hml,smb,mom",mkt,14,5,221,13,2,mom
2012-07-01_to_2015-07-01,2012-07-01,2015-07-01,"hml,smb,mom",mkt,14,5,221,13,3,mom
2012-07-01_to_2015-07-01,2012-07-01,2015-07-01,"hml,smb,mom",mkt,14,5,221,13,4,mom
2012-07-01_to_2015-07-01,2012-07-01,2015-07-01,"hml,smb,mom",mkt,14,5,221,13,5,mom
2012-07-01_to_2015-07-01,2012-07-01,2015-07-01,"hml,smb,mom",mkt,14,5,221,13,6,mom
2012-07-01_to_2015-07-01,2012-07-01,2015-07-01,"hml,smb,mom",mkt,14,5,221,13,7,mom
2012-07-01_to_2015-07-01,2012-07-01,2015-07-01,"hml,smb,mom",mkt,14,5,221,13,8,hml
2012-07-01_to_2015-07-01,2012-07-01,2015-07-01,"hml,smb,mom",mkt,14,5,221,13,9,hml
2012-07-01_to_2015-07-01,2012-07-01,2015-07-01,"hml,smb,mom",mkt,14,5,221,13,10,hml
2012-07-01_to_2015-07-01,2012-07-01,2015-07-01,"hml,smb,mom",mkt,14,5,221,13,11,hml
2012-07-01_to_2015-07-01,2012-07-01,2015-07-01,"hml,smb,mom",mkt,14,5,221,13,12,smb
2012-07-01_to_2015-07-01,2012-07-01,2015-07-01,"hml,smb,mom",mkt,14,5,221,13,13,hml
2012-07-01_to_2015-07-01,2012-07-01,2015-07-01,"hml,smb,mom",mkt,14,5,224,11,1,mom
2012-07-01_to_2015-07-01,2012-07-01,2015-07-01,"hml,smb,mom",mkt,14,5,224,11,2,mom
2012-07-01_to_2015-07-01,2012-07-01,2015-07-01,"hml,smb,mom",mkt,14,5,224,11,3,mom
2012-07-01_to_2015-07-01,2012-07-01,2015-07-01,"hml,smb,mom",mkt,14,5,224,11,4,mom
2012-07-01_to_2015-07-01,2012-07-01,2015-07-01,"hml,smb,mom",mkt,14,5,224,11,5,mom
2012-07-01_to_2015-07-01,2012-07-01,2015-07-01,"hml,smb,mom",mkt,14,5,224,11,6,mom
2012-07-01_to_2015-07-01,2012-07-01,2015-07-01,"hml,smb,mom",mkt,14,5,224,11,7,mom
2012-07-01_to_2015-07-01,2012-07-01,2015-07-01,"hml,smb,mom",mkt,14,5,224,11,8,hml
2012-07-01_to_2015-07-01,2012-07-01,2015-07-01,"hml,smb,mom",mkt,14,5,224,11,9,hml
2012-07-01_to_2015-07-01,2012-07-01,2015-07-01,"hml,smb,mom",mkt,14,5,224,11,10,mom
2012-07-01_to_2015-07-01,2012-07-01,2015-07-01,"hml,smb,mom",mkt,14,5,224,11,11,mom
2012-07-01_to_2015-07-01,2012-07-01,2015-07-01,"hml,smb,mom",mkt,14,5,225,11,1,mom
2012-07-01_to_2015-07-01,2012-07-01,2015-07-01,"hml,smb,mom",mkt,14,5,225,11,2,mom
2012-07-01_to_2015-07-01,2012-07-01,2015-07-01,"hml,smb,mom",mkt,14,5,225,11,3,mom
2012-07-01_to_2015-07-01,2012-07-01,2015-07-01,"hml,smb,mom",mkt,14,5,225,11,4,mom
2012-07-01_to_2015-07-01,2012-07-01,2015-07-01,"hml,smb,mom",mkt,14,5,225,11,5,mom
2012-07-01_to_2015-07-01,2012-07-01,2015-07-01,"hml,smb,mom",mkt,14,5,225,11,6,mom
2012-07-01_to_2015-07-01,2012-07-01,2015-07-01,"hml,smb,mom",mkt,14,5,225,11,7,mom
2012-07-01_to_2015-07-01,2012-07-01,2015-07-01,"hml,smb,mom",mkt,14,5,225,11,8,hml
2012-07-01_to_2015-07-01,2012-07-01,2015-07-01,"hml,smb,mom",mkt,14,5,225,11,9,hml
2012-07-01_to_2015-07-01,2012-07-01,2015-07-01,"hml,smb,mom",mkt,14,5,225,11,10,mom
2012-07-01_to_2015-07-01,2012-07-01,2015-07-01,"hml,smb,mom",mkt,14,5,225,11,11,mom
2012-07-01_to_2015-07-01,2012-07-01,2015-07-01,"hml,smb,mom",mkt,14,5,226,10,1,mom
2012-07-01_to_2015-07-01,2012-07-01,2015-07-01,"hml,smb,mom",mkt,14,5,226,10,2,mom
2012-07-01_to_2015-07-01,2012-07-01,2015-07-01,"hml,smb,mom",mkt,14,5,226,10,3,mom
2012-07-01_to_2015-07-01,2012-07-01,2015-07-01,"hml,smb,mom",mkt,14,5,226,10,4,mom
2012-07-01_to_2015-07-01,2012-07-01,2015-07-01,"hml,smb,mom",mkt,14,5,226,10,5,mom
2012-07-01_to_2015-07-01,2012-07-01,2015-07-01,"hml,smb,mom",mkt,14,5,226,10,6,mom
2012-07-01_to_2015-07-01,2012-07-01,2015-07-01,"hml,smb,mom",mkt,14,5,226,10,7,mom
2012-07-01_to_2015-07-01,2012-07-01,2015-07-01,"hml,smb,mom",mkt,14,5,226,10,8,hml
2012-07-01_to_2015-07-01,2012-07-01,2015-07-01,"hml,smb,mom",mkt,14,5,226,10,9,hml
2012-07-01_to_2015-07-01,2012-07-01,2015-07-01,"hml,smb,mom",mkt,14,5,226,10,10,mom
2012-07-01_to_2015-07-01,2012-07-01,2015-07-01,"hml,smb,mom",mkt,14,5,227,8,1,mom
2012-07-01_to_2015-07-01,2012-07-01,2015-07-01,"hml,smb,mom",mkt,14,5,227,8,2,mom
2012-07-01_to_2015-07-01,2012-07-01,2015-07-01,"hml,smb,mom",mkt,14,5,227,8,3,mom
2012-07-01_to_2015-07-01,2012-07-01,2015-07-01,"hml,smb,mom",mkt,14,5,227,8,4,mom
2012-07-01_to_2015-07-01,2012-07-01,2015-07-01,"hml,smb,mom",mkt,14,5,227,8,5,mom
2012-07-01_to_2015-07-01,2012-07-01,2015-07-01,"hml,smb,mom",mkt,14,5,227,8,6,mom
2012-07-01_to_2015-07-01,2012-07-01,2015-07-01,"hml,smb,mom",mkt,14,5,227,8,7,mom
2012-07-01_to_2015-07-01,2012-07-01,2015-07-01,"hml,smb,mom",mkt,14,5,227,8,8,hml
2012-07-01_to_2015-07-01,2012-07-01,2015-07-01,"hml,smb,mom",mkt,14,5,229,8,1,mom
2012-07-01_to_2015-07-01,2012-07-01,2015-07-01,"hml,smb,mom",mkt,14,5,229,8,2,mom
2012-07-01_to_2015-07-01,2012-07-01,2015-07-01,"hml,smb,mom",mkt,14,5,229,8,3,mom
2012-07-01_to_2015-07-01,2012-07-01,2015-07-01,"hml,smb,mom",mkt,14,5,229,8,4,mom
2012-07-01_to_2015-07-01,2012-07-01,2015-07-01,"hml,smb,mom",mkt,14,5,229,8,5,mom
2012-07-01_to_2015-07-01,2012-07-01,2015-07-01,"hml,smb,mom",mkt,14,5,229,8,6,mom
2012-07-01_to_2015-07-01,2012-07-01,2015-07-01,"hml,smb,mom",mkt,14,5,229,8,7,mom
2012-07-01_to_2015-07-01,2012-07-01,2015-07-01,"hml,smb,mom",mkt,14,5,229,8,8,smb
2012-07-01_to_2015-07-01,2012-07-01,2015-07-01,"hml,smb,mom",mkt,14,5,233,11,1,mom
2012-07-01_to_2015-07-01,2012-07-01,2015-07-01,"hml,smb,mom",mkt,14,5,233,11,2,mom
2012-07-01_to_2015-07-01,2012-07-01,2015-07-01,"hml,smb,mom",mkt,14,5,233,11,3,mom
2012-07-01_to_2015-07-01,2012-07-01,2015-07-01,"hml,smb,mom",mkt,14,5,233,11,4,mom
2012-07-01_to_2015-07-01,2012-07-01,2015-07-01,"hml,smb,mom",mkt,14,5,233,11,5,mom
2012-07-01_to_2015-07-01,2012-07-01,2015-07-01,"hml,smb,mom",mkt,14,5,233,11,6,mom
2012-07-01_to_2015-07-01,2012-07-01,2015-07-01,"hml,smb,mom",mkt,14,5,233,11,7,mom
2012-07-01_to_2015-07-01,2012-07-01,2015-07-01,"hml,smb,mom",mkt,14,5,233,11,8,smb
2012-07-01_to_2015-07-01,2012-07-01,2015-07-01,"hml,smb,mom",mkt,14,5,233,11,9,hml
2012-07-01_to_2015-07-01,2012-07-01,2015-07-01,"hml,smb,mom",mkt,14,5,233,11,10,hml
2012-07-01_to_2015-07-01,2012-07-01,2015-07-01,"hml,smb,mom",mkt,14,5,233,11,11,hml
2012-07-01_to_2015-07-01,2012-07-01,2015-07-01,"hml,smb,mom",mkt,14,5,234,11,1,mom
2012-07-01_to_2015-07-01,2012-07-01,2015-07-01,"hml,smb,mom",mkt,14,5,234,11,2,mom
2012-07-01_to_2015-07-01,2012-07-01,2015-07-01,"hml,smb,mom",mkt,14,5,234,11,3,mom
2012-07-01_to_2015-07-01,2012-07-01,2015-07-01,"hml,smb,mom",mkt,14,5,234,11,4,mom
2012-07-01_to_2015-07-01,2012-07-01,2015-07-01,"hml,smb,mom",mkt,14,5,234,11,5,mom
2012-07-01_to_2015-07-01,2012-07-01,2015-07-01,"hml,smb,mom",mkt,14,5,234,11,6,mom
2012-07-01_to_2015-07-01,2012-07-01,2015-07-01,"hml,smb,mom",mkt,14,5,234,11,7,mom
2012-07-01_to_2015-07-01,2012-07-01,2015-07-01,"hml,smb,mom",mkt,14,5,234,11,8,smb
2012-07-01_to_2015-07-01,2012-07-01,2015-07-01,"hml,smb,mom",mkt,14,5,234,11,9,hml
2012-07-01_to_2015-07-01,2012-07-01,2015-07-01,"hml,smb,mom",mkt,14,5,234,11,10,hml
2012-07-01_to_2015-07-01,2012-07-01,2015-07-01,"hml,smb,mom",mkt,14,5,234,11,11,hml
2012-07-01_to_2015-07-01,2012-07-01,2015-07-01,"hml,smb,mom",mkt,14,5,236,11,1,mom
2012-07-01_to_2015-07-01,2012-07-01,2015-07-01,"hml,smb,mom",mkt,14,5,236,11,2,mom
2012-07-01_to_2015-07-01,2012-07-01,2015-07-01,"hml,smb,mom",mkt,14,5,236,11,3,mom
2012-07-01_to_2015-07-01,2012-07-01,2015-07-01,"hml,smb,mom",mkt,14,5,236,11,4,mom
2012-07-01_to_2015-07-01,2012-07-01,2015-07-01,"hml,smb,mom",mkt,14,5,236,11,5,mom
2012-07-01_to_2015-07-01,2012-07-01,2015-07-01,"hml,smb,mom",mkt,14,5,236,11,6,mom
2012-07-01_to_2015-07-01,2012-07-01,2015-07-01,"hml,smb,mom",mkt,14,5,236,11,7,mom
2012-07-01_to_2015-07-01,2012-07-01,2015-07-01,"hml,smb,mom",mkt,14,5,236,11,8,smb
2012-07-01_to_2015-07-01,2012-07-01,2015-07-01,"hml,smb,mom",mkt,14,5,236,11,9,hml
2012-07-01_to_2015-07-01,2012-07-01,2015-07-01,"hml,smb,mom",mkt,14,5,236,11,10,hml
2012-07-01_to_2015-07-01,2012-07-01,2015-07-01,"hml,smb,mom",mkt,14,5,236,11,11,hml
2012-07-01_to_2015-07-01,2012-07-01,2015-07-01,"hml,smb,mom",mkt,14,5,237,11,1,mom
2012-07-01_to_2015-07-01,2012-07-01,2015-07-01,"hml,smb,mom",mkt,14,5,237,11,2,mom
2012-07-01_to_2015-07-01,2012-07-01,2015-07-01,"hml,smb,mom",mkt,14,5,237,11,3,mom
2012-07-01_to_2015-07-01,2012-07-01,2015-07-01,"hml,smb,mom",mkt,14,5,237,11,4,mom
2012-07-01_to_2015-07-01,2012-07-01,2015-07-01,"hml,smb,mom",mkt,14,5,237,11,5,mom
2012-07-01_to_2015-07-01,2012-07-01,2015-07-01,"hml,smb,mom",mkt,14,5,237,11,6,mom
2012-07-01_to_2015-07-01,2012-07-01,2015-07-01,"hml,smb,mom",mkt,14,5,237,11,7,mom
2012-07-01_to_2015-07-01,2012-07-01,2015-07-01,"hml,smb,mom",mkt,14,5,237,11,8,smb
2012-07-01_to_2015-07-01,2012-07-01,2015-07-01,"hml,smb,mom",mkt,14,5,237,11,9,hml
2012-07-01_to_2015-07-01,2012-07-01,2015-07-01,"hml,smb,mom",mkt,14,5,237,11,10,hml
2012-07-01_to_2015-07-01,2012-07-01,2015-07-01,"hml,smb,mom",mkt,14,5,237,11,11,hml
2012-07-01_to_2015-07-01,2012-07-01,2015-07-01,"hml,smb,mom",mkt,14,5,238,9,1,mom
2012-07-01_to_2015-07-01,2012-07-01,2015-07-01,"hml,smb,mom",mkt,14,5,238,9,2,mom
2012-07-01_to_2015-07-01,2012-07-01,2015-07-01,"hml,smb,mom",mkt,14,5,238,9,3,mom
2012-07-01_to_2015-07-01,2012-07-01,2015-07-01,"hml,smb,mom",mkt,14,5,238,9,4,mom
2012-07-01_to_2015-07-01,2012-07-01,2015-07-01,"hml,smb,mom",mkt,14,5,238,9,5,mom
2012-07-01_to_2015-07-01,2012-07-01,2015-07-01,"hml,smb,mom",mkt,14,5,238,9,6,mom
2012-07-01_to_2015-07-01,2012-07-01,2015-07-01,"hml,smb,mom",mkt,14,5,238,9,7,mom
2012-07-01_to_2015-07-01,2012-07-01,2015-07-01,"hml,smb,mom",mkt,14,5,238,9,8,smb
2012-07-01_to_2015-07-01,2012-07-01,2015-07-01,"hml,smb,mom",mkt,14,5,238,9,9,hml
2012-07-01_to_2015-07-01,2012-07-01,2015-07-01,"hml,smb,mom",mkt,14,5,247,10,1,mom
2012-07-01_to_2015-07-01,2012-07-01,2015-07-01,"hml,smb,mom",mkt,14,5,247,10,2,mom
2012-07-01_to_2015-07-01,2012-07-01,2015-07-01,"hml,smb,mom",mkt,14,5,247,10,3,mom
2012-07-01_to_2015-07-01,2012-07-01,2015-07-01,"hml,smb,mom",mkt,14,5,247,10,4,mom
2012-07-01_to_2015-07-01,2012-07-01,2015-07-01,"hml,smb,mom",mkt,14,5,247,10,5,mom
2012-07-01_to_2015-07-01,2012-07-01,2015-07-01,"hml,smb,mom",mkt,14,5,247,10,6,smb
2012-07-01_to_2015-07-01,2012-07-01,2015-07-01,"hml,smb,mom",mkt,14,5,247,10,7,mom
2012-07-01_to_2015-07-01,2012-07-01,2015-07-01,"hml,smb,mom",mkt,14,5,247,10,8,hml
2012-07-01_to_2015-07-01,2012-07-01,2015-07-01,"hml,smb,mom",mkt,14,5,247,10,9,hml
2012-07-01_to_2015-07-01,2012-07-01,2015-07-01,"hml,smb,mom",mkt,14,5,247,10,10,smb
2012-07-01_to_2015-07-01,2012-07-01,2015-07-01,"hml,smb,mom",mkt,14,5,248,10,1,mom
2012-07-01_to_2015-07-01,2012-07-01,2015-07-01,"hml,smb,mom",mkt,14,5,248,10,2,mom
2012-07-01_to_2015-07-01,2012-07-01,2015-07-01,"hml,smb,mom",mkt,14,5,248,10,3,mom
2012-07-01_to_2015-07-01,2012-07-01,2015-07-01,"hml,smb,mom",mkt,14,5,248,10,4,mom
2012-07-01_to_2015-07-01,2012-07-01,2015-07-01,"hml,smb,mom",mkt,14,5,248,10,5,mom
2012-07-01_to_2015-07-01,2012-07-01,2015-07-01,"hml,smb,mom",mkt,14,5,248,10,6,smb
2012-07-01_to_2015-07-01,2012-07-01,2015-07-01,"hml,smb,mom",mkt,14,5,248,10,7,mom
2012-07-01_to_2015-07-01,2012-07-01,2015-07-01,"hml,smb,mom",mkt,14,5,248,10,8,hml
2012-07-01_to_2015-07-01,2012-07-01,2015-07-01,"hml,smb,mom",mkt,14,5,248,10,9,hml
2012-07-01_to_2015-07-01,2012-07-01,2015-07-01,"hml,smb,mom",mkt,14,5,248,10,10,smb
2012-07-01_to_2015-07-01,2012-07-01,2015-07-01,"hml,smb,mom",mkt,14,5,250,10,1,mom
2012-07-01_to_2015-07-01,2012-07-01,2015-07-01,"hml,smb,mom",mkt,14,5,250,10,2,mom
2012-07-01_to_2015-07-01,2012-07-01,2015-07-01,"hml,smb,mom",mkt,14,5,250,10,3,mom
2012-07-01_to_2015-07-01,2012-07-01,2015-07-01,"hml,smb,mom",mkt,14,5,250,10,4,mom
2012-07-01_to_2015-07-01,2012-07-01,2015-07-01,"hml,smb,mom",mkt,14,5,250,10,5,mom
2012-07-01_to_2015-07-01,2012-07-01,2015-07-01,"hml,smb,mom",mkt,14,5,250,10,6,smb
2012-07-01_to_2015-07-01,2012-07-01,2015-07-01,"hml,smb,mom",mkt,14,5,250,10,7,mom
2012-07-01_to_2015-07-01,2012-07-01,2015-07-01,"hml,smb,mom",mkt,14,5,250,10,8,hml
2012-07-01_to_2015-07-01,2012-07-01,2015-07-01,"hml,smb,mom",mkt,14,5,250,10,9,hml
2012-07-01_to_2015-07-01,2012-07-01,2015-07-01,"hml,smb,mom",mkt,14,5,250,10,10,hml
2012-07-01_to_2015-07-01,2012-07-01,2015-07-01,"hml,smb,mom",mkt,14,5,251,10,1,mom
2012-07-01_to_2015-07-01,2012-07-01,2015-07-01,"hml,smb,mom",mkt,14,5,251,10,2,mom
2012-07-01_to_2015-07-01,2012-07-01,2015-07-01,"hml,smb,mom",mkt,14,5,251,10,3,mom
2012-07-01_to_2015-07-01,2012-07-01,2015-07-01,"hml,smb,mom",mkt,14,5,251,10,4,mom
2012-07-01_to_2015-07-01,2012-07-01,2015-07-01,"hml,smb,mom",mkt,14,5,251,10,5,mom
2012-07-01_to_2015-07-01,2012-07-01,2015-07-01,"hml,smb,mom",mkt,14,5,251,10,6,smb
2012-07-01_to_2015-07-01,2012-07-01,2015-07-01,"hml,smb,mom",mkt,14,5,251,10,7,mom
2012-07-01_to_2015-07-01,2012-07-01,2015-07-01,"hml,smb,mom",mkt,14,5,251,10,8,hml
2012-07-01_to_2015-07-01,2012-07-01,2015-07-01,"hml,smb,mom",mkt,14,5,251,10,9,hml
2012-07-01_to_2015-07-01,2012-07-01,2015-07-01,"hml,smb,mom",mkt,14,5,251,10,10,hml
2012-07-01_to_2015-07-01,2012-07-01,2015-07-01,"hml,smb,mom",mkt,14,5,253,9,1,mom
2012-07-01_to_2015-07-01,2012-07-01,2015-07-01,"hml,smb,mom",mkt,14,5,253,9,2,mom
2012-07-01_to_2015-07-01,2012-07-01,2015-07-01,"hml,smb,mom",mkt,14,5,253,9,3,mom
2012-07-01_to_2015-07-01,2012-07-01,2015-07-01,"hml,smb,mom",mkt,14,5,253,9,4,mom
2012-07-01_to_2015-07-01,2012-07-01,2015-07-01,"hml,smb,mom",mkt,14,5,253,9,5,mom
2012-07-01_to_2015-07-01,2012-07-01,2015-07-01,"hml,smb,mom",mkt,14,5,253,9,6,smb
2012-07-01_to_2015-07-01,2012-07-01,2015-07-01,"hml,smb,mom",mkt,14,5,253,9,7,mom
2012-07-01_to_2015-07-01,2012-07-01,2015-07-01,"hml,smb,mom",mkt,14,5,253,9,8,hml
2012-07-01_to_2015-07-01,2012-07-01,2015-07-01,"hml,smb,mom",mkt,14,5,253,9,9,smb
2012-07-01_to_2015-07-01,2012-07-01,2015-07-01,"hml,smb,mom",mkt,14,5,254,9,1,mom
2012-07-01_to_2015-07-01,2012-07-01,2015-07-01,"hml,smb,mom",mkt,14,5,254,9,2,mom
2012-07-01_to_2015-07-01,2012-07-01,2015-07-01,"hml,smb,mom",mkt,14,5,254,9,3,mom
2012-07-01_to_2015-07-01,2012-07-01,2015-07-01,"hml,smb,mom",mkt,14,5,254,9,4,mom
2012-07-01_to_2015-07-01,2012-07-01,2015-07-01,"hml,smb,mom",mkt,14,5,254,9,5,mom
2012-07-01_to_2015-07-01,2012-07-01,2015-07-01,"hml,smb,mom",mkt,14,5,254,9,6,smb
2012-07-01_to_2015-07-01,2012-07-01,2015-07-01,"hml,smb,mom",mkt,14,5,254,9,7,mom
2012-07-01_to_2015-07-01,2012-07-01,2015-07-01,"hml,smb,mom",mkt,14,5,254,9,8,hml
2012-07-01_to_2015-07-01,2012-07-01,2015-07-01,"hml,smb,mom",mkt,14,5,254,9,9,smb
2012-07-01_to_2015-07-01,2012-07-01,2015-07-01,"hml,smb,mom",mkt,14,5,257,9,1,mom
2012-07-01_to_2015-07-01,2012-07-01,2015-07-01,"hml,smb,mom",mkt,14,5,257,9,2,mom
2012-07-01_to_2015-07-01,2012-07-01,2015-07-01,"hml,smb,mom",mkt,14,5,257,9,3,mom
2012-07-01_to_2015-07-01,2012-07-01,2015-07-01,"hml,smb,mom",mkt,14,5,257,9,4,mom
2012-07-01_to_2015-07-01,2012-07-01,2015-07-01,"hml,smb,mom",mkt,14,5,257,9,5,mom
2012-07-01_to_2015-07-01,2012-07-01,2015-07-01,"hml,smb,mom",mkt,14,5,257,9,6,smb
2012-07-01_to_2015-07-01,2012-07-01,2015-07-01,"hml,smb,mom",mkt,14,5,257,9,7,mom
2012-07-01_to_2015-07-01,2012-07-01,2015-07-01,"hml,smb,mom",mkt,14,5,257,9,8,hml
2012-07-01_to_2015-07-01,2012-07-01,2015-07-01,"hml,smb,mom",mkt,14,5,257,9,9,smb
2012-07-01_to_2015-07-01,2012-07-01,2015-07-01,"hml,smb,mom",mkt,14,5,258,9,1,mom
2012-07-01_to_2015-07-01,2012-07-01,2015-07-01,"hml,smb,mom",mkt,14,5,258,9,2,mom
2012-07-01_to_2015-07-01,2012-07-01,2015-07-01,"hml,smb,mom",mkt,14,5,258,9,3,mom
2012-07-01_to_2015-07-01,2012-07-01,2015-07-01,"hml,smb,mom",mkt,14,5,258,9,4,mom
2012-07-01_to_2015-07-01,2012-07-01,2015-07-01,"hml,smb,mom",mkt,14,5,258,9,5,mom
2012-07-01_to_2015-07-01,2012-07-01,2015-07-01,"hml,smb,mom",mkt,14,5,258,9,6,smb
2012-07-01_to_2015-07-01,2012-07-01,2015-07-01,"hml,smb,mom",mkt,14,5,258,9,7,mom
2012-07-01_to_2015-07-01,2012-07-01,2015-07-01,"hml,smb,mom",mkt,14,5,258,9,8,hml
2012-07-01_to_2015-07-01,2012-07-01,2015-07-01,"hml,smb,mom",mkt,14,5,258,9,9,smb
2012-07-01_to_2015-07-01,2012-07-01,2015-07-01,"hml,smb,mom",mkt,14,5,260,9,1,mom
2012-07-01_to_2015-07-01,2012-07-01,2015-07-01,"hml,smb,mom",mkt,14,5,260,9,2,mom
2012-07-01_to_2015-07-01,2012-07-01,2015-07-01,"hml,smb,mom",mkt,14,5,260,9,3,mom
2012-07-01_to_2015-07-01,2012-07-01,2015-07-01,"hml,smb,mom",mkt,14,5,260,9,4,mom
2012-07-01_to_2015-07-01,2012-07-01,2015-07-01,"hml,smb,mom",mkt,14,5,260,9,5,mom
2012-07-01_to_2015-07-01,2012-07-01,2015-07-01,"hml,smb,mom",mkt,14,5,260,9,6,smb
2012-07-01_to_2015-07-01,2012-07-01,2015-07-01,"hml,smb,mom",mkt,14,5,260,9,7,mom
2012-07-01_to_2015-07-01,2012-07-01,2015-07-01,"hml,smb,mom",mkt,14,5,260,9,8,hml
2012-07-01_to_2015-07-01,2012-07-01,2015-07-01,"hml,smb,mom",mkt,14,5,260,9,9,hml
2012-07-01_to_2015-07-01,2012-07-01,2015-07-01,"hml,smb,mom",mkt,14,5,261,9,1,mom
2012-07-01_to_2015-07-01,2012-07-01,2015-07-01,"hml,smb,mom",mkt,14,5,261,9,2,mom
2012-07-01_to_2015-07-01,2012-07-01,2015-07-01,"hml,smb,mom",mkt,14,5,261,9,3,mom
2012-07-01_to_2015-07-01,2012-07-01,2015-07-01,"hml,smb,mom",mkt,14,5,261,9,4,mom
2012-07-01_to_2015-07-01,2012-07-01,2015-07-01,"hml,smb,mom",mkt,14,5,261,9,5,mom
2012-07-01_to_2015-07-01,2012-07-01,2015-07-01,"hml,smb,mom",mkt,14,5,261,9,6,smb
2012-07-01_to_2015-07-01,2012-07-01,2015-07-01,"hml,smb,mom",mkt,14,5,261,9,7,mom
2012-07-01_to_2015-07-01,2012-07-01,2015-07-01,"hml,smb,mom",mkt,14,5,261,9,8,hml
2012-07-01_to_2015-07-01,2012-07-01,2015-07-01,"hml,smb,mom",mkt,14,5,261,9,9,hml
2012-07-01_to_2015-07-01,2012-07-01,2015-07-01,"hml,smb,mom",mkt,14,5,263,7,1,mom
2012-07-01_to_2015-07-01,2012-07-01,2015-07-01,"hml,smb,mom",mkt,14,5,263,7,2,mom
2012-07-01_to_2015-07-01,2012-07-01,2015-07-01,"hml,smb,mom",mkt,14,5,263,7,3,mom
2012-07-01_to_2015-07-01,2012-07-01,2015-07-01,"hml,smb,mom",mkt,14,5,263,7,4,mom
2012-07-01_to_2015-07-01,2012-07-01,2015-07-01,"hml,smb,mom",mkt,14,5,263,7,5,mom
2012-07-01_to_2015-07-01,2012-07-01,2015-07-01,"hml,smb,mom",mkt,14,5,263,7,6,smb
2012-07-01_to_2015-07-01,2012-07-01,2015-07-01,"hml,smb,mom",mkt,14,5,263,7,7,mom
2012-07-01_to_2015-07-01,2012-07-01,2015-07-01,"hml,smb,mom",mkt,14,5,265,8,1,mom
2012-07-01_to_2015-07-01,2012-07-01,2015-07-01,"hml,smb,mom",mkt,14,5,265,8,2,mom
2012-07-01_to_2015-07-01,2012-07-01,2015-07-01,"hml,smb,mom",mkt,14,5,265,8,3,mom
2012-07-01_to_2015-07-01,2012-07-01,2015-07-01,"hml,smb,mom",mkt,14,5,265,8,4,mom
2012-07-01_to_2015-07-01,2012-07-01,2015-07-01,"hml,smb,mom",mkt,14,5,265,8,5,mom
2012-07-01_to_2015-07-01,2012-07-01,2015-07-01,"hml,smb,mom",mkt,14,5,265,8,6,smb
2012-07-01_to_2015-07-01,2012-07-01,2015-07-01,"hml,smb,mom",mkt,14,5,265,8,7,mom
2012-07-01_to_2015-07-01,2012-07-01,2015-07-01,"hml,smb,mom",mkt,14,5,265,8,8,hml
2012-07-01_to_2015-07-01,2012-07-01,2015-07-01,"hml,smb,mom",mkt,14,5,266,8,1,mom
2012-07-01_to_2015-07-01,2012-07-01,2015-07-01,"hml,smb,mom",mkt,14,5,266,8,2,mom
2012-07-01_to_2015-07-01,2012-07-01,2015-07-01,"hml,smb,mom",mkt,14,5,266,8,3,mom
2012-07-01_to_2015-07-01,2012-07-01,2015-07-01,"hml,smb,mom",mkt,14,5,266,8,4,mom
2012-07-01_to_2015-07-01,2012-07-01,2015-07-01,"hml,smb,mom",mkt,14,5,266,8,5,mom
2012-07-01_to_2015-07-01,2012-07-01,2015-07-01,"hml,smb,mom",mkt,14,5,266,8,6,smb
2012-07-01_to_2015-07-01,2012-07-01,2015-07-01,"hml,smb,mom",mkt,14,5,266,8,7,mom
2012-07-01_to_2015-07-01,2012-07-01,2015-07-01,"hml,smb,mom",mkt,14,5,266,8,8,hml
2012-07-01_to_2015-07-01,2012-07-01,2015-07-01,"hml,smb,mom",mkt,14,5,268,6,1,mom
2012-07-01_to_2015-07-01,2012-07-01,2015-07-01,"hml,smb,mom",mkt,14,5,268,6,2,mom
2012-07-01_to_2015-07-01,2012-07-01,2015-07-01,"hml,smb,mom",mkt,14,5,268,6,3,mom
2012-07-01_to_2015-07-01,2012-07-01,2015-07-01,"hml,smb,mom",mkt,14,5,268,6,4,mom
2012-07-01_to_2015-07-01,2012-07-01,2015-07-01,"hml,smb,mom",mkt,14,5,268,6,5,mom
2012-07-01_to_2015-07-01,2012-07-01,2015-07-01,"hml,smb,mom",mkt,14,5,268,6,6,smb
2012-07-01_to_2015-07-01,2012-07-01,2015-07-01,"hml,smb,mom",mkt,14,5,270,7,1,mom
2012-07-01_to_2015-07-01,2012-07-01,2015-07-01,"hml,smb,mom",mkt,14,5,270,7,2,mom
2012-07-01_to_2015-07-01,2012-07-01,2015-07-01,"hml,smb,mom",mkt,14,5,270,7,3,mom
2012-07-01_to_2015-07-01,2012-07-01,2015-07-01,"hml,smb,mom",mkt,14,5,270,7,4,mom
2012-07-01_to_2015-07-01,2012-07-01,2015-07-01,"hml,smb,mom",mkt,14,5,270,7,5,mom
2012-07-01_to_2015-07-01,2012-07-01,2015-07-01,"hml,smb,mom",mkt,14,5,270,7,6,smb
2012-07-01_to_2015-07-01,2012-07-01,2015-07-01,"hml,smb,mom",mkt,14,5,270,7,7,mom
2012-07-01_to_2015-07-01,2012-07-01,2015-07-01,"hml,smb,mom",mkt,14,5,272,8,1,mom
2012-07-01_to_2015-07-01,2012-07-01,2015-07-01,"hml,smb,mom",mkt,14,5,272,8,2,mom
2012-07-01_to_2015-07-01,2012-07-01,2015-07-01,"hml,smb,mom",mkt,14,5,272,8,3,mom
2012-07-01_to_2015-07-01,2012-07-01,2015-07-01,"hml,smb,mom",mkt,14,5,272,8,4,mom
2012-07-01_to_2015-07-01,2012-07-01,2015-07-01,"hml,smb,mom",mkt,14,5,272,8,5,mom
2012-07-01_to_2015-07-01,2012-07-01,2015-07-01,"hml,smb,mom",mkt,14,5,272,8,6,smb
2012-07-01_to_2015-07-01,2012-07-01,2015-07-01,"hml,smb,mom",mkt,14,5,272,8,7,mom
2012-07-01_to_2015-07-01,2012-07-01,2015-07-01,"hml,smb,mom",mkt,14,5,272,8,8,hml
2012-07-01_to_2015-07-01,2012-07-01,2015-07-01,"hml,smb,mom",mkt,14,5,275,10,1,mom
2012-07-01_to_2015-07-01,2012-07-01,2015-07-01,"hml,smb,mom",mkt,14,5,275,10,2,mom
2012-07-01_to_2015-07-01,2012-07-01,2015-07-01,"hml,smb,mom",mkt,14,5,275,10,3,mom
2012-07-01_to_2015-07-01,2012-07-01,2015-07-01,"hml,smb,mom",mkt,14,5,275,10,4,mom
2012-07-01_to_2015-07-01,2012-07-01,2015-07-01,"hml,smb,mom",mkt,14,5,275,10,5,mom
2012-07-01_to_2015-07-01,2012-07-01,2015-07-01,"hml,smb,mom",mkt,14,5,275,10,6,smb
2012-07-01_to_2015-07-01,2012-07-01,2015-07-01,"hml,smb,mom",mkt,14,5,275,10,7,mom
2012-07-01_to_2015-07-01,2012-07-01,2015-07-01,"hml,smb,mom",mkt,14,5,275,10,8,hml
2012-07-01_to_2015-07-01,2012-07-01,2015-07-01,"hml,smb,mom",mkt,14,5,275,10,9,hml
2012-07-01_to_2015-07-01,2012-07-01,2015-07-01,"hml,smb,mom",mkt,14,5,275,10,10,hml
2012-07-01_to_2015-07-01,2012-07-01,2015-07-01,"hml,smb,mom",mkt,14,5,276,10,1,mom
2012-07-01_to_2015-07-01,2012-07-01,2015-07-01,"hml,smb,mom",mkt,14,5,276,10,2,mom
2012-07-01_to_2015-07-01,2012-07-01,2015-07-01,"hml,smb,mom",mkt,14,5,276,10,3,mom
2012-07-01_to_2015-07-01,2012-07-01,2015-07-01,"hml,smb,mom",mkt,14,5,276,10,4,mom
2012-07-01_to_2015-07-01,2012-07-01,2015-07-01,"hml,smb,mom",mkt,14,5,276,10,5,mom
2012-07-01_to_2015-07-01,2012-07-01,2015-07-01,"hml,smb,mom",mkt,14,5,276,10,6,smb
2012-07-01_to_2015-07-01,2012-07-01,2015-07-01,"hml,smb,mom",mkt,14,5,276,10,7,mom
2012-07-01_to_2015-07-01,2012-07-01,2015-07-01,"hml,smb,mom",mkt,14,5,276,10,8,hml
2012-07-01_to_2015-07-01,2012-07-01,2015-07-01,"hml,smb,mom",mkt,14,5,276,10,9,hml
2012-07-01_to_2015-07-01,2012-07-01,2015-07-01,"hml,smb,mom",mkt,14,5,276,10,10,hml
2012-07-01_to_2015-07-01,2012-07-01,2015-07-01,"hml,smb,mom",mkt,14,5,278,10,1,mom
2012-07-01_to_2015-07-01,2012-07-01,2015-07-01,"hml,smb,mom",mkt,14,5,278,10,2,mom
2012-07-01_to_2015-07-01,2012-07-01,2015-07-01,"hml,smb,mom",mkt,14,5,278,10,3,mom
2012-07-01_to_2015-07-01,2012-07-01,2015-07-01,"hml,smb,mom",mkt,14,5,278,10,4,mom
2012-07-01_to_2015-07-01,2012-07-01,2015-07-01,"hml,smb,mom",mkt,14,5,278,10,5,mom
2012-07-01_to_2015-07-01,2012-07-01,2015-07-01,"hml,smb,mom",mkt,14,5,278,10,6,smb
2012-07-01_to_2015-07-01,2012-07-01,2015-07-01,"hml,smb,mom",mkt,14,5,278,10,7,mom
2012-07-01_to_2015-07-01,2012-07-01,2015-07-01,"hml,smb,mom",mkt,14,5,278,10,8,hml
2012-07-01_to_2015-07-01,2012-07-01,2015-07-01,"hml,smb,mom",mkt,14,5,278,10,9,hml
2012-07-01_to_2015-07-01,2012-07-01,2015-07-01,"hml,smb,mom",mkt,14,5,278,10,10,smb
2012-07-01_to_2015-07-01,2012-07-01,2015-07-01,"hml,smb,mom",mkt,14,5,279,10,1,mom
2012-07-01_to_2015-07-01,2012-07-01,2015-07-01,"hml,smb,mom",mkt,14,5,279,10,2,mom
2012-07-01_to_2015-07-01,2012-07-01,2015-07-01,"hml,smb,mom",mkt,14,5,279,10,3,mom
2012-07-01_to_2015-07-01,2012-07-01,2015-07-01,"hml,smb,mom",mkt,14,5,279,10,4,mom
2012-07-01_to_2015-07-01,2012-07-01,2015-07-01,"hml,smb,mom",mkt,14,5,279,10,5,mom
2012-07-01_to_2015-07-01,2012-07-01,2015-07-01,"hml,smb,mom",mkt,14,5,279,10,6,smb
2012-07-01_to_2015-07-01,2012-07-01,2015-07-01,"hml,smb,mom",mkt,14,5,279,10,7,mom
2012-07-01_to_2015-07-01,2012-07-01,2015-07-01,"hml,smb,mom",mkt,14,5,279,10,8,hml
2012-07-01_to_2015-07-01,2012-07-01,2015-07-01,"hml,smb,mom",mkt,14,5,279,10,9,hml
2012-07-01_to_2015-07-01,2012-07-01,2015-07-01,"hml,smb,mom",mkt,14,5,279,10,10,smb
2012-07-01_to_2015-07-01,2012-07-01,2015-07-01,"hml,smb,mom",mkt,14,5,283,7,1,mom
2012-07-01_to_2015-07-01,2012-07-01,2015-07-01,"hml,smb,mom",mkt,14,5,283,7,2,mom
2012-07-01_to_2015-07-01,2012-07-01,2015-07-01,"hml,smb,mom",mkt,14,5,283,7,3,mom
2012-07-01_to_2015-07-01,2012-07-01,2015-07-01,"hml,smb,mom",mkt,14,5,283,7,4,mom
2012-07-01_to_2015-07-01,2012-07-01,2015-07-01,"hml,smb,mom",mkt,14,5,283,7,5,mom
2012-07-01_to_2015-07-01,2012-07-01,2015-07-01,"hml,smb,mom",mkt,14,5,283,7,6,mom
2012-07-01_to_2015-07-01,2012-07-01,2015-07-01,"hml,smb,mom",mkt,14,5,283,7,7,smb
2012-07-01_to_2015-07-01,2012-07-01,2015-07-01,"hml,smb,mom",mkt,14,5,285,8,1,mom
2012-07-01_to_2015-07-01,2012-07-01,2015-07-01,"hml,smb,mom",mkt,14,5,285,8,2,mom
2012-07-01_to_2015-07-01,2012-07-01,2015-07-01,"hml,smb,mom",mkt,14,5,285,8,3,mom
2012-07-01_to_2015-07-01,2012-07-01,2015-07-01,"hml,smb,mom",mkt,14,5,285,8,4,mom
2012-07-01_to_2015-07-01,2012-07-01,2015-07-01,"hml,smb,mom",mkt,14,5,285,8,5,mom
2012-07-01_to_2015-07-01,2012-07-01,2015-07-01,"hml,smb,mom",mkt,14,5,285,8,6,mom
2012-07-01_to_2015-07-01,2012-07-01,2015-07-01,"hml,smb,mom",mkt,14,5,285,8,7,smb
2012-07-01_to_2015-07-01,2012-07-01,2015-07-01,"hml,smb,mom",mkt,14,5,285,8,8,mom
2012-07-01_to_2015-07-01,2012-07-01,2015-07-01,"hml,smb,mom",mkt,14,5,286,8,1,mom
2012-07-01_to_2015-07-01,2012-07-01,2015-07-01,"hml,smb,mom",mkt,14,5,286,8,2,mom
2012-07-01_to_2015-07-01,2012-07-01,2015-07-01,"hml,smb,mom",mkt,14,5,286,8,3,mom
2012-07-01_to_2015-07-01,2012-07-01,2015-07-01,"hml,smb,mom",mkt,14,5,286,8,4,mom
2012-07-01_to_2015-07-01,2012-07-01,2015-07-01,"hml,smb,mom",mkt,14,5,286,8,5,mom
2012-07-01_to_2015-07-01,2012-07-01,2015-07-01,"hml,smb,mom",mkt,14,5,286,8,6,mom
2012-07-01_to_2015-07-01,2012-07-01,2015-07-01,"hml,smb,mom",mkt,14,5,286,8,7,smb
2012-07-01_to_2015-07-01,2012-07-01,2015-07-01,"hml,smb,mom",mkt,14,5,286,8,8,mom
2012-07-01_to_2015-07-01,2012-07-01,2015-07-01,"hml,smb,mom",mkt,14,5,289,8,1,mom
2012-07-01_to_2015-07-01,2012-07-01,2015-07-01,"hml,smb,mom",mkt,14,5,289,8,2,mom
2012-07-01_to_2015-07-01,2012-07-01,2015-07-01,"hml,smb,mom",mkt,14,5,289,8,3,mom
2012-07-01_to_2015-07-01,2012-07-01,2015-07-01,"hml,smb,mom",mkt,14,5,289,8,4,mom
2012-07-01_to_2015-07-01,2012-07-01,2015-07-01,"hml,smb,mom",mkt,14,5,289,8,5,mom
2012-07-01_to_2015-07-01,2012-07-01,2015-07-01,"hml,smb,mom",mkt,14,5,289,8,6,mom
2012-07-01_to_2015-07-01,2012-07-01,2015-07-01,"hml,smb,mom",mkt,14,5,289,8,7,mom
2012-07-01_to_2015-07-01,2012-07-01,2015-07-01,"hml,smb,mom",mkt,14,5,289,8,8,hml
2012-07-01_to_2015-07-01,2012-07-01,2015-07-01,"hml,smb,mom",mkt,14,5,290,8,1,mom
2012-07-01_to_2015-07-01,2012-07-01,2015-07-01,"hml,smb,mom",mkt,14,5,290,8,2,mom
2012-07-01_to_2015-07-01,2012-07-01,2015-07-01,"hml,smb,mom",mkt,14,5,290,8,3,mom
2012-07-01_to_2015-07-01,2012-07-01,2015-07-01,"hml,smb,mom",mkt,14,5,290,8,4,mom
2012-07-01_to_2015-07-01,2012-07-01,2015-07-01,"hml,smb,mom",mkt,14,5,290,8,5,mom
2012-07-01_to_2015-07-01,2012-07-01,2015-07-01,"hml,smb,mom",mkt,14,5,290,8,6,mom
2012-07-01_to_2015-07-01,2012-07-01,2015-07-01,"hml,smb,mom",mkt,14,5,290,8,7,mom
2012-07-01_to_2015-07-01,2012-07-01,2015-07-01,"hml,smb,mom",mkt,14,5,290,8,8,hml
2012-07-01_to_2015-07-01,2012-07-01,2015-07-01,"hml,smb,mom",mkt,14,5,292,8,1,mom
2012-07-01_to_2015-07-01,2012-07-01,2015-07-01,"hml,smb,mom",mkt,14,5,292,8,2,mom
2012-07-01_to_2015-07-01,2012-07-01,2015-07-01,"hml,smb,mom",mkt,14,5,292,8,3,mom
2012-07-01_to_2015-07-01,2012-07-01,2015-07-01,"hml,smb,mom",mkt,14,5,292,8,4,mom
2012-07-01_to_2015-07-01,2012-07-01,2015-07-01,"hml,smb,mom",mkt,14,5,292,8,5,mom
2012-07-01_to_2015-07-01,2012-07-01,2015-07-01,"hml,smb,mom",mkt,14,5,292,8,6,mom
2012-07-01_to_2015-07-01,2012-07-01,2015-07-01,"hml,smb,mom",mkt,14,5,292,8,7,mom
2012-07-01_to_2015-07-01,2012-07-01,2015-07-01,"hml,smb,mom",mkt,14,5,292,8,8,smb
2012-07-01_to_2015-07-01,2012-07-01,2015-07-01,"hml,smb,mom",mkt,14,5,293,8,1,mom
2012-07-01_to_2015-07-01,2012-07-01,2015-07-01,"hml,smb,mom",mkt,14,5,293,8,2,mom
2012-07-01_to_2015-07-01,2012-07-01,2015-07-01,"hml,smb,mom",mkt,14,5,293,8,3,mom
2012-07-01_to_2015-07-01,2012-07-01,2015-07-01,"hml,smb,mom",mkt,14,5,293,8,4,mom
2012-07-01_to_2015-07-01,2012-07-01,2015-07-01,"hml,smb,mom",mkt,14,5,293,8,5,mom
2012-07-01_to_2015-07-01,2012-07-01,2015-07-01,"hml,smb,mom",mkt,14,5,293,8,6,mom
2012-07-01_to_2015-07-01,2012-07-01,2015-07-01,"hml,smb,mom",mkt,14,5,293,8,7,mom
2012-07-01_to_2015-07-01,2012-07-01,2015-07-01,"hml,smb,mom",mkt,14,5,293,8,8,smb
2012-07-01_to_2015-07-01,2012-07-01,2015-07-01,"hml,smb,mom",mkt,14,5,297,8,1,mom
2012-07-01_to_2015-07-01,2012-07-01,2015-07-01,"hml,smb,mom",mkt,14,5,297,8,2,mom
2012-07-01_to_2015-07-01,2012-07-01,2015-07-01,"hml,smb,mom",mkt,14,5,297,8,3,mom
2012-07-01_to_2015-07-01,2012-07-01,2015-07-01,"hml,smb,mom",mkt,14,5,297,8,4,mom
2012-07-01_to_2015-07-01,2012-07-01,2015-07-01,"hml,smb,mom",mkt,14,5,297,8,5,mom
2012-07-01_to_2015-07-01,2012-07-01,2015-07-01,"hml,smb,mom",mkt,14,5,297,8,6,smb
2012-07-01_to_2015-07-01,2012-07-01,2015-07-01,"hml,smb,mom",mkt,14,5,297,8,7,smb
2012-07-01_to_2015-07-01,2012-07-01,2015-07-01,"hml,smb,mom",mkt,14,5,297,8,8,smb
2012-07-01_to_2015-07-01,2012-07-01,2015-07-01,"hml,smb,mom",mkt,14,5,298,8,1,mom
2012-07-01_to_2015-07-01,2012-07-01,2015-07-01,"hml,smb,mom",mkt,14,5,298,8,2,mom
2012-07-01_to_2015-07-01,2012-07-01,2015-07-01,"hml,smb,mom",mkt,14,5,298,8,3,mom
2012-07-01_to_2015-07-01,2012-07-01,2015-07-01,"hml,smb,mom",mkt,14,5,298,8,4,mom
2012-07-01_to_2015-07-01,2012-07-01,2015-07-01,"hml,smb,mom",mkt,14,5,298,8,5,mom
2012-07-01_to_2015-07-01,2012-07-01,2015-07-01,"hml,smb,mom",mkt,14,5,298,8,6,smb
2012-07-01_to_2015-07-01,2012-07-01,2015-07-01,"hml,smb,mom",mkt,14,5,298,8,7,smb
2012-07-01_to_2015-07-01,2012-07-01,2015-07-01,"hml,smb,mom",mkt,14,5,298,8,8,smb
2012-07-01_to_2015-07-01,2012-07-01,2015-07-01,"hml,smb,mom",mkt,14,5,299,7,1,mom
2012-07-01_to_2015-07-01,2012-07-01,2015-07-01,"hml,smb,mom",mkt,14,5,299,7,2,mom
2012-07-01_to_2015-07-01,2012-07-01,2015-07-01,"hml,smb,mom",mkt,14,5,299,7,3,mom
2012-07-01_to_2015-07-01,2012-07-01,2015-07-01,"hml,smb,mom",mkt,14,5,299,7,4,mom
2012-07-01_to_2015-07-01,2012-07-01,2015-07-01,"hml,smb,mom",mkt,14,5,299,7,5,mom
2012-07-01_to_2015-07-01,2012-07-01,2015-07-01,"hml,smb,mom",mkt,14,5,299,7,6,smb
2012-07-01_to_2015-07-01,2012-07-01,2015-07-01,"hml,smb,mom",mkt,14,5,299,7,7,smb
2012-07-01_to_2015-07-01,2012-07-01,2015-07-01,"hml,smb,mom",mkt,14,5,301,7,1,mom
2012-07-01_to_2015-07-01,2012-07-01,2015-07-01,"hml,smb,mom",mkt,14,5,301,7,2,mom
2012-07-01_to_2015-07-01,2012-07-01,2015-07-01,"hml,smb,mom",mkt,14,5,301,7,3,mom
2012-07-01_to_2015-07-01,2012-07-01,2015-07-01,"hml,smb,mom",mkt,14,5,301,7,4,mom
2012-07-01_to_2015-07-01,2012-07-01,2015-07-01,"hml,smb,mom",mkt,14,5,301,7,5,mom
2012-07-01_to_2015-07-01,2012-07-01,2015-07-01,"hml,smb,mom",mkt,14,5,301,7,6,smb
2012-07-01_to_2015-07-01,2012-07-01,2015-07-01,"hml,smb,mom",mkt,14,5,301,7,7,hml
2012-07-01_to_2015-07-01,2012-07-01,2015-07-01,"hml,smb,mom",mkt,14,5,302,7,1,mom
2012-07-01_to_2015-07-01,2012-07-01,2015-07-01,"hml,smb,mom",mkt,14,5,302,7,2,mom
2012-07-01_to_2015-07-01,2012-07-01,2015-07-01,"hml,smb,mom",mkt,14,5,302,7,3,mom
2012-07-01_to_2015-07-01,2012-07-01,2015-07-01,"hml,smb,mom",mkt,14,5,302,7,4,mom
2012-07-01_to_2015-07-01,2012-07-01,2015-07-01,"hml,smb,mom",mkt,14,5,302,7,5,mom
2012-07-01_to_2015-07-01,2012-07-01,2015-07-01,"hml,smb,mom",mkt,14,5,302,7,6,smb
2012-07-01_to_2015-07-01,2012-07-01,2015-07-01,"hml,smb,mom",mkt,14,5,302,7,7,hml
2012-07-01_to_2015-07-01,2012-07-01,2015-07-01,"hml,smb,mom",mkt,14,5,304,4,1,mom
2012-07-01_to_2015-07-01,2012-07-01,2015-07-01,"hml,smb,mom",mkt,14,5,304,4,2,mom
2012-07-01_to_2015-07-01,2012-07-01,2015-07-01,"hml,smb,mom",mkt,14,5,304,4,3,mom
2012-07-01_to_2015-07-01,2012-07-01,2015-07-01,"hml,smb,mom",mkt,14,5,304,4,4,hml
2012-07-01_to_2015-07-01,2012-07-01,2015-07-01,"hml,smb,mom",mkt,14,5,305,4,1,mom
2012-07-01_to_2015-07-01,2012-07-01,2015-07-01,"hml,smb,mom",mkt,14,5,305,4,2,mom
2012-07-01_to_2015-07-01,2012-07-01,2015-07-01,"hml,smb,mom",mkt,14,5,305,4,3,mom
2012-07-01_to_2015-07-01,2012-07-01,2015-07-01,"hml,smb,mom",mkt,14,5,305,4,4,hml
2012-07-01_to_2015-07-01,2012-07-01,2015-07-01,"hml,smb,mom",mkt,14,5,307,2,1,mom
2012-07-01_to_2015-07-01,2012-07-01,2015-07-01,"hml,smb,mom",mkt,14,5,307,2,2,hml
2012-07-01_to_2015-07-01,2012-07-01,2015-07-01,"hml,smb,mom",mkt,14,5,308,2,1,mom
2012-07-01_to_2015-07-01,2012-07-01,2015-07-01,"hml,smb,mom",mkt,14,5,308,2,2,hml
2013-01-01_to_2016-01-01,2013-01-01,2016-01-01,"hml,smb,mom",mkt,14,5,7,7,1,mom
2013-01-01_to_2016-01-01,2013-01-01,2016-01-01,"hml,smb,mom",mkt,14,5,7,7,2,mom
2013-01-01_to_2016-01-01,2013-01-01,2016-01-01,"hml,smb,mom",mkt,14,5,7,7,3,mom
2013-01-01_to_2016-01-01,2013-01-01,2016-01-01,"hml,smb,mom",mkt,14,5,7,7,4,mom
2013-01-01_to_2016-01-01,2013-01-01,2016-01-01,"hml,smb,mom",mkt,14,5,7,7,5,mom
2013-01-01_to_2016-01-01,2013-01-01,2016-01-01,"hml,smb,mom",mkt,14,5,7,7,6,smb
2013-01-01_to_2016-01-01,2013-01-01,2016-01-01,"hml,smb,mom",mkt,14,5,7,7,7,mom
2013-01-01_to_2016-01-01,2013-01-01,2016-01-01,"hml,smb,mom",mkt,14,5,8,7,1,mom
2013-01-01_to_2016-01-01,2013-01-01,2016-01-01,"hml,smb,mom",mkt,14,5,8,7,2,mom
2013-01-01_to_2016-01-01,2013-01-01,2016-01-01,"hml,smb,mom",mkt,14,5,8,7,3,mom
2013-01-01_to_2016-01-01,2013-01-01,2016-01-01,"hml,smb,mom",mkt,14,5,8,7,4,mom
2013-01-01_to_2016-01-01,2013-01-01,2016-01-01,"hml,smb,mom",mkt,14,5,8,7,5,mom
2013-01-01_to_2016-01-01,2013-01-01,2016-01-01,"hml,smb,mom",mkt,14,5,8,7,6,smb
2013-01-01_to_2016-01-01,2013-01-01,2016-01-01,"hml,smb,mom",mkt,14,5,8,7,7,mom
2013-01-01_to_2016-01-01,2013-01-01,2016-01-01,"hml,smb,mom",mkt,14,5,9,6,1,mom
2013-01-01_to_2016-01-01,2013-01-01,2016-01-01,"hml,smb,mom",mkt,14,5,9,6,2,mom
2013-01-01_to_2016-01-01,2013-01-01,2016-01-01,"hml,smb,mom",mkt,14,5,9,6,3,mom
2013-01-01_to_2016-01-01,2013-01-01,2016-01-01,"hml,smb,mom",mkt,14,5,9,6,4,mom
2013-01-01_to_2016-01-01,2013-01-01,2016-01-01,"hml,smb,mom",mkt,14,5,9,6,5,mom
2013-01-01_to_2016-01-01,2013-01-01,2016-01-01,"hml,smb,mom",mkt,14,5,9,6,6,smb
2013-01-01_to_2016-01-01,2013-01-01,2016-01-01,"hml,smb,mom",mkt,14,5,12,7,1,mom
2013-01-01_to_2016-01-01,2013-01-01,2016-01-01,"hml,smb,mom",mkt,14,5,12,7,2,mom
2013-01-01_to_2016-01-01,2013-01-01,2016-01-01,"hml,smb,mom",mkt,14,5,12,7,3,mom
2013-01-01_to_2016-01-01,2013-01-01,2016-01-01,"hml,smb,mom",mkt,14,5,12,7,4,mom
2013-01-01_to_2016-01-01,2013-01-01,2016-01-01,"hml,smb,mom",mkt,14,5,12,7,5,mom
2013-01-01_to_2016-01-01,2013-01-01,2016-01-01,"hml,smb,mom",mkt,14,5,12,7,6,hml
2013-01-01_to_2016-01-01,2013-01-01,2016-01-01,"hml,smb,mom",mkt,14,5,12,7,7,smb
2013-01-01_to_2016-01-01,2013-01-01,2016-01-01,"hml,smb,mom",mkt,14,5,13,7,1,mom
2013-01-01_to_2016-01-01,2013-01-01,2016-01-01,"hml,smb,mom",mkt,14,5,13,7,2,mom
2013-01-01_to_2016-01-01,2013-01-01,2016-01-01,"hml,smb,mom",mkt,14,5,13,7,3,mom
2013-01-01_to_2016-01-01,2013-01-01,2016-01-01,"hml,smb,mom",mkt,14,5,13,7,4,mom
2013-01-01_to_2016-01-01,2013-01-01,2016-01-01,"hml,smb,mom",mkt,14,5,13,7,5,mom
2013-01-01_to_2016-01-01,2013-01-01,2016-01-01,"hml,smb,mom",mkt,14,5,13,7,6,hml
2013-01-01_to_2016-01-01,2013-01-01,2016-01-01,"hml,smb,mom",mkt,14,5,13,7,7,smb
2013-01-01_to_2016-01-01,2013-01-01,2016-01-01,"hml,smb,mom",mkt,14,5,15,7,1,mom
2013-01-01_to_2016-01-01,2013-01-01,2016-01-01,"hml,smb,mom",mkt,14,5,15,7,2,mom
2013-01-01_to_2016-01-01,2013-01-01,2016-01-01,"hml,smb,mom",mkt,14,5,15,7,3,mom
2013-01-01_to_2016-01-01,2013-01-01,2016-01-01,"hml,smb,mom",mkt,14,5,15,7,4,mom
2013-01-01_to_2016-01-01,2013-01-01,2016-01-01,"hml,smb,mom",mkt,14,5,15,7,5,mom
2013-01-01_to_2016-01-01,2013-01-01,2016-01-01,"hml,smb,mom",mkt,14,5,15,7,6,hml
2013-01-01_to_2016-01-01,2013-01-01,2016-01-01,"hml,smb,mom",mkt,14,5,15,7,7,mom
2013-01-01_to_2016-01-01,2013-01-01,2016-01-01,"hml,smb,mom",mkt,14,5,17,8,1,mom
2013-01-01_to_2016-01-01,2013-01-01,2016-01-01,"hml,smb,mom",mkt,14,5,17,8,2,mom
2013-01-01_to_2016-01-01,2013-01-01,2016-01-01,"hml,smb,mom",mkt,14,5,17,8,3,mom
2013-01-01_to_2016-01-01,2013-01-01,2016-01-01,"hml,smb,mom",mkt,14,5,17,8,4,mom
2013-01-01_to_2016-01-01,2013-01-01,2016-01-01,"hml,smb,mom",mkt,14,5,17,8,5,mom
2013-01-01_to_2016-01-01,2013-01-01,2016-01-01,"hml,smb,mom",mkt,14,5,17,8,6,hml
2013-01-01_to_2016-01-01,2013-01-01,2016-01-01,"hml,smb,mom",mkt,14,5,17,8,7,mom
2013-01-01_to_2016-01-01,2013-01-01,2016-01-01,"hml,smb,mom",mkt,14,5,17,8,8,mom
2013-01-01_to_2016-01-01,2013-01-01,2016-01-01,"hml,smb,mom",mkt,14,5,18,8,1,mom
2013-01-01_to_2016-01-01,2013-01-01,2016-01-01,"hml,smb,mom",mkt,14,5,18,8,2,mom
2013-01-01_to_2016-01-01,2013-01-01,2016-01-01,"hml,smb,mom",mkt,14,5,18,8,3,mom
2013-01-01_to_2016-01-01,2013-01-01,2016-01-01,"hml,smb,mom",mkt,14,5,18,8,4,mom
2013-01-01_to_2016-01-01,2013-01-01,2016-01-01,"hml,smb,mom",mkt,14,5,18,8,5,mom
2013-01-01_to_2016-01-01,2013-01-01,2016-01-01,"hml,smb,mom",mkt,14,5,18,8,6,hml
2013-01-01_to_2016-01-01,2013-01-01,2016-01-01,"hml,smb,mom",mkt,14,5,18,8,7,mom
2013-01-01_to_2016-01-01,2013-01-01,2016-01-01,"hml,smb,mom",mkt,14,5,18,8,8,mom
2013-01-01_to_2016-01-01,2013-01-01,2016-01-01,"hml,smb,mom",mkt,14,5,21,6,1,mom
2013-01-01_to_2016-01-01,2013-01-01,2016-01-01,"hml,smb,mom",mkt,14,5,21,6,2,mom
2013-01-01_to_2016-01-01,2013-01-01,2016-01-01,"hml,smb,mom",mkt,14,5,21,6,3,mom
2013-01-01_to_2016-01-01,2013-01-01,2016-01-01,"hml,smb,mom",mkt,14,5,21,6,4,mom
2013-01-01_to_2016-01-01,2013-01-01,2016-01-01,"hml,smb,mom",mkt,14,5,21,6,5,mom
2013-01-01_to_2016-01-01,2013-01-01,2016-01-01,"hml,smb,mom",mkt,14,5,21,6,6,smb
2013-01-01_to_2016-01-01,2013-01-01,2016-01-01,"hml,smb,mom",mkt,14,5,24,8,1,mom
2013-01-01_to_2016-01-01,2013-01-01,2016-01-01,"hml,smb,mom",mkt,14,5,24,8,2,mom
2013-01-01_to_2016-01-01,2013-01-01,2016-01-01,"hml,smb,mom",mkt,14,5,24,8,3,mom
2013-01-01_to_2016-01-01,2013-01-01,2016-01-01,"hml,smb,mom",mkt,14,5,24,8,4,mom
2013-01-01_to_2016-01-01,2013-01-01,2016-01-01,"hml,smb,mom",mkt,14,5,24,8,5,mom
2013-01-01_to_2016-01-01,2013-01-01,2016-01-01,"hml,smb,mom",mkt,14,5,24,8,6,smb
2013-01-01_to_2016-01-01,2013-01-01,2016-01-01,"hml,smb,mom",mkt,14,5,24,8,7,mom
2013-01-01_to_2016-01-01,2013-01-01,2016-01-01,"hml,smb,mom",mkt,14,5,24,8,8,smb
2013-01-01_to_2016-01-01,2013-01-01,2016-01-01,"hml,smb,mom",mkt,14,5,26,9,1,mom
2013-01-01_to_2016-01-01,2013-01-01,2016-01-01,"hml,smb,mom",mkt,14,5,26,9,2,mom
2013-01-01_to_2016-01-01,2013-01-01,2016-01-01,"hml,smb,mom",mkt,14,5,26,9,3,mom
2013-01-01_to_2016-01-01,2013-01-01,2016-01-01,"hml,smb,mom",mkt,14,5,26,9,4,mom
2013-01-01_to_2016-01-01,2013-01-01,2016-01-01,"hml,smb,mom",mkt,14,5,26,9,5,mom
2013-01-01_to_2016-01-01,2013-01-01,2016-01-01,"hml,smb,mom",mkt,14,5,26,9,6,smb
2013-01-01_to_2016-01-01,2013-01-01,2016-01-01,"hml,smb,mom",mkt,14,5,26,9,7,mom
2013-01-01_to_2016-01-01,2013-01-01,2016-01-01,"hml,smb,mom",mkt,14,5,26,9,8,smb
2013-01-01_to_2016-01-01,2013-01-01,2016-01-01,"hml,smb,mom",mkt,14,5,26,9,9,smb
2013-01-01_to_2016-01-01,2013-01-01,2016-01-01,"hml,smb,mom",mkt,14,5,28,10,1,mom
2013-01-01_to_2016-01-01,2013-01-01,2016-01-01,"hml,smb,mom",mkt,14,5,28,10,2,mom
2013-01-01_to_2016-01-01,2013-01-01,2016-01-01,"hml,smb,mom",mkt,14,5,28,10,3,mom
2013-01-01_to_2016-01-01,2013-01-01,2016-01-01,"hml,smb,mom",mkt,14,5,28,10,4,mom
2013-01-01_to_2016-01-01,2013-01-01,2016-01-01,"hml,smb,mom",mkt,14,5,28,10,5,mom
2013-01-01_to_2016-01-01,2013-01-01,2016-01-01,"hml,smb,mom",mkt,14,5,28,10,6,smb
2013-01-01_to_2016-01-01,2013-01-01,2016-01-01,"hml,smb,mom",mkt,14,5,28,10,7,mom
2013-01-01_to_2016-01-01,2013-01-01,2016-01-01,"hml,smb,mom",mkt,14,5,28,10,8,smb
2013-01-01_to_2016-01-01,2013-01-01,2016-01-01,"hml,smb,mom",mkt,14,5,28,10,9,smb
2013-01-01_to_2016-01-01,2013-01-01,2016-01-01,"hml,smb,mom",mkt,14,5,28,10,10,smb
2013-01-01_to_2016-01-01,2013-01-01,2016-01-01,"hml,smb,mom",mkt,14,5,30,11,1,mom
2013-01-01_to_2016-01-01,2013-01-01,2016-01-01,"hml,smb,mom",mkt,14,5,30,11,2,mom
2013-01-01_to_2016-01-01,2013-01-01,2016-01-01,"hml,smb,mom",mkt,14,5,30,11,3,mom
2013-01-01_to_2016-01-01,2013-01-01,2016-01-01,"hml,smb,mom",mkt,14,5,30,11,4,mom
2013-01-01_to_2016-01-01,2013-01-01,2016-01-01,"hml,smb,mom",mkt,14,5,30,11,5,mom
2013-01-01_to_2016-01-01,2013-01-01,2016-01-01,"hml,smb,mom",mkt,14,5,30,11,6,smb
2013-01-01_to_2016-01-01,2013-01-01,2016-01-01,"hml,smb,mom",mkt,14,5,30,11,7,mom
2013-01-01_to_2016-01-01,2013-01-01,2016-01-01,"hml,smb,mom",mkt,14,5,30,11,8,smb
2013-01-01_to_2016-01-01,2013-01-01,2016-01-01,"hml,smb,mom",mkt,14,5,30,11,9,smb
2013-01-01_to_2016-01-01,2013-01-01,2016-01-01,"hml,smb,mom",mkt,14,5,30,11,10,smb
2013-01-01_to_2016-01-01,2013-01-01,2016-01-01,"hml,smb,mom",mkt,14,5,30,11,11,hml
2013-01-01_to_2016-01-01,2013-01-01,2016-01-01,"hml,smb,mom",mkt,14,5,31,11,1,mom
2013-01-01_to_2016-01-01,2013-01-01,2016-01-01,"hml,smb,mom",mkt,14,5,31,11,2,mom
2013-01-01_to_2016-01-01,2013-01-01,2016-01-01,"hml,smb,mom",mkt,14,5,31,11,3,mom
2013-01-01_to_2016-01-01,2013-01-01,2016-01-01,"hml,smb,mom",mkt,14,5,31,11,4,mom
2013-01-01_to_2016-01-01,2013-01-01,2016-01-01,"hml,smb,mom",mkt,14,5,31,11,5,mom
2013-01-01_to_2016-01-01,2013-01-01,2016-01-01,"hml,smb,mom",mkt,14,5,31,11,6,smb
2013-01-01_to_2016-01-01,2013-01-01,2016-01-01,"hml,smb,mom",mkt,14,5,31,11,7,mom
2013-01-01_to_2016-01-01,2013-01-01,2016-01-01,"hml,smb,mom",mkt,14,5,31,11,8,smb
2013-01-01_to_2016-01-01,2013-01-01,2016-01-01,"hml,smb,mom",mkt,14,5,31,11,9,smb
2013-01-01_to_2016-01-01,2013-01-01,2016-01-01,"hml,smb,mom",mkt,14,5,31,11,10,smb
2013-01-01_to_2016-01-01,2013-01-01,2016-01-01,"hml,smb,mom",mkt,14,5,31,11,11,hml
2013-01-01_to_2016-01-01,2013-01-01,2016-01-01,"hml,smb,mom",mkt,14,5,34,9,1,mom
2013-01-01_to_2016-01-01,2013-01-01,2016-01-01,"hml,smb,mom",mkt,14,5,34,9,2,mom
2013-01-01_to_2016-01-01,2013-01-01,2016-01-01,"hml,smb,mom",mkt,14,5,34,9,3,mom
2013-01-01_to_2016-01-01,2013-01-01,2016-01-01,"hml,smb,mom",mkt,14,5,34,9,4,mom
2013-01-01_to_2016-01-01,2013-01-01,2016-01-01,"hml,smb,mom",mkt,14,5,34,9,5,mom
2013-01-01_to_2016-01-01,2013-01-01,2016-01-01,"hml,smb,mom",mkt,14,5,34,9,6,smb
2013-01-01_to_2016-01-01,2013-01-01,2016-01-01,"hml,smb,mom",mkt,14,5,34,9,7,mom
2013-01-01_to_2016-01-01,2013-01-01,2016-01-01,"hml,smb,mom",mkt,14,5,34,9,8,hml
2013-01-01_to_2016-01-01,2013-01-01,2016-01-01,"hml,smb,mom",mkt,14,5,34,9,9,hml
2013-01-01_to_2016-01-01,2013-01-01,2016-01-01,"hml,smb,mom",mkt,14,5,36,10,1,mom
2013-01-01_to_2016-01-01,2013-01-01,2016-01-01,"hml,smb,mom",mkt,14,5,36,10,2,mom
2013-01-01_to_2016-01-01,2013-01-01,2016-01-01,"hml,smb,mom",mkt,14,5,36,10,3,mom
2013-01-01_to_2016-01-01,2013-01-01,2016-01-01,"hml,smb,mom",mkt,14,5,36,10,4,mom
2013-01-01_to_2016-01-01,2013-01-01,2016-01-01,"hml,smb,mom",mkt,14,5,36,10,5,mom
2013-01-01_to_2016-01-01,2013-01-01,2016-01-01,"hml,smb,mom",mkt,14,5,36,10,6,smb
2013-01-01_to_2016-01-01,2013-01-01,2016-01-01,"hml,smb,mom",mkt,14,5,36,10,7,mom
2013-01-01_to_2016-01-01,2013-01-01,2016-01-01,"hml,smb,mom",mkt,14,5,36,10,8,hml
2013-01-01_to_2016-01-01,2013-01-01,2016-01-01,"hml,smb,mom",mkt,14,5,36,10,9,hml
2013-01-01_to_2016-01-01,2013-01-01,2016-01-01,"hml,smb,mom",mkt,14,5,36,10,10,smb
2013-01-01_to_2016-01-01,2013-01-01,2016-01-01,"hml,smb,mom",mkt,14,5,37,10,1,mom
2013-01-01_to_2016-01-01,2013-01-01,2016-01-01,"hml,smb,mom",mkt,14,5,37,10,2,mom
2013-01-01_to_2016-01-01,2013-01-01,2016-01-01,"hml,smb,mom",mkt,14,5,37,10,3,mom
2013-01-01_to_2016-01-01,2013-01-01,2016-01-01,"hml,smb,mom",mkt,14,5,37,10,4,mom
2013-01-01_to_2016-01-01,2013-01-01,2016-01-01,"hml,smb,mom",mkt,14,5,37,10,5,mom
2013-01-01_to_2016-01-01,2013-01-01,2016-01-01,"hml,smb,mom",mkt,14,5,37,10,6,smb
2013-01-01_to_2016-01-01,2013-01-01,2016-01-01,"hml,smb,mom",mkt,14,5,37,10,7,mom
2013-01-01_to_2016-01-01,2013-01-01,2016-01-01,"hml,smb,mom",mkt,14,5,37,10,8,hml
2013-01-01_to_2016-01-01,2013-01-01,2016-01-01,"hml,smb,mom",mkt,14,5,37,10,9,hml
2013-01-01_to_2016-01-01,2013-01-01,2016-01-01,"hml,smb,mom",mkt,14,5,37,10,10,smb
2013-01-01_to_2016-01-01,2013-01-01,2016-01-01,"hml,smb,mom",mkt,14,5,40,10,1,mom
2013-01-01_to_2016-01-01,2013-01-01,2016-01-01,"hml,smb,mom",mkt,14,5,40,10,2,mom
2013-01-01_to_2016-01-01,2013-01-01,2016-01-01,"hml,smb,mom",mkt,14,5,40,10,3,mom
2013-01-01_to_2016-01-01,2013-01-01,2016-01-01,"hml,smb,mom",mkt,14,5,40,10,4,mom
2013-01-01_to_2016-01-01,2013-01-01,2016-01-01,"hml,smb,mom",mkt,14,5,40,10,5,mom
2013-01-01_to_2016-01-01,2013-01-01,2016-01-01,"hml,smb,mom",mkt,14,5,40,10,6,smb
2013-01-01_to_2016-01-01,2013-01-01,2016-01-01,"hml,smb,mom",mkt,14,5,40,10,7,mom
2013-01-01_to_2016-01-01,2013-01-01,2016-01-01,"hml,smb,mom",mkt,14,5,40,10,8,hml
2013-01-01_to_2016-01-01,2013-01-01,2016-01-01,"hml,smb,mom",mkt,14,5,40,10,9,smb
2013-01-01_to_2016-01-01,2013-01-01,2016-01-01,"hml,smb,mom",mkt,14,5,40,10,10,smb
2013-01-01_to_2016-01-01,2013-01-01,2016-01-01,"hml,smb,mom",mkt,14,5,41,10,1,mom
2013-01-01_to_2016-01-01,2013-01-01,2016-01-01,"hml,smb,mom",mkt,14,5,41,10,2,mom
2013-01-01_to_2016-01-01,2013-01-01,2016-01-01,"hml,smb,mom",mkt,14,5,41,10,3,mom
2013-01-01_to_2016-01-01,2013-01-01,2016-01-01,"hml,smb,mom",mkt,14,5,41,10,4,mom
2013-01-01_to_2016-01-01,2013-01-01,2016-01-01,"hml,smb,mom",mkt,14,5,41,10,5,mom
2013-01-01_to_2016-01-01,2013-01-01,2016-01-01,"hml,smb,mom",mkt,14,5,41,10,6,smb
2013-01-01_to_2016-01-01,2013-01-01,2016-01-01,"hml,smb,mom",mkt,14,5,41,10,7,mom
2013-01-01_to_2016-01-01,2013-01-01,2016-01-01,"hml,smb,mom",mkt,14,5,41,10,8,hml
2013-01-01_to_2016-01-01,2013-01-01,2016-01-01,"hml,smb,mom",mkt,14,5,41,10,9,smb
2013-01-01_to_2016-01-01,2013-01-01,2016-01-01,"hml,smb,mom",mkt,14,5,41,10,10,smb
2013-01-01_to_2016-01-01,2013-01-01,2016-01-01,"hml,smb,mom",mkt,14,5,42,9,1,mom
2013-01-01_to_2016-01-01,2013-01-01,2016-01-01,"hml,smb,mom",mkt,14,5,42,9,2,mom
2013-01-01_to_2016-01-01,2013-01-01,2016-01-01,"hml,smb,mom",mkt,14,5,42,9,3,mom
2013-01-01_to_2016-01-01,2013-01-01,2016-01-01,"hml,smb,mom",mkt,14,5,42,9,4,mom
2013-01-01_to_2016-01-01,2013-01-01,2016-01-01,"hml,smb,mom",mkt,14,5,42,9,5,mom
2013-01-01_to_2016-01-01,2013-01-01,2016-01-01,"hml,smb,mom",mkt,14,5,42,9,6,smb
2013-01-01_to_2016-01-01,2013-01-01,2016-01-01,"hml,smb,mom",mkt,14,5,42,9,7,mom
2013-01-01_to_2016-01-01,2013-01-01,2016-01-01,"hml,smb,mom",mkt,14,5,42,9,8,hml
2013-01-01_to_2016-01-01,2013-01-01,2016-01-01,"hml,smb,mom",mkt,14,5,42,9,9,smb
2013-01-01_to_2016-01-01,2013-01-01,2016-01-01,"hml,smb,mom",mkt,14,5,45,7,1,mom
2013-01-01_to_2016-01-01,2013-01-01,2016-01-01,"hml,smb,mom",mkt,14,5,45,7,2,mom
2013-01-01_to_2016-01-01,2013-01-01,2016-01-01,"hml,smb,mom",mkt,14,5,45,7,3,mom
2013-01-01_to_2016-01-01,2013-01-01,2016-01-01,"hml,smb,mom",mkt,14,5,45,7,4,mom
2013-01-01_to_2016-01-01,2013-01-01,2016-01-01,"hml,smb,mom",mkt,14,5,45,7,5,mom
2013-01-01_to_2016-01-01,2013-01-01,2016-01-01,"hml,smb,mom",mkt,14,5,45,7,6,smb
2013-01-01_to_2016-01-01,2013-01-01,2016-01-01,"hml,smb,mom",mkt,14,5,45,7,7,hml
2013-01-01_to_2016-01-01,2013-01-01,2016-01-01,"hml,smb,mom",mkt,14,5,46,7,1,mom
2013-01-01_to_2016-01-01,2013-01-01,2016-01-01,"hml,smb,mom",mkt,14,5,46,7,2,mom
2013-01-01_to_2016-01-01,2013-01-01,2016-01-01,"hml,smb,mom",mkt,14,5,46,7,3,mom
2013-01-01_to_2016-01-01,2013-01-01,2016-01-01,"hml,smb,mom",mkt,14,5,46,7,4,mom
2013-01-01_to_2016-01-01,2013-01-01,2016-01-01,"hml,smb,mom",mkt,14,5,46,7,5,mom
2013-01-01_to_2016-01-01,2013-01-01,2016-01-01,"hml,smb,mom",mkt,14,5,46,7,6,smb
2013-01-01_to_2016-01-01,2013-01-01,2016-01-01,"hml,smb,mom",mkt,14,5,46,7,7,hml
2013-01-01_to_2016-01-01,2013-01-01,2016-01-01,"hml,smb,mom",mkt,14,5,50,9,1,mom
2013-01-01_to_2016-01-01,2013-01-01,2016-01-01,"hml,smb,mom",mkt,14,5,50,9,2,mom
2013-01-01_to_2016-01-01,2013-01-01,2016-01-01,"hml,smb,mom",mkt,14,5,50,9,3,mom
2013-01-01_to_2016-01-01,2013-01-01,2016-01-01,"hml,smb,mom",mkt,14,5,50,9,4,mom
2013-01-01_to_2016-01-01,2013-01-01,2016-01-01,"hml,smb,mom",mkt,14,5,50,9,5,mom
2013-01-01_to_2016-01-01,2013-01-01,2016-01-01,"hml,smb,mom",mkt,14,5,50,9,6,smb
2013-01-01_to_2016-01-01,2013-01-01,2016-01-01,"hml,smb,mom",mkt,14,5,50,9,7,smb
2013-01-01_to_2016-01-01,2013-01-01,2016-01-01,"hml,smb,mom",mkt,14,5,50,9,8,mom
2013-01-01_to_2016-01-01,2013-01-01,2016-01-01,"hml,smb,mom",mkt,14,5,50,9,9,smb
2013-01-01_to_2016-01-01,2013-01-01,2016-01-01,"hml,smb,mom",mkt,14,5,51,9,1,mom
2013-01-01_to_2016-01-01,2013-01-01,2016-01-01,"hml,smb,mom",mkt,14,5,51,9,2,mom
2013-01-01_to_2016-01-01,2013-01-01,2016-01-01,"hml,smb,mom",mkt,14,5,51,9,3,mom
2013-01-01_to_2016-01-01,2013-01-01,2016-01-01,"hml,smb,mom",mkt,14,5,51,9,4,mom
2013-01-01_to_2016-01-01,2013-01-01,2016-01-01,"hml,smb,mom",mkt,14,5,51,9,5,mom
2013-01-01_to_2016-01-01,2013-01-01,2016-01-01,"hml,smb,mom",mkt,14,5,51,9,6,smb
2013-01-01_to_2016-01-01,2013-01-01,2016-01-01,"hml,smb,mom",mkt,14,5,51,9,7,smb
2013-01-01_to_2016-01-01,2013-01-01,2016-01-01,"hml,smb,mom",mkt,14,5,51,9,8,mom
2013-01-01_to_2016-01-01,2013-01-01,2016-01-01,"hml,smb,mom",mkt,14,5,51,9,9,smb
2013-01-01_to_2016-01-01,2013-01-01,2016-01-01,"hml,smb,mom",mkt,14,5,54,10,1,mom
2013-01-01_to_2016-01-01,2013-01-01,2016-01-01,"hml,smb,mom",mkt,14,5,54,10,2,mom
2013-01-01_to_2016-01-01,2013-01-01,2016-01-01,"hml,smb,mom",mkt,14,5,54,10,3,mom
2013-01-01_to_2016-01-01,2013-01-01,2016-01-01,"hml,smb,mom",mkt,14,5,54,10,4,mom
2013-01-01_to_2016-01-01,2013-01-01,2016-01-01,"hml,smb,mom",mkt,14,5,54,10,5,mom
2013-01-01_to_2016-01-01,2013-01-01,2016-01-01,"hml,smb,mom",mkt,14,5,54,10,6,smb
2013-01-01_to_2016-01-01,2013-01-01,2016-01-01,"hml,smb,mom",mkt,14,5,54,10,7,smb
2013-01-01_to_2016-01-01,2013-01-01,2016-01-01,"hml,smb,mom",mkt,14,5,54,10,8,mom
2013-01-01_to_2016-01-01,2013-01-01,2016-01-01,"hml,smb,mom",mkt,14,5,54,10,9,smb
2013-01-01_to_2016-01-01,2013-01-01,2016-01-01,"hml,smb,mom",mkt,14,5,54,10,10,smb
2013-01-01_to_2016-01-01,2013-01-01,2016-01-01,"hml,smb,mom",mkt,14,5,55,10,1,mom
2013-01-01_to_2016-01-01,2013-01-01,2016-01-01,"hml,smb,mom",mkt,14,5,55,10,2,mom
2013-01-01_to_2016-01-01,2013-01-01,2016-01-01,"hml,smb,mom",mkt,14,5,55,10,3,mom
2013-01-01_to_2016-01-01,2013-01-01,2016-01-01,"hml,smb,mom",mkt,14,5,55,10,4,mom
2013-01-01_to_2016-01-01,2013-01-01,2016-01-01,"hml,smb,mom",mkt,14,5,55,10,5,mom
2013-01-01_to_2016-01-01,2013-01-01,2016-01-01,"hml,smb,mom",mkt,14,5,55,10,6,smb
2013-01-01_to_2016-01-01,2013-01-01,2016-01-01,"hml,smb,mom",mkt,14,5,55,10,7,smb
2013-01-01_to_2016-01-01,2013-01-01,2016-01-01,"hml,smb,mom",mkt,14,5,55,10,8,mom
2013-01-01_to_2016-01-01,2013-01-01,2016-01-01,"hml,smb,mom",mkt,14,5,55,10,9,smb
2013-01-01_to_2016-01-01,2013-01-01,2016-01-01,"hml,smb,mom",mkt,14,5,55,10,10,smb
2013-01-01_to_2016-01-01,2013-01-01,2016-01-01,"hml,smb,mom",mkt,14,5,56,9,1,mom
2013-01-01_to_2016-01-01,2013-01-01,2016-01-01,"hml,smb,mom",mkt,14,5,56,9,2,mom
2013-01-01_to_2016-01-01,2013-01-01,2016-01-01,"hml,smb,mom",mkt,14,5,56,9,3,mom
2013-01-01_to_2016-01-01,2013-01-01,2016-01-01,"hml,smb,mom",mkt,14,5,56,9,4,mom
2013-01-01_to_2016-01-01,2013-01-01,2016-01-01,"hml,smb,mom",mkt,14,5,56,9,5,mom
2013-01-01_to_2016-01-01,2013-01-01,2016-01-01,"hml,smb,mom",mkt,14,5,56,9,6,smb
2013-01-01_to_2016-01-01,2013-01-01,2016-01-01,"hml,smb,mom",mkt,14,5,56,9,7,smb
2013-01-01_to_2016-01-01,2013-01-01,2016-01-01,"hml,smb,mom",mkt,14,5,56,9,8,mom
2013-01-01_to_2016-01-01,2013-01-01,2016-01-01,"hml,smb,mom",mkt,14,5,56,9,9,smb
2013-01-01_to_2016-01-01,2013-01-01,2016-01-01,"hml,smb,mom",mkt,14,5,59,9,1,mom
2013-01-01_to_2016-01-01,2013-01-01,2016-01-01,"hml,smb,mom",mkt,14,5,59,9,2,mom
2013-01-01_to_2016-01-01,2013-01-01,2016-01-01,"hml,smb,mom",mkt,14,5,59,9,3,mom
2013-01-01_to_2016-01-01,2013-01-01,2016-01-01,"hml,smb,mom",mkt,14,5,59,9,4,mom
2013-01-01_to_2016-01-01,2013-01-01,2016-01-01,"hml,smb,mom",mkt,14,5,59,9,5,mom
2013-01-01_to_2016-01-01,2013-01-01,2016-01-01,"hml,smb,mom",mkt,14,5,59,9,6,smb
2013-01-01_to_2016-01-01,2013-01-01,2016-01-01,"hml,smb,mom",mkt,14,5,59,9,7,smb
2013-01-01_to_2016-01-01,2013-01-01,2016-01-01,"hml,smb,mom",mkt,14,5,59,9,8,smb
2013-01-01_to_2016-01-01,2013-01-01,2016-01-01,"hml,smb,mom",mkt,14,5,59,9,9,smb
2013-01-01_to_2016-01-01,2013-01-01,2016-01-01,"hml,smb,mom",mkt,14,5,60,9,1,mom
2013-01-01_to_2016-01-01,2013-01-01,2016-01-01,"hml,smb,mom",mkt,14,5,60,9,2,mom
2013-01-01_to_2016-01-01,2013-01-01,2016-01-01,"hml,smb,mom",mkt,14,5,60,9,3,mom
2013-01-01_to_2016-01-01,2013-01-01,2016-01-01,"hml,smb,mom",mkt,14,5,60,9,4,mom
2013-01-01_to_2016-01-01,2013-01-01,2016-01-01,"hml,smb,mom",mkt,14,5,60,9,5,mom
2013-01-01_to_2016-01-01,2013-01-01,2016-01-01,"hml,smb,mom",mkt,14,5,60,9,6,smb
2013-01-01_to_2016-01-01,2013-01-01,2016-01-01,"hml,smb,mom",mkt,14,5,60,9,7,smb
2013-01-01_to_2016-01-01,2013-01-01,2016-01-01,"hml,smb,mom",mkt,14,5,60,9,8,smb
2013-01-01_to_2016-01-01,2013-01-01,2016-01-01,"hml,smb,mom",mkt,14,5,60,9,9,smb
2013-01-01_to_2016-01-01,2013-01-01,2016-01-01,"hml,smb,mom",mkt,14,5,61,8,1,mom
2013-01-01_to_2016-01-01,2013-01-01,2016-01-01,"hml,smb,mom",mkt,14,5,61,8,2,mom
2013-01-01_to_2016-01-01,2013-01-01,2016-01-01,"hml,smb,mom",mkt,14,5,61,8,3,mom
2013-01-01_to_2016-01-01,2013-01-01,2016-01-01,"hml,smb,mom",mkt,14,5,61,8,4,mom
2013-01-01_to_2016-01-01,2013-01-01,2016-01-01,"hml,smb,mom",mkt,14,5,61,8,5,mom
2013-01-01_to_2016-01-01,2013-01-01,2016-01-01,"hml,smb,mom",mkt,14,5,61,8,6,smb
2013-01-01_to_2016-01-01,2013-01-01,2016-01-01,"hml,smb,mom",mkt,14,5,61,8,7,smb
2013-01-01_to_2016-01-01,2013-01-01,2016-01-01,"hml,smb,mom",mkt,14,5,61,8,8,smb
2013-01-01_to_2016-01-01,2013-01-01,2016-01-01,"hml,smb,mom",mkt,14,5,67,8,1,mom
2013-01-01_to_2016-01-01,2013-01-01,2016-01-01,"hml,smb,mom",mkt,14,5,67,8,2,mom
2013-01-01_to_2016-01-01,2013-01-01,2016-01-01,"hml,smb,mom",mkt,14,5,67,8,3,mom
2013-01-01_to_2016-01-01,2013-01-01,2016-01-01,"hml,smb,mom",mkt,14,5,67,8,4,mom
2013-01-01_to_2016-01-01,2013-01-01,2016-01-01,"hml,smb,mom",mkt,14,5,67,8,5,mom
2013-01-01_to_2016-01-01,2013-01-01,2016-01-01,"hml,smb,mom",mkt,14,5,67,8,6,hml
2013-01-01_to_2016-01-01,2013-01-01,2016-01-01,"hml,smb,mom",mkt,14,5,67,8,7,mom
2013-01-01_to_2016-01-01,2013-01-01,2016-01-01,"hml,smb,mom",mkt,14,5,67,8,8,smb
2013-01-01_to_2016-01-01,2013-01-01,2016-01-01,"hml,smb,mom",mkt,14,5,69,9,1,mom
2013-01-01_to_2016-01-01,2013-01-01,2016-01-01,"hml,smb,mom",mkt,14,5,69,9,2,mom
2013-01-01_to_2016-01-01,2013-01-01,2016-01-01,"hml,smb,mom",mkt,14,5,69,9,3,mom
2013-01-01_to_2016-01-01,2013-01-01,2016-01-01,"hml,smb,mom",mkt,14,5,69,9,4,mom
2013-01-01_to_2016-01-01,2013-01-01,2016-01-01,"hml,smb,mom",mkt,14,5,69,9,5,mom
2013-01-01_to_2016-01-01,2013-01-01,2016-01-01,"hml,smb,mom",mkt,14,5,69,9,6,hml
2013-01-01_to_2016-01-01,2013-01-01,2016-01-01,"hml,smb,mom",mkt,14,5,69,9,7,mom
2013-01-01_to_2016-01-01,2013-01-01,2016-01-01,"hml,smb,mom",mkt,14,5,69,9,8,smb
2013-01-01_to_2016-01-01,2013-01-01,2016-01-01,"hml,smb,mom",mkt,14,5,69,9,9,hml
2013-01-01_to_2016-01-01,2013-01-01,2016-01-01,"hml,smb,mom",mkt,14,5,70,9,1,mom
2013-01-01_to_2016-01-01,2013-01-01,2016-01-01,"hml,smb,mom",mkt,14,5,70,9,2,mom
2013-01-01_to_2016-01-01,2013-01-01,2016-01-01,"hml,smb,mom",mkt,14,5,70,9,3,mom
2013-01-01_to_2016-01-01,2013-01-01,2016-01-01,"hml,smb,mom",mkt,14,5,70,9,4,mom
2013-01-01_to_2016-01-01,2013-01-01,2016-01-01,"hml,smb,mom",mkt,14,5,70,9,5,mom
2013-01-01_to_2016-01-01,2013-01-01,2016-01-01,"hml,smb,mom",mkt,14,5,70,9,6,hml
2013-01-01_to_2016-01-01,2013-01-01,2016-01-01,"hml,smb,mom",mkt,14,5,70,9,7,mom
2013-01-01_to_2016-01-01,2013-01-01,2016-01-01,"hml,smb,mom",mkt,14,5,70,9,8,smb
2013-01-01_to_2016-01-01,2013-01-01,2016-01-01,"hml,smb,mom",mkt,14,5,70,9,9,hml
2013-01-01_to_2016-01-01,2013-01-01,2016-01-01,"hml,smb,mom",mkt,14,5,73,9,1,mom
2013-01-01_to_2016-01-01,2013-01-01,2016-01-01,"hml,smb,mom",mkt,14,5,73,9,2,mom
2013-01-01_to_2016-01-01,2013-01-01,2016-01-01,"hml,smb,mom",mkt,14,5,73,9,3,mom
2013-01-01_to_2016-01-01,2013-01-01,2016-01-01,"hml,smb,mom",mkt,14,5,73,9,4,mom
2013-01-01_to_2016-01-01,2013-01-01,2016-01-01,"hml,smb,mom",mkt,14,5,73,9,5,mom
2013-01-01_to_2016-01-01,2013-01-01,2016-01-01,"hml,smb,mom",mkt,14,5,73,9,6,hml
2013-01-01_to_2016-01-01,2013-01-01,2016-01-01,"hml,smb,mom",mkt,14,5,73,9,7,mom
2013-01-01_to_2016-01-01,2013-01-01,2016-01-01,"hml,smb,mom",mkt,14,5,73,9,8,hml
2013-01-01_to_2016-01-01,2013-01-01,2016-01-01,"hml,smb,mom",mkt,14,5,73,9,9,mom
2013-01-01_to_2016-01-01,2013-01-01,2016-01-01,"hml,smb,mom",mkt,14,5,76,11,1,mom
2013-01-01_to_2016-01-01,2013-01-01,2016-01-01,"hml,smb,mom",mkt,14,5,76,11,2,mom
2013-01-01_to_2016-01-01,2013-01-01,2016-01-01,"hml,smb,mom",mkt,14,5,76,11,3,mom
2013-01-01_to_2016-01-01,2013-01-01,2016-01-01,"hml,smb,mom",mkt,14,5,76,11,4,mom
2013-01-01_to_2016-01-01,2013-01-01,2016-01-01,"hml,smb,mom",mkt,14,5,76,11,5,mom
2013-01-01_to_2016-01-01,2013-01-01,2016-01-01,"hml,smb,mom",mkt,14,5,76,11,6,hml
2013-01-01_to_2016-01-01,2013-01-01,2016-01-01,"hml,smb,mom",mkt,14,5,76,11,7,mom
2013-01-01_to_2016-01-01,2013-01-01,2016-01-01,"hml,smb,mom",mkt,14,5,76,11,8,hml
2013-01-01_to_2016-01-01,2013-01-01,2016-01-01,"hml,smb,mom",mkt,14,5,76,11,9,mom
2013-01-01_to_2016-01-01,2013-01-01,2016-01-01,"hml,smb,mom",mkt,14,5,76,11,10,hml
2013-01-01_to_2016-01-01,2013-01-01,2016-01-01,"hml,smb,mom",mkt,14,5,76,11,11,smb
2013-01-01_to_2016-01-01,2013-01-01,2016-01-01,"hml,smb,mom",mkt,14,5,77,11,1,mom
2013-01-01_to_2016-01-01,2013-01-01,2016-01-01,"hml,smb,mom",mkt,14,5,77,11,2,mom
2013-01-01_to_2016-01-01,2013-01-01,2016-01-01,"hml,smb,mom",mkt,14,5,77,11,3,mom
2013-01-01_to_2016-01-01,2013-01-01,2016-01-01,"hml,smb,mom",mkt,14,5,77,11,4,mom
2013-01-01_to_2016-01-01,2013-01-01,2016-01-01,"hml,smb,mom",mkt,14,5,77,11,5,mom
2013-01-01_to_2016-01-01,2013-01-01,2016-01-01,"hml,smb,mom",mkt,14,5,77,11,6,hml
2013-01-01_to_2016-01-01,2013-01-01,2016-01-01,"hml,smb,mom",mkt,14,5,77,11,7,mom
2013-01-01_to_2016-01-01,2013-01-01,2016-01-01,"hml,smb,mom",mkt,14,5,77,11,8,hml
2013-01-01_to_2016-01-01,2013-01-01,2016-01-01,"hml,smb,mom",mkt,14,5,77,11,9,mom
2013-01-01_to_2016-01-01,2013-01-01,2016-01-01,"hml,smb,mom",mkt,14,5,77,11,10,hml
2013-01-01_to_2016-01-01,2013-01-01,2016-01-01,"hml,smb,mom",mkt,14,5,77,11,11,smb
2013-01-01_to_2016-01-01,2013-01-01,2016-01-01,"hml,smb,mom",mkt,14,5,78,10,1,mom
2013-01-01_to_2016-01-01,2013-01-01,2016-01-01,"hml,smb,mom",mkt,14,5,78,10,2,mom
2013-01-01_to_2016-01-01,2013-01-01,2016-01-01,"hml,smb,mom",mkt,14,5,78,10,3,mom
2013-01-01_to_2016-01-01,2013-01-01,2016-01-01,"hml,smb,mom",mkt,14,5,78,10,4,mom
2013-01-01_to_2016-01-01,2013-01-01,2016-01-01,"hml,smb,mom",mkt,14,5,78,10,5,mom
2013-01-01_to_2016-01-01,2013-01-01,2016-01-01,"hml,smb,mom",mkt,14,5,78,10,6,hml
2013-01-01_to_2016-01-01,2013-01-01,2016-01-01,"hml,smb,mom",mkt,14,5,78,10,7,mom
2013-01-01_to_2016-01-01,2013-01-01,2016-01-01,"hml,smb,mom",mkt,14,5,78,10,8,hml
2013-01-01_to_2016-01-01,2013-01-01,2016-01-01,"hml,smb,mom",mkt,14,5,78,10,9,mom
2013-01-01_to_2016-01-01,2013-01-01,2016-01-01,"hml,smb,mom",mkt,14,5,78,10,10,hml
2013-01-01_to_2016-01-01,2013-01-01,2016-01-01,"hml,smb,mom",mkt,14,5,80,9,1,mom
2013-01-01_to_2016-01-01,2013-01-01,2016-01-01,"hml,smb,mom",mkt,14,5,80,9,2,mom
2013-01-01_to_2016-01-01,2013-01-01,2016-01-01,"hml,smb,mom",mkt,14,5,80,9,3,mom
2013-01-01_to_2016-01-01,2013-01-01,2016-01-01,"hml,smb,mom",mkt,14,5,80,9,4,mom
2013-01-01_to_2016-01-01,2013-01-01,2016-01-01,"hml,smb,mom",mkt,14,5,80,9,5,mom
2013-01-01_to_2016-01-01,2013-01-01,2016-01-01,"hml,smb,mom",mkt,14,5,80,9,6,hml
2013-01-01_to_2016-01-01,2013-01-01,2016-01-01,"hml,smb,mom",mkt,14,5,80,9,7,mom
2013-01-01_to_2016-01-01,2013-01-01,2016-01-01,"hml,smb,mom",mkt,14,5,80,9,8,hml
2013-01-01_to_2016-01-01,2013-01-01,2016-01-01,"hml,smb,mom",mkt,14,5,80,9,9,mom
2013-01-01_to_2016-01-01,2013-01-01,2016-01-01,"hml,smb,mom",mkt,14,5,81,9,1,mom
2013-01-01_to_2016-01-01,2013-01-01,2016-01-01,"hml,smb,mom",mkt,14,5,81,9,2,mom
2013-01-01_to_2016-01-01,2013-01-01,2016-01-01,"hml,smb,mom",mkt,14,5,81,9,3,mom
2013-01-01_to_2016-01-01,2013-01-01,2016-01-01,"hml,smb,mom",mkt,14,5,81,9,4,mom
2013-01-01_to_2016-01-01,2013-01-01,2016-01-01,"hml,smb,mom",mkt,14,5,81,9,5,mom
2013-01-01_to_2016-01-01,2013-01-01,2016-01-01,"hml,smb,mom",mkt,14,5,81,9,6,hml
2013-01-01_to_2016-01-01,2013-01-01,2016-01-01,"hml,smb,mom",mkt,14,5,81,9,7,mom
2013-01-01_to_2016-01-01,2013-01-01,2016-01-01,"hml,smb,mom",mkt,14,5,81,9,8,hml
2013-01-01_to_2016-01-01,2013-01-01,2016-01-01,"hml,smb,mom",mkt,14,5,81,9,9,mom
2013-01-01_to_2016-01-01,2013-01-01,2016-01-01,"hml,smb,mom",mkt,14,5,84,8,1,mom
2013-01-01_to_2016-01-01,2013-01-01,2016-01-01,"hml,smb,mom",mkt,14,5,84,8,2,mom
2013-01-01_to_2016-01-01,2013-01-01,2016-01-01,"hml,smb,mom",mkt,14,5,84,8,3,mom
2013-01-01_to_2016-01-01,2013-01-01,2016-01-01,"hml,smb,mom",mkt,14,5,84,8,4,mom
2013-01-01_to_2016-01-01,2013-01-01,2016-01-01,"hml,smb,mom",mkt,14,5,84,8,5,mom
2013-01-01_to_2016-01-01,2013-01-01,2016-01-01,"hml,smb,mom",mkt,14,5,84,8,6,hml
2013-01-01_to_2016-01-01,2013-01-01,2016-01-01,"hml,smb,mom",mkt,14,5,84,8,7,mom
2013-01-01_to_2016-01-01,2013-01-01,2016-01-01,"hml,smb,mom",mkt,14,5,84,8,8,mom
2013-01-01_to_2016-01-01,2013-01-01,2016-01-01,"hml,smb,mom",mkt,14,5,90,13,1,mom
2013-01-01_to_2016-01-01,2013-01-01,2016-01-01,"hml,smb,mom",mkt,14,5,90,13,2,mom
2013-01-01_to_2016-01-01,2013-01-01,2016-01-01,"hml,smb,mom",mkt,14,5,90,13,3,mom
2013-01-01_to_2016-01-01,2013-01-01,2016-01-01,"hml,smb,mom",mkt,14,5,90,13,4,mom
2013-01-01_to_2016-01-01,2013-01-01,2016-01-01,"hml,smb,mom",mkt,14,5,90,13,5,mom
2013-01-01_to_2016-01-01,2013-01-01,2016-01-01,"hml,smb,mom",mkt,14,5,90,13,6,hml
2013-01-01_to_2016-01-01,2013-01-01,2016-01-01,"hml,smb,mom",mkt,14,5,90,13,7,mom
2013-01-01_to_2016-01-01,2013-01-01,2016-01-01,"hml,smb,mom",mkt,14,5,90,13,8,mom
2013-01-01_to_2016-01-01,2013-01-01,2016-01-01,"hml,smb,mom",mkt,14,5,90,13,9,hml
2013-01-01_to_2016-01-01,2013-01-01,2016-01-01,"hml,smb,mom",mkt,14,5,90,13,10,hml
2013-01-01_to_2016-01-01,2013-01-01,2016-01-01,"hml,smb,mom",mkt,14,5,90,13,11,hml
2013-01-01_to_2016-01-01,2013-01-01,2016-01-01,"hml,smb,mom",mkt,14,5,90,13,12,smb
2013-01-01_to_2016-01-01,2013-01-01,2016-01-01,"hml,smb,mom",mkt,14,5,90,13,13,smb
2013-01-01_to_2016-01-01,2013-01-01,2016-01-01,"hml,smb,mom",mkt,14,5,92,14,1,mom
2013-01-01_to_2016-01-01,2013-01-01,2016-01-01,"hml,smb,mom",mkt,14,5,92,14,2,mom
2013-01-01_to_2016-01-01,2013-01-01,2016-01-01,"hml,smb,mom",mkt,14,5,92,14,3,mom
2013-01-01_to_2016-01-01,2013-01-01,2016-01-01,"hml,smb,mom",mkt,14,5,92,14,4,mom
2013-01-01_to_2016-01-01,2013-01-01,2016-01-01,"hml,smb,mom",mkt,14,5,92,14,5,mom
2013-01-01_to_2016-01-01,2013-01-01,2016-01-01,"hml,smb,mom",mkt,14,5,92,14,6,hml
2013-01-01_to_2016-01-01,2013-01-01,2016-01-01,"hml,smb,mom",mkt,14,5,92,14,7,mom
2013-01-01_to_2016-01-01,2013-01-01,2016-01-01,"hml,smb,mom",mkt,14,5,92,14,8,mom
2013-01-01_to_2016-01-01,2013-01-01,2016-01-01,"hml,smb,mom",mkt,14,5,92,14,9,hml
2013-01-01_to_2016-01-01,2013-01-01,2016-01-01,"hml,smb,mom",mkt,14,5,92,14,10,hml
2013-01-01_to_2016-01-01,2013-01-01,2016-01-01,"hml,smb,mom",mkt,14,5,92,14,11,hml
2013-01-01_to_2016-01-01,2013-01-01,2016-01-01,"hml,smb,mom",mkt,14,5,92,14,12,smb
2013-01-01_to_2016-01-01,2013-01-01,2016-01-01,"hml,smb,mom",mkt,14,5,92,14,13,smb
2013-01-01_to_2016-01-01,2013-01-01,2016-01-01,"hml,smb,mom",mkt,14,5,92,14,14,smb
2013-01-01_to_2016-01-01,2013-01-01,2016-01-01,"hml,smb,mom",mkt,14,5,93,14,1,mom
2013-01-01_to_2016-01-01,2013-01-01,2016-01-01,"hml,smb,mom",mkt,14,5,93,14,2,mom
2013-01-01_to_2016-01-01,2013-01-01,2016-01-01,"hml,smb,mom",mkt,14,5,93,14,3,mom
2013-01-01_to_2016-01-01,2013-01-01,2016-01-01,"hml,smb,mom",mkt,14,5,93,14,4,mom
2013-01-01_to_2016-01-01,2013-01-01,2016-01-01,"hml,smb,mom",mkt,14,5,93,14,5,mom
2013-01-01_to_2016-01-01,2013-01-01,2016-01-01,"hml,smb,mom",mkt,14,5,93,14,6,hml
2013-01-01_to_2016-01-01,2013-01-01,2016-01-01,"hml,smb,mom",mkt,14,5,93,14,7,mom
2013-01-01_to_2016-01-01,2013-01-01,2016-01-01,"hml,smb,mom",mkt,14,5,93,14,8,mom
2013-01-01_to_2016-01-01,2013-01-01,2016-01-01,"hml,smb,mom",mkt,14,5,93,14,9,hml
2013-01-01_to_2016-01-01,2013-01-01,2016-01-01,"hml,smb,mom",mkt,14,5,93,14,10,hml
2013-01-01_to_2016-01-01,2013-01-01,2016-01-01,"hml,smb,mom",mkt,14,5,93,14,11,hml
2013-01-01_to_2016-01-01,2013-01-01,2016-01-01,"hml,smb,mom",mkt,14,5,93,14,12,smb
2013-01-01_to_2016-01-01,2013-01-01,2016-01-01,"hml,smb,mom",mkt,14,5,93,14,13,smb
2013-01-01_to_2016-01-01,2013-01-01,2016-01-01,"hml,smb,mom",mkt,14,5,93,14,14,smb
2013-01-01_to_2016-01-01,2013-01-01,2016-01-01,"hml,smb,mom",mkt,14,5,94,12,1,mom
2013-01-01_to_2016-01-01,2013-01-01,2016-01-01,"hml,smb,mom",mkt,14,5,94,12,2,mom
2013-01-01_to_2016-01-01,2013-01-01,2016-01-01,"hml,smb,mom",mkt,14,5,94,12,3,mom
2013-01-01_to_2016-01-01,2013-01-01,2016-01-01,"hml,smb,mom",mkt,14,5,94,12,4,mom
2013-01-01_to_2016-01-01,2013-01-01,2016-01-01,"hml,smb,mom",mkt,14,5,94,12,5,mom
2013-01-01_to_2016-01-01,2013-01-01,2016-01-01,"hml,smb,mom",mkt,14,5,94,12,6,hml
2013-01-01_to_2016-01-01,2013-01-01,2016-01-01,"hml,smb,mom",mkt,14,5,94,12,7,mom
2013-01-01_to_2016-01-01,2013-01-01,2016-01-01,"hml,smb,mom",mkt,14,5,94,12,8,mom
2013-01-01_to_2016-01-01,2013-01-01,2016-01-01,"hml,smb,mom",mkt,14,5,94,12,9,hml
2013-01-01_to_2016-01-01,2013-01-01,2016-01-01,"hml,smb,mom",mkt,14,5,94,12,10,hml
2013-01-01_to_2016-01-01,2013-01-01,2016-01-01,"hml,smb,mom",mkt,14,5,94,12,11,hml
2013-01-01_to_2016-01-01,2013-01-01,2016-01-01,"hml,smb,mom",mkt,14,5,94,12,12,smb
2013-01-01_to_2016-01-01,2013-01-01,2016-01-01,"hml,smb,mom",mkt,14,5,95,11,1,mom
2013-01-01_to_2016-01-01,2013-01-01,2016-01-01,"hml,smb,mom",mkt,14,5,95,11,2,mom
2013-01-01_to_2016-01-01,2013-01-01,2016-01-01,"hml,smb,mom",mkt,14,5,95,11,3,mom
2013-01-01_to_2016-01-01,2013-01-01,2016-01-01,"hml,smb,mom",mkt,14,5,95,11,4,mom
2013-01-01_to_2016-01-01,2013-01-01,2016-01-01,"hml,smb,mom",mkt,14,5,95,11,5,mom
2013-01-01_to_2016-01-01,2013-01-01,2016-01-01,"hml,smb,mom",mkt,14,5,95,11,6,hml
2013-01-01_to_2016-01-01,2013-01-01,2016-01-01,"hml,smb,mom",mkt,14,5,95,11,7,mom
2013-01-01_to_2016-01-01,2013-01-01,2016-01-01,"hml,smb,mom",mkt,14,5,95,11,8,mom
2013-01-01_to_2016-01-01,2013-01-01,2016-01-01,"hml,smb,mom",mkt,14,5,95,11,9,hml
2013-01-01_to_2016-01-01,2013-01-01,2016-01-01,"hml,smb,mom",mkt,14,5,95,11,10,hml
2013-01-01_to_2016-01-01,2013-01-01,2016-01-01,"hml,smb,mom",mkt,14,5,95,11,11,hml
2013-01-01_to_2016-01-01,2013-01-01,2016-01-01,"hml,smb,mom",mkt,14,5,96,10,1,mom
2013-01-01_to_2016-01-01,2013-01-01,2016-01-01,"hml,smb,mom",mkt,14,5,96,10,2,mom
2013-01-01_to_2016-01-01,2013-01-01,2016-01-01,"hml,smb,mom",mkt,14,5,96,10,3,mom
2013-01-01_to_2016-01-01,2013-01-01,2016-01-01,"hml,smb,mom",mkt,14,5,96,10,4,mom
2013-01-01_to_2016-01-01,2013-01-01,2016-01-01,"hml,smb,mom",mkt,14,5,96,10,5,mom
2013-01-01_to_2016-01-01,2013-01-01,2016-01-01,"hml,smb,mom",mkt,14,5,96,10,6,hml
2013-01-01_to_2016-01-01,2013-01-01,2016-01-01,"hml,smb,mom",mkt,14,5,96,10,7,mom
2013-01-01_to_2016-01-01,2013-01-01,2016-01-01,"hml,smb,mom",mkt,14,5,96,10,8,mom
2013-01-01_to_2016-01-01,2013-01-01,2016-01-01,"hml,smb,mom",mkt,14,5,96,10,9,hml
2013-01-01_to_2016-01-01,2013-01-01,2016-01-01,"hml,smb,mom",mkt,14,5,96,10,10,hml
2013-01-01_to_2016-01-01,2013-01-01,2016-01-01,"hml,smb,mom",mkt,14,5,98,10,1,mom
2013-01-01_to_2016-01-01,2013-01-01,2016-01-01,"hml,smb,mom",mkt,14,5,98,10,2,mom
2013-01-01_to_2016-01-01,2013-01-01,2016-01-01,"hml,smb,mom",mkt,14,5,98,10,3,mom
2013-01-01_to_2016-01-01,2013-01-01,2016-01-01,"hml,smb,mom",mkt,14,5,98,10,4,mom
2013-01-01_to_2016-01-01,2013-01-01,2016-01-01,"hml,smb,mom",mkt,14,5,98,10,5,mom
2013-01-01_to_2016-01-01,2013-01-01,2016-01-01,"hml,smb,mom",mkt,14,5,98,10,6,hml
2013-01-01_to_2016-01-01,2013-01-01,2016-01-01,"hml,smb,mom",mkt,14,5,98,10,7,mom
2013-01-01_to_2016-01-01,2013-01-01,2016-01-01,"hml,smb,mom",mkt,14,5,98,10,8,mom
2013-01-01_to_2016-01-01,2013-01-01,2016-01-01,"hml,smb,mom",mkt,14,5,98,10,9,hml
2013-01-01_to_2016-01-01,2013-01-01,2016-01-01,"hml,smb,mom",mkt,14,5,98,10,10,hml
2013-01-01_to_2016-01-01,2013-01-01,2016-01-01,"hml,smb,mom",mkt,14,5,99,10,1,mom
2013-01-01_to_2016-01-01,2013-01-01,2016-01-01,"hml,smb,mom",mkt,14,5,99,10,2,mom
2013-01-01_to_2016-01-01,2013-01-01,2016-01-01,"hml,smb,mom",mkt,14,5,99,10,3,mom
2013-01-01_to_2016-01-01,2013-01-01,2016-01-01,"hml,smb,mom",mkt,14,5,99,10,4,mom
2013-01-01_to_2016-01-01,2013-01-01,2016-01-01,"hml,smb,mom",mkt,14,5,99,10,5,mom
2013-01-01_to_2016-01-01,2013-01-01,2016-01-01,"hml,smb,mom",mkt,14,5,99,10,6,hml
2013-01-01_to_2016-01-01,2013-01-01,2016-01-01,"hml,smb,mom",mkt,14,5,99,10,7,mom
2013-01-01_to_2016-01-01,2013-01-01,2016-01-01,"hml,smb,mom",mkt,14,5,99,10,8,mom
2013-01-01_to_2016-01-01,2013-01-01,2016-01-01,"hml,smb,mom",mkt,14,5,99,10,9,hml
2013-01-01_to_2016-01-01,2013-01-01,2016-01-01,"hml,smb,mom",mkt,14,5,99,10,10,hml
2013-01-01_to_2016-01-01,2013-01-01,2016-01-01,"hml,smb,mom",mkt,14,5,103,10,1,mom
2013-01-01_to_2016-01-01,2013-01-01,2016-01-01,"hml,smb,mom",mkt,14,5,103,10,2,mom
2013-01-01_to_2016-01-01,2013-01-01,2016-01-01,"hml,smb,mom",mkt,14,5,103,10,3,mom
2013-01-01_to_2016-01-01,2013-01-01,2016-01-01,"hml,smb,mom",mkt,14,5,103,10,4,mom
2013-01-01_to_2016-01-01,2013-01-01,2016-01-01,"hml,smb,mom",mkt,14,5,103,10,5,mom
2013-01-01_to_2016-01-01,2013-01-01,2016-01-01,"hml,smb,mom",mkt,14,5,103,10,6,hml
2013-01-01_to_2016-01-01,2013-01-01,2016-01-01,"hml,smb,mom",mkt,14,5,103,10,7,mom
2013-01-01_to_2016-01-01,2013-01-01,2016-01-01,"hml,smb,mom",mkt,14,5,103,10,8,hml
2013-01-01_to_2016-01-01,2013-01-01,2016-01-01,"hml,smb,mom",mkt,14,5,103,10,9,hml
2013-01-01_to_2016-01-01,2013-01-01,2016-01-01,"hml,smb,mom",mkt,14,5,103,10,10,hml
2013-01-01_to_2016-01-01,2013-01-01,2016-01-01,"hml,smb,mom",mkt,14,5,104,10,1,mom
2013-01-01_to_2016-01-01,2013-01-01,2016-01-01,"hml,smb,mom",mkt,14,5,104,10,2,mom
2013-01-01_to_2016-01-01,2013-01-01,2016-01-01,"hml,smb,mom",mkt,14,5,104,10,3,mom
2013-01-01_to_2016-01-01,2013-01-01,2016-01-01,"hml,smb,mom",mkt,14,5,104,10,4,mom
2013-01-01_to_2016-01-01,2013-01-01,2016-01-01,"hml,smb,mom",mkt,14,5,104,10,5,mom
2013-01-01_to_2016-01-01,2013-01-01,2016-01-01,"hml,smb,mom",mkt,14,5,104,10,6,hml
2013-01-01_to_2016-01-01,2013-01-01,2016-01-01,"hml,smb,mom",mkt,14,5,104,10,7,mom
2013-01-01_to_2016-01-01,2013-01-01,2016-01-01,"hml,smb,mom",mkt,14,5,104,10,8,hml
2013-01-01_to_2016-01-01,2013-01-01,2016-01-01,"hml,smb,mom",mkt,14,5,104,10,9,hml
2013-01-01_to_2016-01-01,2013-01-01,2016-01-01,"hml,smb,mom",mkt,14,5,104,10,10,hml
2013-01-01_to_2016-01-01,2013-01-01,2016-01-01,"hml,smb,mom",mkt,14,5,105,9,1,mom
2013-01-01_to_2016-01-01,2013-01-01,2016-01-01,"hml,smb,mom",mkt,14,5,105,9,2,mom
2013-01-01_to_2016-01-01,2013-01-01,2016-01-01,"hml,smb,mom",mkt,14,5,105,9,3,mom
2013-01-01_to_2016-01-01,2013-01-01,2016-01-01,"hml,smb,mom",mkt,14,5,105,9,4,mom
2013-01-01_to_2016-01-01,2013-01-01,2016-01-01,"hml,smb,mom",mkt,14,5,105,9,5,mom
2013-01-01_to_2016-01-01,2013-01-01,2016-01-01,"hml,smb,mom",mkt,14,5,105,9,6,hml
2013-01-01_to_2016-01-01,2013-01-01,2016-01-01,"hml,smb,mom",mkt,14,5,105,9,7,mom
2013-01-01_to_2016-01-01,2013-01-01,2016-01-01,"hml,smb,mom",mkt,14,5,105,9,8,hml
2013-01-01_to_2016-01-01,2013-01-01,2016-01-01,"hml,smb,mom",mkt,14,5,105,9,9,hml
2013-01-01_to_2016-01-01,2013-01-01,2016-01-01,"hml,smb,mom",mkt,14,5,106,8,1,mom
2013-01-01_to_2016-01-01,2013-01-01,2016-01-01,"hml,smb,mom",mkt,14,5,106,8,2,mom
2013-01-01_to_2016-01-01,2013-01-01,2016-01-01,"hml,smb,mom",mkt,14,5,106,8,3,mom
2013-01-01_to_2016-01-01,2013-01-01,2016-01-01,"hml,smb,mom",mkt,14,5,106,8,4,mom
2013-01-01_to_2016-01-01,2013-01-01,2016-01-01,"hml,smb,mom",mkt,14,5,106,8,5,mom
2013-01-01_to_2016-01-01,2013-01-01,2016-01-01,"hml,smb,mom",mkt,14,5,106,8,6,hml
2013-01-01_to_2016-01-01,2013-01-01,2016-01-01,"hml,smb,mom",mkt,14,5,106,8,7,mom
2013-01-01_to_2016-01-01,2013-01-01,2016-01-01,"hml,smb,mom",mkt,14,5,106,8,8,hml
2013-01-01_to_2016-01-01,2013-01-01,2016-01-01,"hml,smb,mom",mkt,14,5,110,8,1,mom
2013-01-01_to_2016-01-01,2013-01-01,2016-01-01,"hml,smb,mom",mkt,14,5,110,8,2,mom
2013-01-01_to_2016-01-01,2013-01-01,2016-01-01,"hml,smb,mom",mkt,14,5,110,8,3,mom
2013-01-01_to_2016-01-01,2013-01-01,2016-01-01,"hml,smb,mom",mkt,14,5,110,8,4,mom
2013-01-01_to_2016-01-01,2013-01-01,2016-01-01,"hml,smb,mom",mkt,14,5,110,8,5,mom
2013-01-01_to_2016-01-01,2013-01-01,2016-01-01,"hml,smb,mom",mkt,14,5,110,8,6,hml
2013-01-01_to_2016-01-01,2013-01-01,2016-01-01,"hml,smb,mom",mkt,14,5,110,8,7,hml
2013-01-01_to_2016-01-01,2013-01-01,2016-01-01,"hml,smb,mom",mkt,14,5,110,8,8,smb
2013-01-01_to_2016-01-01,2013-01-01,2016-01-01,"hml,smb,mom",mkt,14,5,114,11,1,mom
2013-01-01_to_2016-01-01,2013-01-01,2016-01-01,"hml,smb,mom",mkt,14,5,114,11,2,mom
2013-01-01_to_2016-01-01,2013-01-01,2016-01-01,"hml,smb,mom",mkt,14,5,114,11,3,mom
2013-01-01_to_2016-01-01,2013-01-01,2016-01-01,"hml,smb,mom",mkt,14,5,114,11,4,mom
2013-01-01_to_2016-01-01,2013-01-01,2016-01-01,"hml,smb,mom",mkt,14,5,114,11,5,mom
2013-01-01_to_2016-01-01,2013-01-01,2016-01-01,"hml,smb,mom",mkt,14,5,114,11,6,hml
2013-01-01_to_2016-01-01,2013-01-01,2016-01-01,"hml,smb,mom",mkt,14,5,114,11,7,hml
2013-01-01_to_2016-01-01,2013-01-01,2016-01-01,"hml,smb,mom",mkt,14,5,114,11,8,smb
2013-01-01_to_2016-01-01,2013-01-01,2016-01-01,"hml,smb,mom",mkt,14,5,114,11,9,mom
2013-01-01_to_2016-01-01,2013-01-01,2016-01-01,"hml,smb,mom",mkt,14,5,114,11,10,hml
2013-01-01_to_2016-01-01,2013-01-01,2016-01-01,"hml,smb,mom",mkt,14,5,114,11,11,smb
2013-01-01_to_2016-01-01,2013-01-01,2016-01-01,"hml,smb,mom",mkt,14,5,115,11,1,mom
2013-01-01_to_2016-01-01,2013-01-01,2016-01-01,"hml,smb,mom",mkt,14,5,115,11,2,mom
2013-01-01_to_2016-01-01,2013-01-01,2016-01-01,"hml,smb,mom",mkt,14,5,115,11,3,mom
2013-01-01_to_2016-01-01,2013-01-01,2016-01-01,"hml,smb,mom",mkt,14,5,115,11,4,mom
2013-01-01_to_2016-01-01,2013-01-01,2016-01-01,"hml,smb,mom",mkt,14,5,115,11,5,mom
2013-01-01_to_2016-01-01,2013-01-01,2016-01-01,"hml,smb,mom",mkt,14,5,115,11,6,hml
2013-01-01_to_2016-01-01,2013-01-01,2016-01-01,"hml,smb,mom",mkt,14,5,115,11,7,hml
2013-01-01_to_2016-01-01,2013-01-01,2016-01-01,"hml,smb,mom",mkt,14,5,115,11,8,smb
2013-01-01_to_2016-01-01,2013-01-01,2016-01-01,"hml,smb,mom",mkt,14,5,115,11,9,mom
2013-01-01_to_2016-01-01,2013-01-01,2016-01-01,"hml,smb,mom",mkt,14,5,115,11,10,hml
2013-01-01_to_2016-01-01,2013-01-01,2016-01-01,"hml,smb,mom",mkt,14,5,115,11,11,smb
2013-01-01_to_2016-01-01,2013-01-01,2016-01-01,"hml,smb,mom",mkt,14,5,116,10,1,mom
2013-01-01_to_2016-01-01,2013-01-01,2016-01-01,"hml,smb,mom",mkt,14,5,116,10,2,mom
2013-01-01_to_2016-01-01,2013-01-01,2016-01-01,"hml,smb,mom",mkt,14,5,116,10,3,mom
2013-01-01_to_2016-01-01,2013-01-01,2016-01-01,"hml,smb,mom",mkt,14,5,116,10,4,mom
2013-01-01_to_2016-01-01,2013-01-01,2016-01-01,"hml,smb,mom",mkt,14,5,116,10,5,mom
2013-01-01_to_2016-01-01,2013-01-01,2016-01-01,"hml,smb,mom",mkt,14,5,116,10,6,hml
2013-01-01_to_2016-01-01,2013-01-01,2016-01-01,"hml,smb,mom",mkt,14,5,116,10,7,hml
2013-01-01_to_2016-01-01,2013-01-01,2016-01-01,"hml,smb,mom",mkt,14,5,116,10,8,smb
2013-01-01_to_2016-01-01,2013-01-01,2016-01-01,"hml,smb,mom",mkt,14,5,116,10,9,mom
2013-01-01_to_2016-01-01,2013-01-01,2016-01-01,"hml,smb,mom",mkt,14,5,116,10,10,hml
2013-01-01_to_2016-01-01,2013-01-01,2016-01-01,"hml,smb,mom",mkt,14,5,119,11,1,mom
2013-01-01_to_2016-01-01,2013-01-01,2016-01-01,"hml,smb,mom",mkt,14,5,119,11,2,mom
2013-01-01_to_2016-01-01,2013-01-01,2016-01-01,"hml,smb,mom",mkt,14,5,119,11,3,mom
2013-01-01_to_2016-01-01,2013-01-01,2016-01-01,"hml,smb,mom",mkt,14,5,119,11,4,mom
2013-01-01_to_2016-01-01,2013-01-01,2016-01-01,"hml,smb,mom",mkt,14,5,119,11,5,mom
2013-01-01_to_2016-01-01,2013-01-01,2016-01-01,"hml,smb,mom",mkt,14,5,119,11,6,hml
2013-01-01_to_2016-01-01,2013-01-01,2016-01-01,"hml,smb,mom",mkt,14,5,119,11,7,hml
2013-01-01_to_2016-01-01,2013-01-01,2016-01-01,"hml,smb,mom",mkt,14,5,119,11,8,smb
2013-01-01_to_2016-01-01,2013-01-01,2016-01-01,"hml,smb,mom",mkt,14,5,119,11,9,mom
2013-01-01_to_2016-01-01,2013-01-01,2016-01-01,"hml,smb,mom",mkt,14,5,119,11,10,hml
2013-01-01_to_2016-01-01,2013-01-01,2016-01-01,"hml,smb,mom",mkt,14,5,119,11,11,smb
2013-01-01_to_2016-01-01,2013-01-01,2016-01-01,"hml,smb,mom",mkt,14,5,120,11,1,mom
2013-01-01_to_2016-01-01,2013-01-01,2016-01-01,"hml,smb,mom",mkt,14,5,120,11,2,mom
2013-01-01_to_2016-01-01,2013-01-01,2016-01-01,"hml,smb,mom",mkt,14,5,120,11,3,mom
2013-01-01_to_2016-01-01,2013-01-01,2016-01-01,"hml,smb,mom",mkt,14,5,120,11,4,mom
2013-01-01_to_2016-01-01,2013-01-01,2016-01-01,"hml,smb,mom",mkt,14,5,120,11,5,mom
2013-01-01_to_2016-01-01,2013-01-01,2016-01-01,"hml,smb,mom",mkt,14,5,120,11,6,hml
2013-01-01_to_2016-01-01,2013-01-01,2016-01-01,"hml,smb,mom",mkt,14,5,120,11,7,hml
2013-01-01_to_2016-01-01,2013-01-01,2016-01-01,"hml,smb,mom",mkt,14,5,120,11,8,smb
2013-01-01_to_2016-01-01,2013-01-01,2016-01-01,"hml,smb,mom",mkt,14,5,120,11,9,mom
2013-01-01_to_2016-01-01,2013-01-01,2016-01-01,"hml,smb,mom",mkt,14,5,120,11,10,hml
2013-01-01_to_2016-01-01,2013-01-01,2016-01-01,"hml,smb,mom",mkt,14,5,120,11,11,smb
2013-01-01_to_2016-01-01,2013-01-01,2016-01-01,"hml,smb,mom",mkt,14,5,121,10,1,mom
2013-01-01_to_2016-01-01,2013-01-01,2016-01-01,"hml,smb,mom",mkt,14,5,121,10,2,mom
2013-01-01_to_2016-01-01,2013-01-01,2016-01-01,"hml,smb,mom",mkt,14,5,121,10,3,mom
2013-01-01_to_2016-01-01,2013-01-01,2016-01-01,"hml,smb,mom",mkt,14,5,121,10,4,mom
2013-01-01_to_2016-01-01,2013-01-01,2016-01-01,"hml,smb,mom",mkt,14,5,121,10,5,mom
2013-01-01_to_2016-01-01,2013-01-01,2016-01-01,"hml,smb,mom",mkt,14,5,121,10,6,hml
2013-01-01_to_2016-01-01,2013-01-01,2016-01-01,"hml,smb,mom",mkt,14,5,121,10,7,hml
2013-01-01_to_2016-01-01,2013-01-01,2016-01-01,"hml,smb,mom",mkt,14,5,121,10,8,smb
2013-01-01_to_2016-01-01,2013-01-01,2016-01-01,"hml,smb,mom",mkt,14,5,121,10,9,mom
2013-01-01_to_2016-01-01,2013-01-01,2016-01-01,"hml,smb,mom",mkt,14,5,121,10,10,hml
2013-01-01_to_2016-01-01,2013-01-01,2016-01-01,"hml,smb,mom",mkt,14,5,124,9,1,mom
2013-01-01_to_2016-01-01,2013-01-01,2016-01-01,"hml,smb,mom",mkt,14,5,124,9,2,mom
2013-01-01_to_2016-01-01,2013-01-01,2016-01-01,"hml,smb,mom",mkt,14,5,124,9,3,mom
2013-01-01_to_2016-01-01,2013-01-01,2016-01-01,"hml,smb,mom",mkt,14,5,124,9,4,mom
2013-01-01_to_2016-01-01,2013-01-01,2016-01-01,"hml,smb,mom",mkt,14,5,124,9,5,mom
2013-01-01_to_2016-01-01,2013-01-01,2016-01-01,"hml,smb,mom",mkt,14,5,124,9,6,hml
2013-01-01_to_2016-01-01,2013-01-01,2016-01-01,"hml,smb,mom",mkt,14,5,124,9,7,hml
2013-01-01_to_2016-01-01,2013-01-01,2016-01-01,"hml,smb,mom",mkt,14,5,124,9,8,hml
2013-01-01_to_2016-01-01,2013-01-01,2016-01-01,"hml,smb,mom",mkt,14,5,124,9,9,smb
2013-01-01_to_2016-01-01,2013-01-01,2016-01-01,"hml,smb,mom",mkt,14,5,126,10,1,mom
2013-01-01_to_2016-01-01,2013-01-01,2016-01-01,"hml,smb,mom",mkt,14,5,126,10,2,mom
2013-01-01_to_2016-01-01,2013-01-01,2016-01-01,"hml,smb,mom",mkt,14,5,126,10,3,mom
2013-01-01_to_2016-01-01,2013-01-01,2016-01-01,"hml,smb,mom",mkt,14,5,126,10,4,mom
2013-01-01_to_2016-01-01,2013-01-01,2016-01-01,"hml,smb,mom",mkt,14,5,126,10,5,mom
2013-01-01_to_2016-01-01,2013-01-01,2016-01-01,"hml,smb,mom",mkt,14,5,126,10,6,hml
2013-01-01_to_2016-01-01,2013-01-01,2016-01-01,"hml,smb,mom",mkt,14,5,126,10,7,hml
2013-01-01_to_2016-01-01,2013-01-01,2016-01-01,"hml,smb,mom",mkt,14,5,126,10,8,hml
2013-01-01_to_2016-01-01,2013-01-01,2016-01-01,"hml,smb,mom",mkt,14,5,126,10,9,smb
2013-01-01_to_2016-01-01,2013-01-01,2016-01-01,"hml,smb,mom",mkt,14,5,126,10,10,smb
2013-01-01_to_2016-01-01,2013-01-01,2016-01-01,"hml,smb,mom",mkt,14,5,127,10,1,mom
2013-01-01_to_2016-01-01,2013-01-01,2016-01-01,"hml,smb,mom",mkt,14,5,127,10,2,mom
2013-01-01_to_2016-01-01,2013-01-01,2016-01-01,"hml,smb,mom",mkt,14,5,127,10,3,mom
2013-01-01_to_2016-01-01,2013-01-01,2016-01-01,"hml,smb,mom",mkt,14,5,127,10,4,mom
2013-01-01_to_2016-01-01,2013-01-01,2016-01-01,"hml,smb,mom",mkt,14,5,127,10,5,mom
2013-01-01_to_2016-01-01,2013-01-01,2016-01-01,"hml,smb,mom",mkt,14,5,127,10,6,hml
2013-01-01_to_2016-01-01,2013-01-01,2016-01-01,"hml,smb,mom",mkt,14,5,127,10,7,hml
2013-01-01_to_2016-01-01,2013-01-01,2016-01-01,"hml,smb,mom",mkt,14,5,127,10,8,hml
2013-01-01_to_2016-01-01,2013-01-01,2016-01-01,"hml,smb,mom",mkt,14,5,127,10,9,smb
2013-01-01_to_2016-01-01,2013-01-01,2016-01-01,"hml,smb,mom",mkt,14,5,127,10,10,smb
2013-01-01_to_2016-01-01,2013-01-01,2016-01-01,"hml,smb,mom",mkt,14,5,129,9,1,mom
2013-01-01_to_2016-01-01,2013-01-01,2016-01-01,"hml,smb,mom",mkt,14,5,129,9,2,mom
2013-01-01_to_2016-01-01,2013-01-01,2016-01-01,"hml,smb,mom",mkt,14,5,129,9,3,mom
2013-01-01_to_2016-01-01,2013-01-01,2016-01-01,"hml,smb,mom",mkt,14,5,129,9,4,mom
2013-01-01_to_2016-01-01,2013-01-01,2016-01-01,"hml,smb,mom",mkt,14,5,129,9,5,mom
2013-01-01_to_2016-01-01,2013-01-01,2016-01-01,"hml,smb,mom",mkt,14,5,129,9,6,hml
2013-01-01_to_2016-01-01,2013-01-01,2016-01-01,"hml,smb,mom",mkt,14,5,129,9,7,hml
2013-01-01_to_2016-01-01,2013-01-01,2016-01-01,"hml,smb,mom",mkt,14,5,129,9,8,hml
2013-01-01_to_2016-01-01,2013-01-01,2016-01-01,"hml,smb,mom",mkt,14,5,129,9,9,smb
2013-01-01_to_2016-01-01,2013-01-01,2016-01-01,"hml,smb,mom",mkt,14,5,130,9,1,mom
2013-01-01_to_2016-01-01,2013-01-01,2016-01-01,"hml,smb,mom",mkt,14,5,130,9,2,mom
2013-01-01_to_2016-01-01,2013-01-01,2016-01-01,"hml,smb,mom",mkt,14,5,130,9,3,mom
2013-01-01_to_2016-01-01,2013-01-01,2016-01-01,"hml,smb,mom",mkt,14,5,130,9,4,mom
2013-01-01_to_2016-01-01,2013-01-01,2016-01-01,"hml,smb,mom",mkt,14,5,130,9,5,mom
2013-01-01_to_2016-01-01,2013-01-01,2016-01-01,"hml,smb,mom",mkt,14,5,130,9,6,hml
2013-01-01_to_2016-01-01,2013-01-01,2016-01-01,"hml,smb,mom",mkt,14,5,130,9,7,hml
2013-01-01_to_2016-01-01,2013-01-01,2016-01-01,"hml,smb,mom",mkt,14,5,130,9,8,hml
2013-01-01_to_2016-01-01,2013-01-01,2016-01-01,"hml,smb,mom",mkt,14,5,130,9,9,smb
2013-01-01_to_2016-01-01,2013-01-01,2016-01-01,"hml,smb,mom",mkt,14,5,133,8,1,mom
2013-01-01_to_2016-01-01,2013-01-01,2016-01-01,"hml,smb,mom",mkt,14,5,133,8,2,mom
2013-01-01_to_2016-01-01,2013-01-01,2016-01-01,"hml,smb,mom",mkt,14,5,133,8,3,mom
2013-01-01_to_2016-01-01,2013-01-01,2016-01-01,"hml,smb,mom",mkt,14,5,133,8,4,mom
2013-01-01_to_2016-01-01,2013-01-01,2016-01-01,"hml,smb,mom",mkt,14,5,133,8,5,mom
2013-01-01_to_2016-01-01,2013-01-01,2016-01-01,"hml,smb,mom",mkt,14,5,133,8,6,hml
2013-01-01_to_2016-01-01,2013-01-01,2016-01-01,"hml,smb,mom",mkt,14,5,133,8,7,mom
2013-01-01_to_2016-01-01,2013-01-01,2016-01-01,"hml,smb,mom",mkt,14,5,133,8,8,smb
2013-01-01_to_2016-01-01,2013-01-01,2016-01-01,"hml,smb,mom",mkt,14,5,136,10,1,mom
2013-01-01_to_2016-01-01,2013-01-01,2016-01-01,"hml,smb,mom",mkt,14,5,136,10,2,mom
2013-01-01_to_2016-01-01,2013-01-01,2016-01-01,"hml,smb,mom",mkt,14,5,136,10,3,mom
2013-01-01_to_2016-01-01,2013-01-01,2016-01-01,"hml,smb,mom",mkt,14,5,136,10,4,mom
2013-01-01_to_2016-01-01,2013-01-01,2016-01-01,"hml,smb,mom",mkt,14,5,136,10,5,mom
2013-01-01_to_2016-01-01,2013-01-01,2016-01-01,"hml,smb,mom",mkt,14,5,136,10,6,hml
2013-01-01_to_2016-01-01,2013-01-01,2016-01-01,"hml,smb,mom",mkt,14,5,136,10,7,mom
2013-01-01_to_2016-01-01,2013-01-01,2016-01-01,"hml,smb,mom",mkt,14,5,136,10,8,smb
2013-01-01_to_2016-01-01,2013-01-01,2016-01-01,"hml,smb,mom",mkt,14,5,136,10,9,smb
2013-01-01_to_2016-01-01,2013-01-01,2016-01-01,"hml,smb,mom",mkt,14,5,136,10,10,hml
2013-01-01_to_2016-01-01,2013-01-01,2016-01-01,"hml,smb,mom",mkt,14,5,137,10,1,mom
2013-01-01_to_2016-01-01,2013-01-01,2016-01-01,"hml,smb,mom",mkt,14,5,137,10,2,mom
2013-01-01_to_2016-01-01,2013-01-01,2016-01-01,"hml,smb,mom",mkt,14,5,137,10,3,mom
2013-01-01_to_2016-01-01,2013-01-01,2016-01-01,"hml,smb,mom",mkt,14,5,137,10,4,mom
2013-01-01_to_2016-01-01,2013-01-01,2016-01-01,"hml,smb,mom",mkt,14,5,137,10,5,mom
2013-01-01_to_2016-01-01,2013-01-01,2016-01-01,"hml,smb,mom",mkt,14,5,137,10,6,hml
2013-01-01_to_2016-01-01,2013-01-01,2016-01-01,"hml,smb,mom",mkt,14,5,137,10,7,mom
2013-01-01_to_2016-01-01,2013-01-01,2016-01-01,"hml,smb,mom",mkt,14,5,137,10,8,smb
2013-01-01_to_2016-01-01,2013-01-01,2016-01-01,"hml,smb,mom",mkt,14,5,137,10,9,smb
2013-01-01_to_2016-01-01,2013-01-01,2016-01-01,"hml,smb,mom",mkt,14,5,137,10,10,hml
2013-01-01_to_2016-01-01,2013-01-01,2016-01-01,"hml,smb,mom",mkt,14,5,140,11,1,mom
2013-01-01_to_2016-01-01,2013-01-01,2016-01-01,"hml,smb,mom",mkt,14,5,140,11,2,mom
2013-01-01_to_2016-01-01,2013-01-01,2016-01-01,"hml,smb,mom",mkt,14,5,140,11,3,mom
2013-01-01_to_2016-01-01,2013-01-01,2016-01-01,"hml,smb,mom",mkt,14,5,140,11,4,mom
2013-01-01_to_2016-01-01,2013-01-01,2016-01-01,"hml,smb,mom",mkt,14,5,140,11,5,mom
2013-01-01_to_2016-01-01,2013-01-01,2016-01-01,"hml,smb,mom",mkt,14,5,140,11,6,hml
2013-01-01_to_2016-01-01,2013-01-01,2016-01-01,"hml,smb,mom",mkt,14,5,140,11,7,mom
2013-01-01_to_2016-01-01,2013-01-01,2016-01-01,"hml,smb,mom",mkt,14,5,140,11,8,smb
2013-01-01_to_2016-01-01,2013-01-01,2016-01-01,"hml,smb,mom",mkt,14,5,140,11,9,smb
2013-01-01_to_2016-01-01,2013-01-01,2016-01-01,"hml,smb,mom",mkt,14,5,140,11,10,hml
2013-01-01_to_2016-01-01,2013-01-01,2016-01-01,"hml,smb,mom",mkt,14,5,140,11,11,smb
2013-01-01_to_2016-01-01,2013-01-01,2016-01-01,"hml,smb,mom",mkt,14,5,141,11,1,mom
2013-01-01_to_2016-01-01,2013-01-01,2016-01-01,"hml,smb,mom",mkt,14,5,141,11,2,mom
2013-01-01_to_2016-01-01,2013-01-01,2016-01-01,"hml,smb,mom",mkt,14,5,141,11,3,mom
2013-01-01_to_2016-01-01,2013-01-01,2016-01-01,"hml,smb,mom",mkt,14,5,141,11,4,mom
2013-01-01_to_2016-01-01,2013-01-01,2016-01-01,"hml,smb,mom",mkt,14,5,141,11,5,mom
2013-01-01_to_2016-01-01,2013-01-01,2016-01-01,"hml,smb,mom",mkt,14,5,141,11,6,hml
2013-01-01_to_2016-01-01,2013-01-01,2016-01-01,"hml,smb,mom",mkt,14,5,141,11,7,mom
2013-01-01_to_2016-01-01,2013-01-01,2016-01-01,"hml,smb,mom",mkt,14,5,141,11,8,smb
2013-01-01_to_2016-01-01,2013-01-01,2016-01-01,"hml,smb,mom",mkt,14,5,141,11,9,smb
2013-01-01_to_2016-01-01,2013-01-01,2016-01-01,"hml,smb,mom",mkt,14,5,141,11,10,hml
2013-01-01_to_2016-01-01,2013-01-01,2016-01-01,"hml,smb,mom",mkt,14,5,141,11,11,smb
2013-01-01_to_2016-01-01,2013-01-01,2016-01-01,"hml,smb,mom",mkt,14,5,142,10,1,mom
2013-01-01_to_2016-01-01,2013-01-01,2016-01-01,"hml,smb,mom",mkt,14,5,142,10,2,mom
2013-01-01_to_2016-01-01,2013-01-01,2016-01-01,"hml,smb,mom",mkt,14,5,142,10,3,mom
2013-01-01_to_2016-01-01,2013-01-01,2016-01-01,"hml,smb,mom",mkt,14,5,142,10,4,mom
2013-01-01_to_2016-01-01,2013-01-01,2016-01-01,"hml,smb,mom",mkt,14,5,142,10,5,mom
2013-01-01_to_2016-01-01,2013-01-01,2016-01-01,"hml,smb,mom",mkt,14,5,142,10,6,hml
2013-01-01_to_2016-01-01,2013-01-01,2016-01-01,"hml,smb,mom",mkt,14,5,142,10,7,mom
2013-01-01_to_2016-01-01,2013-01-01,2016-01-01,"hml,smb,mom",mkt,14,5,142,10,8,smb
2013-01-01_to_2016-01-01,2013-01-01,2016-01-01,"hml,smb,mom",mkt,14,5,142,10,9,smb
2013-01-01_to_2016-01-01,2013-01-01,2016-01-01,"hml,smb,mom",mkt,14,5,142,10,10,hml
2013-01-01_to_2016-01-01,2013-01-01,2016-01-01,"hml,smb,mom",mkt,14,5,144,8,1,mom
2013-01-01_to_2016-01-01,2013-01-01,2016-01-01,"hml,smb,mom",mkt,14,5,144,8,2,mom
2013-01-01_to_2016-01-01,2013-01-01,2016-01-01,"hml,smb,mom",mkt,14,5,144,8,3,mom
2013-01-01_to_2016-01-01,2013-01-01,2016-01-01,"hml,smb,mom",mkt,14,5,144,8,4,mom
2013-01-01_to_2016-01-01,2013-01-01,2016-01-01,"hml,smb,mom",mkt,14,5,144,8,5,mom
2013-01-01_to_2016-01-01,2013-01-01,2016-01-01,"hml,smb,mom",mkt,14,5,144,8,6,hml
2013-01-01_to_2016-01-01,2013-01-01,2016-01-01,"hml,smb,mom",mkt,14,5,144,8,7,mom
2013-01-01_to_2016-01-01,2013-01-01,2016-01-01,"hml,smb,mom",mkt,14,5,144,8,8,hml
2013-01-01_to_2016-01-01,2013-01-01,2016-01-01,"hml,smb,mom",mkt,14,5,146,9,1,mom
2013-01-01_to_2016-01-01,2013-01-01,2016-01-01,"hml,smb,mom",mkt,14,5,146,9,2,mom
2013-01-01_to_2016-01-01,2013-01-01,2016-01-01,"hml,smb,mom",mkt,14,5,146,9,3,mom
2013-01-01_to_2016-01-01,2013-01-01,2016-01-01,"hml,smb,mom",mkt,14,5,146,9,4,mom
2013-01-01_to_2016-01-01,2013-01-01,2016-01-01,"hml,smb,mom",mkt,14,5,146,9,5,mom
2013-01-01_to_2016-01-01,2013-01-01,2016-01-01,"hml,smb,mom",mkt,14,5,146,9,6,hml
2013-01-01_to_2016-01-01,2013-01-01,2016-01-01,"hml,smb,mom",mkt,14,5,146,9,7,mom
2013-01-01_to_2016-01-01,2013-01-01,2016-01-01,"hml,smb,mom",mkt,14,5,146,9,8,hml
2013-01-01_to_2016-01-01,2013-01-01,2016-01-01,"hml,smb,mom",mkt,14,5,146,9,9,smb
2013-01-01_to_2016-01-01,2013-01-01,2016-01-01,"hml,smb,mom",mkt,14,5,147,9,1,mom
2013-01-01_to_2016-01-01,2013-01-01,2016-01-01,"hml,smb,mom",mkt,14,5,147,9,2,mom
2013-01-01_to_2016-01-01,2013-01-01,2016-01-01,"hml,smb,mom",mkt,14,5,147,9,3,mom
2013-01-01_to_2016-01-01,2013-01-01,2016-01-01,"hml,smb,mom",mkt,14,5,147,9,4,mom
2013-01-01_to_2016-01-01,2013-01-01,2016-01-01,"hml,smb,mom",mkt,14,5,147,9,5,mom
2013-01-01_to_2016-01-01,2013-01-01,2016-01-01,"hml,smb,mom",mkt,14,5,147,9,6,hml
2013-01-01_to_2016-01-01,2013-01-01,2016-01-01,"hml,smb,mom",mkt,14,5,147,9,7,mom
2013-01-01_to_2016-01-01,2013-01-01,2016-01-01,"hml,smb,mom",mkt,14,5,147,9,8,hml
2013-01-01_to_2016-01-01,2013-01-01,2016-01-01,"hml,smb,mom",mkt,14,5,147,9,9,smb
2013-01-01_to_2016-01-01,2013-01-01,2016-01-01,"hml,smb,mom",mkt,14,5,154,10,1,mom
2013-01-01_to_2016-01-01,2013-01-01,2016-01-01,"hml,smb,mom",mkt,14,5,154,10,2,mom
2013-01-01_to_2016-01-01,2013-01-01,2016-01-01,"hml,smb,mom",mkt,14,5,154,10,3,mom
2013-01-01_to_2016-01-01,2013-01-01,2016-01-01,"hml,smb,mom",mkt,14,5,154,10,4,mom
2013-01-01_to_2016-01-01,2013-01-01,2016-01-01,"hml,smb,mom",mkt,14,5,154,10,5,mom
2013-01-01_to_2016-01-01,2013-01-01,2016-01-01,"hml,smb,mom",mkt,14,5,154,10,6,mom
2013-01-01_to_2016-01-01,2013-01-01,2016-01-01,"hml,smb,mom",mkt,14,5,154,10,7,hml
2013-01-01_to_2016-01-01,2013-01-01,2016-01-01,"hml,smb,mom",mkt,14,5,154,10,8,hml
2013-01-01_to_2016-01-01,2013-01-01,2016-01-01,"hml,smb,mom",mkt,14,5,154,10,9,hml
2013-01-01_to_2016-01-01,2013-01-01,2016-01-01,"hml,smb,mom",mkt,14,5,154,10,10,hml
2013-01-01_to_2016-01-01,2013-01-01,2016-01-01,"hml,smb,mom",mkt,14,5,157,12,1,mom
2013-01-01_to_2016-01-01,2013-01-01,2016-01-01,"hml,smb,mom",mkt,14,5,157,12,2,mom
2013-01-01_to_2016-01-01,2013-01-01,2016-01-01,"hml,smb,mom",mkt,14,5,157,12,3,mom
2013-01-01_to_2016-01-01,2013-01-01,2016-01-01,"hml,smb,mom",mkt,14,5,157,12,4,mom
2013-01-01_to_2016-01-01,2013-01-01,2016-01-01,"hml,smb,mom",mkt,14,5,157,12,5,mom
2013-01-01_to_2016-01-01,2013-01-01,2016-01-01,"hml,smb,mom",mkt,14,5,157,12,6,mom
2013-01-01_to_2016-01-01,2013-01-01,2016-01-01,"hml,smb,mom",mkt,14,5,157,12,7,hml
2013-01-01_to_2016-01-01,2013-01-01,2016-01-01,"hml,smb,mom",mkt,14,5,157,12,8,hml
2013-01-01_to_2016-01-01,2013-01-01,2016-01-01,"hml,smb,mom",mkt,14,5,157,12,9,hml
2013-01-01_to_2016-01-01,2013-01-01,2016-01-01,"hml,smb,mom",mkt,14,5,157,12,10,hml
2013-01-01_to_2016-01-01,2013-01-01,2016-01-01,"hml,smb,mom",mkt,14,5,157,12,11,mom
2013-01-01_to_2016-01-01,2013-01-01,2016-01-01,"hml,smb,mom",mkt,14,5,157,12,12,smb
2013-01-01_to_2016-01-01,2013-01-01,2016-01-01,"hml,smb,mom",mkt,14,5,158,12,1,mom
2013-01-01_to_2016-01-01,2013-01-01,2016-01-01,"hml,smb,mom",mkt,14,5,158,12,2,mom
2013-01-01_to_2016-01-01,2013-01-01,2016-01-01,"hml,smb,mom",mkt,14,5,158,12,3,mom
2013-01-01_to_2016-01-01,2013-01-01,2016-01-01,"hml,smb,mom",mkt,14,5,158,12,4,mom
2013-01-01_to_2016-01-01,2013-01-01,2016-01-01,"hml,smb,mom",mkt,14,5,158,12,5,mom
2013-01-01_to_2016-01-01,2013-01-01,2016-01-01,"hml,smb,mom",mkt,14,5,158,12,6,mom
2013-01-01_to_2016-01-01,2013-01-01,2016-01-01,"hml,smb,mom",mkt,14,5,158,12,7,hml
2013-01-01_to_2016-01-01,2013-01-01,2016-01-01,"hml,smb,mom",mkt,14,5,158,12,8,hml
2013-01-01_to_2016-01-01,2013-01-01,2016-01-01,"hml,smb,mom",mkt,14,5,158,12,9,hml
2013-01-01_to_2016-01-01,2013-01-01,2016-01-01,"hml,smb,mom",mkt,14,5,158,12,10,hml
2013-01-01_to_2016-01-01,2013-01-01,2016-01-01,"hml,smb,mom",mkt,14,5,158,12,11,mom
2013-01-01_to_2016-01-01,2013-01-01,2016-01-01,"hml,smb,mom",mkt,14,5,158,12,12,smb
2013-01-01_to_2016-01-01,2013-01-01,2016-01-01,"hml,smb,mom",mkt,14,5,159,11,1,mom
2013-01-01_to_2016-01-01,2013-01-01,2016-01-01,"hml,smb,mom",mkt,14,5,159,11,2,mom
2013-01-01_to_2016-01-01,2013-01-01,2016-01-01,"hml,smb,mom",mkt,14,5,159,11,3,mom
2013-01-01_to_2016-01-01,2013-01-01,2016-01-01,"hml,smb,mom",mkt,14,5,159,11,4,mom
2013-01-01_to_2016-01-01,2013-01-01,2016-01-01,"hml,smb,mom",mkt,14,5,159,11,5,mom
2013-01-01_to_2016-01-01,2013-01-01,2016-01-01,"hml,smb,mom",mkt,14,5,159,11,6,mom
2013-01-01_to_2016-01-01,2013-01-01,2016-01-01,"hml,smb,mom",mkt,14,5,159,11,7,hml
2013-01-01_to_2016-01-01,2013-01-01,2016-01-01,"hml,smb,mom",mkt,14,5,159,11,8,hml
2013-01-01_to_2016-01-01,2013-01-01,2016-01-01,"hml,smb,mom",mkt,14,5,159,11,9,hml
2013-01-01_to_2016-01-01,2013-01-01,2016-01-01,"hml,smb,mom",mkt,14,5,159,11,10,hml
2013-01-01_to_2016-01-01,2013-01-01,2016-01-01,"hml,smb,mom",mkt,14,5,159,11,11,mom
2013-01-01_to_2016-01-01,2013-01-01,2016-01-01,"hml,smb,mom",mkt,14,5,161,10,1,mom
2013-01-01_to_2016-01-01,2013-01-01,2016-01-01,"hml,smb,mom",mkt,14,5,161,10,2,mom
2013-01-01_to_2016-01-01,2013-01-01,2016-01-01,"hml,smb,mom",mkt,14,5,161,10,3,mom
2013-01-01_to_2016-01-01,2013-01-01,2016-01-01,"hml,smb,mom",mkt,14,5,161,10,4,mom
2013-01-01_to_2016-01-01,2013-01-01,2016-01-01,"hml,smb,mom",mkt,14,5,161,10,5,mom
2013-01-01_to_2016-01-01,2013-01-01,2016-01-01,"hml,smb,mom",mkt,14,5,161,10,6,mom
2013-01-01_to_2016-01-01,2013-01-01,2016-01-01,"hml,smb,mom",mkt,14,5,161,10,7,hml
2013-01-01_to_2016-01-01,2013-01-01,2016-01-01,"hml,smb,mom",mkt,14,5,161,10,8,hml
2013-01-01_to_2016-01-01,2013-01-01,2016-01-01,"hml,smb,mom",mkt,14,5,161,10,9,hml
2013-01-01_to_2016-01-01,2013-01-01,2016-01-01,"hml,smb,mom",mkt,14,5,161,10,10,hml
2013-01-01_to_2016-01-01,2013-01-01,2016-01-01,"hml,smb,mom",mkt,14,5,162,10,1,mom
2013-01-01_to_2016-01-01,2013-01-01,2016-01-01,"hml,smb,mom",mkt,14,5,162,10,2,mom
2013-01-01_to_2016-01-01,2013-01-01,2016-01-01,"hml,smb,mom",mkt,14,5,162,10,3,mom
2013-01-01_to_2016-01-01,2013-01-01,2016-01-01,"hml,smb,mom",mkt,14,5,162,10,4,mom
2013-01-01_to_2016-01-01,2013-01-01,2016-01-01,"hml,smb,mom",mkt,14,5,162,10,5,mom
2013-01-01_to_2016-01-01,2013-01-01,2016-01-01,"hml,smb,mom",mkt,14,5,162,10,6,mom
2013-01-01_to_2016-01-01,2013-01-01,2016-01-01,"hml,smb,mom",mkt,14,5,162,10,7,hml
2013-01-01_to_2016-01-01,2013-01-01,2016-01-01,"hml,smb,mom",mkt,14,5,162,10,8,hml
2013-01-01_to_2016-01-01,2013-01-01,2016-01-01,"hml,smb,mom",mkt,14,5,162,10,9,hml
2013-01-01_to_2016-01-01,2013-01-01,2016-01-01,"hml,smb,mom",mkt,14,5,162,10,10,hml
2013-01-01_to_2016-01-01,2013-01-01,2016-01-01,"hml,smb,mom",mkt,14,5,164,9,1,mom
2013-01-01_to_2016-01-01,2013-01-01,2016-01-01,"hml,smb,mom",mkt,14,5,164,9,2,mom
2013-01-01_to_2016-01-01,2013-01-01,2016-01-01,"hml,smb,mom",mkt,14,5,164,9,3,mom
2013-01-01_to_2016-01-01,2013-01-01,2016-01-01,"hml,smb,mom",mkt,14,5,164,9,4,mom
2013-01-01_to_2016-01-01,2013-01-01,2016-01-01,"hml,smb,mom",mkt,14,5,164,9,5,mom
2013-01-01_to_2016-01-01,2013-01-01,2016-01-01,"hml,smb,mom",mkt,14,5,164,9,6,mom
2013-01-01_to_2016-01-01,2013-01-01,2016-01-01,"hml,smb,mom",mkt,14,5,164,9,7,hml
2013-01-01_to_2016-01-01,2013-01-01,2016-01-01,"hml,smb,mom",mkt,14,5,164,9,8,hml
2013-01-01_to_2016-01-01,2013-01-01,2016-01-01,"hml,smb,mom",mkt,14,5,164,9,9,hml
2013-01-01_to_2016-01-01,2013-01-01,2016-01-01,"hml,smb,mom",mkt,14,5,165,9,1,mom
2013-01-01_to_2016-01-01,2013-01-01,2016-01-01,"hml,smb,mom",mkt,14,5,165,9,2,mom
2013-01-01_to_2016-01-01,2013-01-01,2016-01-01,"hml,smb,mom",mkt,14,5,165,9,3,mom
2013-01-01_to_2016-01-01,2013-01-01,2016-01-01,"hml,smb,mom",mkt,14,5,165,9,4,mom
2013-01-01_to_2016-01-01,2013-01-01,2016-01-01,"hml,smb,mom",mkt,14,5,165,9,5,mom
2013-01-01_to_2016-01-01,2013-01-01,2016-01-01,"hml,smb,mom",mkt,14,5,165,9,6,mom
2013-01-01_to_2016-01-01,2013-01-01,2016-01-01,"hml,smb,mom",mkt,14,5,165,9,7,hml
2013-01-01_to_2016-01-01,2013-01-01,2016-01-01,"hml,smb,mom",mkt,14,5,165,9,8,hml
2013-01-01_to_2016-01-01,2013-01-01,2016-01-01,"hml,smb,mom",mkt,14,5,165,9,9,hml
2013-01-01_to_2016-01-01,2013-01-01,2016-01-01,"hml,smb,mom",mkt,14,5,167,8,1,mom
2013-01-01_to_2016-01-01,2013-01-01,2016-01-01,"hml,smb,mom",mkt,14,5,167,8,2,mom
2013-01-01_to_2016-01-01,2013-01-01,2016-01-01,"hml,smb,mom",mkt,14,5,167,8,3,mom
2013-01-01_to_2016-01-01,2013-01-01,2016-01-01,"hml,smb,mom",mkt,14,5,167,8,4,mom
2013-01-01_to_2016-01-01,2013-01-01,2016-01-01,"hml,smb,mom",mkt,14,5,167,8,5,mom
2013-01-01_to_2016-01-01,2013-01-01,2016-01-01,"hml,smb,mom",mkt,14,5,167,8,6,mom
2013-01-01_to_2016-01-01,2013-01-01,2016-01-01,"hml,smb,mom",mkt,14,5,167,8,7,hml
2013-01-01_to_2016-01-01,2013-01-01,2016-01-01,"hml,smb,mom",mkt,14,5,167,8,8,mom
2013-01-01_to_2016-01-01,2013-01-01,2016-01-01,"hml,smb,mom",mkt,14,5,169,9,1,mom
2013-01-01_to_2016-01-01,2013-01-01,2016-01-01,"hml,smb,mom",mkt,14,5,169,9,2,mom
2013-01-01_to_2016-01-01,2013-01-01,2016-01-01,"hml,smb,mom",mkt,14,5,169,9,3,mom
2013-01-01_to_2016-01-01,2013-01-01,2016-01-01,"hml,smb,mom",mkt,14,5,169,9,4,mom
2013-01-01_to_2016-01-01,2013-01-01,2016-01-01,"hml,smb,mom",mkt,14,5,169,9,5,mom
2013-01-01_to_2016-01-01,2013-01-01,2016-01-01,"hml,smb,mom",mkt,14,5,169,9,6,mom
2013-01-01_to_2016-01-01,2013-01-01,2016-01-01,"hml,smb,mom",mkt,14,5,169,9,7,hml
2013-01-01_to_2016-01-01,2013-01-01,2016-01-01,"hml,smb,mom",mkt,14,5,169,9,8,mom
2013-01-01_to_2016-01-01,2013-01-01,2016-01-01,"hml,smb,mom",mkt,14,5,169,9,9,mom
2013-01-01_to_2016-01-01,2013-01-01,2016-01-01,"hml,smb,mom",mkt,14,5,170,9,1,mom
2013-01-01_to_2016-01-01,2013-01-01,2016-01-01,"hml,smb,mom",mkt,14,5,170,9,2,mom
2013-01-01_to_2016-01-01,2013-01-01,2016-01-01,"hml,smb,mom",mkt,14,5,170,9,3,mom
2013-01-01_to_2016-01-01,2013-01-01,2016-01-01,"hml,smb,mom",mkt,14,5,170,9,4,mom
2013-01-01_to_2016-01-01,2013-01-01,2016-01-01,"hml,smb,mom",mkt,14,5,170,9,5,mom
2013-01-01_to_2016-01-01,2013-01-01,2016-01-01,"hml,smb,mom",mkt,14,5,170,9,6,mom
2013-01-01_to_2016-01-01,2013-01-01,2016-01-01,"hml,smb,mom",mkt,14,5,170,9,7,hml
2013-01-01_to_2016-01-01,2013-01-01,2016-01-01,"hml,smb,mom",mkt,14,5,170,9,8,mom
2013-01-01_to_2016-01-01,2013-01-01,2016-01-01,"hml,smb,mom",mkt,14,5,170,9,9,mom
2013-01-01_to_2016-01-01,2013-01-01,2016-01-01,"hml,smb,mom",mkt,14,5,173,8,1,mom
2013-01-01_to_2016-01-01,2013-01-01,2016-01-01,"hml,smb,mom",mkt,14,5,173,8,2,mom
2013-01-01_to_2016-01-01,2013-01-01,2016-01-01,"hml,smb,mom",mkt,14,5,173,8,3,mom
2013-01-01_to_2016-01-01,2013-01-01,2016-01-01,"hml,smb,mom",mkt,14,5,173,8,4,mom
2013-01-01_to_2016-01-01,2013-01-01,2016-01-01,"hml,smb,mom",mkt,14,5,173,8,5,mom
2013-01-01_to_2016-01-01,2013-01-01,2016-01-01,"hml,smb,mom",mkt,14,5,173,8,6,mom
2013-01-01_to_2016-01-01,2013-01-01,2016-01-01,"hml,smb,mom",mkt,14,5,173,8,7,hml
2013-01-01_to_2016-01-01,2013-01-01,2016-01-01,"hml,smb,mom",mkt,14,5,173,8,8,smb
2013-01-01_to_2016-01-01,2013-01-01,2016-01-01,"hml,smb,mom",mkt,14,5,175,9,1,mom
2013-01-01_to_2016-01-01,2013-01-01,2016-01-01,"hml,smb,mom",mkt,14,5,175,9,2,mom
2013-01-01_to_2016-01-01,2013-01-01,2016-01-01,"hml,smb,mom",mkt,14,5,175,9,3,mom
2013-01-01_to_2016-01-01,2013-01-01,2016-01-01,"hml,smb,mom",mkt,14,5,175,9,4,mom
2013-01-01_to_2016-01-01,2013-01-01,2016-01-01,"hml,smb,mom",mkt,14,5,175,9,5,mom
2013-01-01_to_2016-01-01,2013-01-01,2016-01-01,"hml,smb,mom",mkt,14,5,175,9,6,mom
2013-01-01_to_2016-01-01,2013-01-01,2016-01-01,"hml,smb,mom",mkt,14,5,175,9,7,hml
2013-01-01_to_2016-01-01,2013-01-01,2016-01-01,"hml,smb,mom",mkt,14,5,175,9,8,smb
2013-01-01_to_2016-01-01,2013-01-01,2016-01-01,"hml,smb,mom",mkt,14,5,175,9,9,smb
2013-01-01_to_2016-01-01,2013-01-01,2016-01-01,"hml,smb,mom",mkt,14,5,177,10,1,mom
2013-01-01_to_2016-01-01,2013-01-01,2016-01-01,"hml,smb,mom",mkt,14,5,177,10,2,mom
2013-01-01_to_2016-01-01,2013-01-01,2016-01-01,"hml,smb,mom",mkt,14,5,177,10,3,mom
2013-01-01_to_2016-01-01,2013-01-01,2016-01-01,"hml,smb,mom",mkt,14,5,177,10,4,mom
2013-01-01_to_2016-01-01,2013-01-01,2016-01-01,"hml,smb,mom",mkt,14,5,177,10,5,mom
2013-01-01_to_2016-01-01,2013-01-01,2016-01-01,"hml,smb,mom",mkt,14,5,177,10,6,mom
2013-01-01_to_2016-01-01,2013-01-01,2016-01-01,"hml,smb,mom",mkt,14,5,177,10,7,hml
2013-01-01_to_2016-01-01,2013-01-01,2016-01-01,"hml,smb,mom",mkt,14,5,177,10,8,smb
2013-01-01_to_2016-01-01,2013-01-01,2016-01-01,"hml,smb,mom",mkt,14,5,177,10,9,smb
2013-01-01_to_2016-01-01,2013-01-01,2016-01-01,"hml,smb,mom",mkt,14,5,177,10,10,smb
2013-01-01_to_2016-01-01,2013-01-01,2016-01-01,"hml,smb,mom",mkt,14,5,178,10,1,mom
2013-01-01_to_2016-01-01,2013-01-01,2016-01-01,"hml,smb,mom",mkt,14,5,178,10,2,mom
2013-01-01_to_2016-01-01,2013-01-01,2016-01-01,"hml,smb,mom",mkt,14,5,178,10,3,mom
2013-01-01_to_2016-01-01,2013-01-01,2016-01-01,"hml,smb,mom",mkt,14,5,178,10,4,mom
2013-01-01_to_2016-01-01,2013-01-01,2016-01-01,"hml,smb,mom",mkt,14,5,178,10,5,mom
2013-01-01_to_2016-01-01,2013-01-01,2016-01-01,"hml,smb,mom",mkt,14,5,178,10,6,mom
2013-01-01_to_2016-01-01,2013-01-01,2016-01-01,"hml,smb,mom",mkt,14,5,178,10,7,hml
2013-01-01_to_2016-01-01,2013-01-01,2016-01-01,"hml,smb,mom",mkt,14,5,178,10,8,smb
2013-01-01_to_2016-01-01,2013-01-01,2016-01-01,"hml,smb,mom",mkt,14,5,178,10,9,smb
2013-01-01_to_2016-01-01,2013-01-01,2016-01-01,"hml,smb,mom",mkt,14,5,178,10,10,smb
2013-01-01_to_2016-01-01,2013-01-01,2016-01-01,"hml,smb,mom",mkt,14,5,181,9,1,mom
2013-01-01_to_2016-01-01,2013-01-01,2016-01-01,"hml,smb,mom",mkt,14,5,181,9,2,mom
2013-01-01_to_2016-01-01,2013-01-01,2016-01-01,"hml,smb,mom",mkt,14,5,181,9,3,mom
2013-01-01_to_2016-01-01,2013-01-01,2016-01-01,"hml,smb,mom",mkt,14,5,181,9,4,mom
2013-01-01_to_2016-01-01,2013-01-01,2016-01-01,"hml,smb,mom",mkt,14,5,181,9,5,mom
2013-01-01_to_2016-01-01,2013-01-01,2016-01-01,"hml,smb,mom",mkt,14,5,181,9,6,mom
2013-01-01_to_2016-01-01,2013-01-01,2016-01-01,"hml,smb,mom",mkt,14,5,181,9,7,hml
2013-01-01_to_2016-01-01,2013-01-01,2016-01-01,"hml,smb,mom",mkt,14,5,181,9,8,mom
2013-01-01_to_2016-01-01,2013-01-01,2016-01-01,"hml,smb,mom",mkt,14,5,181,9,9,mom
2013-01-01_to_2016-01-01,2013-01-01,2016-01-01,"hml,smb,mom",mkt,14,5,182,9,1,mom
2013-01-01_to_2016-01-01,2013-01-01,2016-01-01,"hml,smb,mom",mkt,14,5,182,9,2,mom
2013-01-01_to_2016-01-01,2013-01-01,2016-01-01,"hml,smb,mom",mkt,14,5,182,9,3,mom
2013-01-01_to_2016-01-01,2013-01-01,2016-01-01,"hml,smb,mom",mkt,14,5,182,9,4,mom
2013-01-01_to_2016-01-01,2013-01-01,2016-01-01,"hml,smb,mom",mkt,14,5,182,9,5,mom
2013-01-01_to_2016-01-01,2013-01-01,2016-01-01,"hml,smb,mom",mkt,14,5,182,9,6,mom
2013-01-01_to_2016-01-01,2013-01-01,2016-01-01,"hml,smb,mom",mkt,14,5,182,9,7,hml
2013-01-01_to_2016-01-01,2013-01-01,2016-01-01,"hml,smb,mom",mkt,14,5,182,9,8,mom
2013-01-01_to_2016-01-01,2013-01-01,2016-01-01,"hml,smb,mom",mkt,14,5,182,9,9,mom
2013-01-01_to_2016-01-01,2013-01-01,2016-01-01,"hml,smb,mom",mkt,14,5,184,9,1,mom
2013-01-01_to_2016-01-01,2013-01-01,2016-01-01,"hml,smb,mom",mkt,14,5,184,9,2,mom
2013-01-01_to_2016-01-01,2013-01-01,2016-01-01,"hml,smb,mom",mkt,14,5,184,9,3,mom
2013-01-01_to_2016-01-01,2013-01-01,2016-01-01,"hml,smb,mom",mkt,14,5,184,9,4,mom
2013-01-01_to_2016-01-01,2013-01-01,2016-01-01,"hml,smb,mom",mkt,14,5,184,9,5,mom
2013-01-01_to_2016-01-01,2013-01-01,2016-01-01,"hml,smb,mom",mkt,14,5,184,9,6,mom
2013-01-01_to_2016-01-01,2013-01-01,2016-01-01,"hml,smb,mom",mkt,14,5,184,9,7,hml
2013-01-01_to_2016-01-01,2013-01-01,2016-01-01,"hml,smb,mom",mkt,14,5,184,9,8,mom
2013-01-01_to_2016-01-01,2013-01-01,2016-01-01,"hml,smb,mom",mkt,14,5,184,9,9,hml
2013-01-01_to_2016-01-01,2013-01-01,2016-01-01,"hml,smb,mom",mkt,14,5,185,9,1,mom
2013-01-01_to_2016-01-01,2013-01-01,2016-01-01,"hml,smb,mom",mkt,14,5,185,9,2,mom
2013-01-01_to_2016-01-01,2013-01-01,2016-01-01,"hml,smb,mom",mkt,14,5,185,9,3,mom
2013-01-01_to_2016-01-01,2013-01-01,2016-01-01,"hml,smb,mom",mkt,14,5,185,9,4,mom
2013-01-01_to_2016-01-01,2013-01-01,2016-01-01,"hml,smb,mom",mkt,14,5,185,9,5,mom
2013-01-01_to_2016-01-01,2013-01-01,2016-01-01,"hml,smb,mom",mkt,14,5,185,9,6,mom
2013-01-01_to_2016-01-01,2013-01-01,2016-01-01,"hml,smb,mom",mkt,14,5,185,9,7,hml
2013-01-01_to_2016-01-01,2013-01-01,2016-01-01,"hml,smb,mom",mkt,14,5,185,9,8,mom
2013-01-01_to_2016-01-01,2013-01-01,2016-01-01,"hml,smb,mom",mkt,14,5,185,9,9,hml
2013-01-01_to_2016-01-01,2013-01-01,2016-01-01,"hml,smb,mom",mkt,14,5,187,6,1,mom
2013-01-01_to_2016-01-01,2013-01-01,2016-01-01,"hml,smb,mom",mkt,14,5,187,6,2,mom
2013-01-01_to_2016-01-01,2013-01-01,2016-01-01,"hml,smb,mom",mkt,14,5,187,6,3,mom
2013-01-01_to_2016-01-01,2013-01-01,2016-01-01,"hml,smb,mom",mkt,14,5,187,6,4,mom
2013-01-01_to_2016-01-01,2013-01-01,2016-01-01,"hml,smb,mom",mkt,14,5,187,6,5,mom
2013-01-01_to_2016-01-01,2013-01-01,2016-01-01,"hml,smb,mom",mkt,14,5,187,6,6,hml
2013-01-01_to_2016-01-01,2013-01-01,2016-01-01,"hml,smb,mom",mkt,14,5,189,7,1,mom
2013-01-01_to_2016-01-01,2013-01-01,2016-01-01,"hml,smb,mom",mkt,14,5,189,7,2,mom
2013-01-01_to_2016-01-01,2013-01-01,2016-01-01,"hml,smb,mom",mkt,14,5,189,7,3,mom
2013-01-01_to_2016-01-01,2013-01-01,2016-01-01,"hml,smb,mom",mkt,14,5,189,7,4,mom
2013-01-01_to_2016-01-01,2013-01-01,2016-01-01,"hml,smb,mom",mkt,14,5,189,7,5,mom
2013-01-01_to_2016-01-01,2013-01-01,2016-01-01,"hml,smb,mom",mkt,14,5,189,7,6,hml
2013-01-01_to_2016-01-01,2013-01-01,2016-01-01,"hml,smb,mom",mkt,14,5,189,7,7,hml
2013-01-01_to_2016-01-01,2013-01-01,2016-01-01,"hml,smb,mom",mkt,14,5,192,9,1,mom
2013-01-01_to_2016-01-01,2013-01-01,2016-01-01,"hml,smb,mom",mkt,14,5,192,9,2,mom
2013-01-01_to_2016-01-01,2013-01-01,2016-01-01,"hml,smb,mom",mkt,14,5,192,9,3,mom
2013-01-01_to_2016-01-01,2013-01-01,2016-01-01,"hml,smb,mom",mkt,14,5,192,9,4,mom
2013-01-01_to_2016-01-01,2013-01-01,2016-01-01,"hml,smb,mom",mkt,14,5,192,9,5,mom
2013-01-01_to_2016-01-01,2013-01-01,2016-01-01,"hml,smb,mom",mkt,14,5,192,9,6,hml
2013-01-01_to_2016-01-01,2013-01-01,2016-01-01,"hml,smb,mom",mkt,14,5,192,9,7,hml
2013-01-01_to_2016-01-01,2013-01-01,2016-01-01,"hml,smb,mom",mkt,14,5,192,9,8,hml
2013-01-01_to_2016-01-01,2013-01-01,2016-01-01,"hml,smb,mom",mkt,14,5,192,9,9,smb
2013-01-01_to_2016-01-01,2013-01-01,2016-01-01,"hml,smb,mom",mkt,14,5,194,10,1,mom
2013-01-01_to_2016-01-01,2013-01-01,2016-01-01,"hml,smb,mom",mkt,14,5,194,10,2,mom
2013-01-01_to_2016-01-01,2013-01-01,2016-01-01,"hml,smb,mom",mkt,14,5,194,10,3,mom
2013-01-01_to_2016-01-01,2013-01-01,2016-01-01,"hml,smb,mom",mkt,14,5,194,10,4,mom
2013-01-01_to_2016-01-01,2013-01-01,2016-01-01,"hml,smb,mom",mkt,14,5,194,10,5,mom
2013-01-01_to_2016-01-01,2013-01-01,2016-01-01,"hml,smb,mom",mkt,14,5,194,10,6,hml
2013-01-01_to_2016-01-01,2013-01-01,2016-01-01,"hml,smb,mom",mkt,14,5,194,10,7,hml
2013-01-01_to_2016-01-01,2013-01-01,2016-01-01,"hml,smb,mom",mkt,14,5,194,10,8,hml
2013-01-01_to_2016-01-01,2013-01-01,2016-01-01,"hml,smb,mom",mkt,14,5,194,10,9,smb
2013-01-01_to_2016-01-01,2013-01-01,2016-01-01,"hml,smb,mom",mkt,14,5,194,10,10,mom
2013-01-01_to_2016-01-01,2013-01-01,2016-01-01,"hml,smb,mom",mkt,14,5,195,10,1,mom
2013-01-01_to_2016-01-01,2013-01-01,2016-01-01,"hml,smb,mom",mkt,14,5,195,10,2,mom
2013-01-01_to_2016-01-01,2013-01-01,2016-01-01,"hml,smb,mom",mkt,14,5,195,10,3,mom
2013-01-01_to_2016-01-01,2013-01-01,2016-01-01,"hml,smb,mom",mkt,14,5,195,10,4,mom
2013-01-01_to_2016-01-01,2013-01-01,2016-01-01,"hml,smb,mom",mkt,14,5,195,10,5,mom
2013-01-01_to_2016-01-01,2013-01-01,2016-01-01,"hml,smb,mom",mkt,14,5,195,10,6,hml
2013-01-01_to_2016-01-01,2013-01-01,2016-01-01,"hml,smb,mom",mkt,14,5,195,10,7,hml
2013-01-01_to_2016-01-01,2013-01-01,2016-01-01,"hml,smb,mom",mkt,14,5,195,10,8,hml
2013-01-01_to_2016-01-01,2013-01-01,2016-01-01,"hml,smb,mom",mkt,14,5,195,10,9,smb
2013-01-01_to_2016-01-01,2013-01-01,2016-01-01,"hml,smb,mom",mkt,14,5,195,10,10,mom
2013-01-01_to_2016-01-01,2013-01-01,2016-01-01,"hml,smb,mom",mkt,14,5,199,11,1,mom
2013-01-01_to_2016-01-01,2013-01-01,2016-01-01,"hml,smb,mom",mkt,14,5,199,11,2,mom
2013-01-01_to_2016-01-01,2013-01-01,2016-01-01,"hml,smb,mom",mkt,14,5,199,11,3,mom
2013-01-01_to_2016-01-01,2013-01-01,2016-01-01,"hml,smb,mom",mkt,14,5,199,11,4,mom
2013-01-01_to_2016-01-01,2013-01-01,2016-01-01,"hml,smb,mom",mkt,14,5,199,11,5,mom
2013-01-01_to_2016-01-01,2013-01-01,2016-01-01,"hml,smb,mom",mkt,14,5,199,11,6,hml
2013-01-01_to_2016-01-01,2013-01-01,2016-01-01,"hml,smb,mom",mkt,14,5,199,11,7,hml
2013-01-01_to_2016-01-01,2013-01-01,2016-01-01,"hml,smb,mom",mkt,14,5,199,11,8,hml
2013-01-01_to_2016-01-01,2013-01-01,2016-01-01,"hml,smb,mom",mkt,14,5,199,11,9,smb
2013-01-01_to_2016-01-01,2013-01-01,2016-01-01,"hml,smb,mom",mkt,14,5,199,11,10,mom
2013-01-01_to_2016-01-01,2013-01-01,2016-01-01,"hml,smb,mom",mkt,14,5,199,11,11,hml
2013-01-01_to_2016-01-01,2013-01-01,2016-01-01,"hml,smb,mom",mkt,14,5,200,11,1,mom
2013-01-01_to_2016-01-01,2013-01-01,2016-01-01,"hml,smb,mom",mkt,14,5,200,11,2,mom
2013-01-01_to_2016-01-01,2013-01-01,2016-01-01,"hml,smb,mom",mkt,14,5,200,11,3,mom
2013-01-01_to_2016-01-01,2013-01-01,2016-01-01,"hml,smb,mom",mkt,14,5,200,11,4,mom
2013-01-01_to_2016-01-01,2013-01-01,2016-01-01,"hml,smb,mom",mkt,14,5,200,11,5,mom
2013-01-01_to_2016-01-01,2013-01-01,2016-01-01,"hml,smb,mom",mkt,14,5,200,11,6,hml
2013-01-01_to_2016-01-01,2013-01-01,2016-01-01,"hml,smb,mom",mkt,14,5,200,11,7,hml
2013-01-01_to_2016-01-01,2013-01-01,2016-01-01,"hml,smb,mom",mkt,14,5,200,11,8,hml
2013-01-01_to_2016-01-01,2013-01-01,2016-01-01,"hml,smb,mom",mkt,14,5,200,11,9,smb
2013-01-01_to_2016-01-01,2013-01-01,2016-01-01,"hml,smb,mom",mkt,14,5,200,11,10,mom
2013-01-01_to_2016-01-01,2013-01-01,2016-01-01,"hml,smb,mom",mkt,14,5,200,11,11,hml
2013-01-01_to_2016-01-01,2013-01-01,2016-01-01,"hml,smb,mom",mkt,14,5,202,11,1,mom
2013-01-01_to_2016-01-01,2013-01-01,2016-01-01,"hml,smb,mom",mkt,14,5,202,11,2,mom
2013-01-01_to_2016-01-01,2013-01-01,2016-01-01,"hml,smb,mom",mkt,14,5,202,11,3,mom
2013-01-01_to_2016-01-01,2013-01-01,2016-01-01,"hml,smb,mom",mkt,14,5,202,11,4,mom
2013-01-01_to_2016-01-01,2013-01-01,2016-01-01,"hml,smb,mom",mkt,14,5,202,11,5,mom
2013-01-01_to_2016-01-01,2013-01-01,2016-01-01,"hml,smb,mom",mkt,14,5,202,11,6,hml
2013-01-01_to_2016-01-01,2013-01-01,2016-01-01,"hml,smb,mom",mkt,14,5,202,11,7,hml
2013-01-01_to_2016-01-01,2013-01-01,2016-01-01,"hml,smb,mom",mkt,14,5,202,11,8,hml
2013-01-01_to_2016-01-01,2013-01-01,2016-01-01,"hml,smb,mom",mkt,14,5,202,11,9,smb
2013-01-01_to_2016-01-01,2013-01-01,2016-01-01,"hml,smb,mom",mkt,14,5,202,11,10,mom
2013-01-01_to_2016-01-01,2013-01-01,2016-01-01,"hml,smb,mom",mkt,14,5,202,11,11,smb
2013-01-01_to_2016-01-01,2013-01-01,2016-01-01,"hml,smb,mom",mkt,14,5,203,11,1,mom
2013-01-01_to_2016-01-01,2013-01-01,2016-01-01,"hml,smb,mom",mkt,14,5,203,11,2,mom
2013-01-01_to_2016-01-01,2013-01-01,2016-01-01,"hml,smb,mom",mkt,14,5,203,11,3,mom
2013-01-01_to_2016-01-01,2013-01-01,2016-01-01,"hml,smb,mom",mkt,14,5,203,11,4,mom
2013-01-01_to_2016-01-01,2013-01-01,2016-01-01,"hml,smb,mom",mkt,14,5,203,11,5,mom
2013-01-01_to_2016-01-01,2013-01-01,2016-01-01,"hml,smb,mom",mkt,14,5,203,11,6,hml
2013-01-01_to_2016-01-01,2013-01-01,2016-01-01,"hml,smb,mom",mkt,14,5,203,11,7,hml
2013-01-01_to_2016-01-01,2013-01-01,2016-01-01,"hml,smb,mom",mkt,14,5,203,11,8,hml
2013-01-01_to_2016-01-01,2013-01-01,2016-01-01,"hml,smb,mom",mkt,14,5,203,11,9,smb
2013-01-01_to_2016-01-01,2013-01-01,2016-01-01,"hml,smb,mom",mkt,14,5,203,11,10,mom
2013-01-01_to_2016-01-01,2013-01-01,2016-01-01,"hml,smb,mom",mkt,14,5,203,11,11,smb
2013-01-01_to_2016-01-01,2013-01-01,2016-01-01,"hml,smb,mom",mkt,14,5,205,10,1,mom
2013-01-01_to_2016-01-01,2013-01-01,2016-01-01,"hml,smb,mom",mkt,14,5,205,10,2,mom
2013-01-01_to_2016-01-01,2013-01-01,2016-01-01,"hml,smb,mom",mkt,14,5,205,10,3,mom
2013-01-01_to_2016-01-01,2013-01-01,2016-01-01,"hml,smb,mom",mkt,14,5,205,10,4,mom
2013-01-01_to_2016-01-01,2013-01-01,2016-01-01,"hml,smb,mom",mkt,14,5,205,10,5,mom
2013-01-01_to_2016-01-01,2013-01-01,2016-01-01,"hml,smb,mom",mkt,14,5,205,10,6,hml
2013-01-01_to_2016-01-01,2013-01-01,2016-01-01,"hml,smb,mom",mkt,14,5,205,10,7,hml
2013-01-01_to_2016-01-01,2013-01-01,2016-01-01,"hml,smb,mom",mkt,14,5,205,10,8,hml
2013-01-01_to_2016-01-01,2013-01-01,2016-01-01,"hml,smb,mom",mkt,14,5,205,10,9,smb
2013-01-01_to_2016-01-01,2013-01-01,2016-01-01,"hml,smb,mom",mkt,14,5,205,10,10,hml
2013-01-01_to_2016-01-01,2013-01-01,2016-01-01,"hml,smb,mom",mkt,14,5,206,10,1,mom
2013-01-01_to_2016-01-01,2013-01-01,2016-01-01,"hml,smb,mom",mkt,14,5,206,10,2,mom
2013-01-01_to_2016-01-01,2013-01-01,2016-01-01,"hml,smb,mom",mkt,14,5,206,10,3,mom
2013-01-01_to_2016-01-01,2013-01-01,2016-01-01,"hml,smb,mom",mkt,14,5,206,10,4,mom
2013-01-01_to_2016-01-01,2013-01-01,2016-01-01,"hml,smb,mom",mkt,14,5,206,10,5,mom
2013-01-01_to_2016-01-01,2013-01-01,2016-01-01,"hml,smb,mom",mkt,14,5,206,10,6,hml
2013-01-01_to_2016-01-01,2013-01-01,2016-01-01,"hml,smb,mom",mkt,14,5,206,10,7,hml
2013-01-01_to_2016-01-01,2013-01-01,2016-01-01,"hml,smb,mom",mkt,14,5,206,10,8,hml
2013-01-01_to_2016-01-01,2013-01-01,2016-01-01,"hml,smb,mom",mkt,14,5,206,10,9,smb
2013-01-01_to_2016-01-01,2013-01-01,2016-01-01,"hml,smb,mom",mkt,14,5,206,10,10,hml
2013-01-01_to_2016-01-01,2013-01-01,2016-01-01,"hml,smb,mom",mkt,14,5,212,7,1,mom
2013-01-01_to_2016-01-01,2013-01-01,2016-01-01,"hml,smb,mom",mkt,14,5,212,7,2,mom
2013-01-01_to_2016-01-01,2013-01-01,2016-01-01,"hml,smb,mom",mkt,14,5,212,7,3,mom
2013-01-01_to_2016-01-01,2013-01-01,2016-01-01,"hml,smb,mom",mkt,14,5,212,7,4,mom
2013-01-01_to_2016-01-01,2013-01-01,2016-01-01,"hml,smb,mom",mkt,14,5,212,7,5,mom
2013-01-01_to_2016-01-01,2013-01-01,2016-01-01,"hml,smb,mom",mkt,14,5,212,7,6,hml
2013-01-01_to_2016-01-01,2013-01-01,2016-01-01,"hml,smb,mom",mkt,14,5,212,7,7,hml
2013-01-01_to_2016-01-01,2013-01-01,2016-01-01,"hml,smb,mom",mkt,14,5,213,7,1,mom
2013-01-01_to_2016-01-01,2013-01-01,2016-01-01,"hml,smb,mom",mkt,14,5,213,7,2,mom
2013-01-01_to_2016-01-01,2013-01-01,2016-01-01,"hml,smb,mom",mkt,14,5,213,7,3,mom
2013-01-01_to_2016-01-01,2013-01-01,2016-01-01,"hml,smb,mom",mkt,14,5,213,7,4,mom
2013-01-01_to_2016-01-01,2013-01-01,2016-01-01,"hml,smb,mom",mkt,14,5,213,7,5,mom
2013-01-01_to_2016-01-01,2013-01-01,2016-01-01,"hml,smb,mom",mkt,14,5,213,7,6,hml
2013-01-01_to_2016-01-01,2013-01-01,2016-01-01,"hml,smb,mom",mkt,14,5,213,7,7,hml
2013-01-01_to_2016-01-01,2013-01-01,2016-01-01,"hml,smb,mom",mkt,14,5,218,10,1,mom
2013-01-01_to_2016-01-01,2013-01-01,2016-01-01,"hml,smb,mom",mkt,14,5,218,10,2,mom
2013-01-01_to_2016-01-01,2013-01-01,2016-01-01,"hml,smb,mom",mkt,14,5,218,10,3,mom
2013-01-01_to_2016-01-01,2013-01-01,2016-01-01,"hml,smb,mom",mkt,14,5,218,10,4,mom
2013-01-01_to_2016-01-01,2013-01-01,2016-01-01,"hml,smb,mom",mkt,14,5,218,10,5,mom
2013-01-01_to_2016-01-01,2013-01-01,2016-01-01,"hml,smb,mom",mkt,14,5,218,10,6,hml
2013-01-01_to_2016-01-01,2013-01-01,2016-01-01,"hml,smb,mom",mkt,14,5,218,10,7,smb
2013-01-01_to_2016-01-01,2013-01-01,2016-01-01,"hml,smb,mom",mkt,14,5,218,10,8,hml
2013-01-01_to_2016-01-01,2013-01-01,2016-01-01,"hml,smb,mom",mkt,14,5,218,10,9,hml
2013-01-01_to_2016-01-01,2013-01-01,2016-01-01,"hml,smb,mom",mkt,14,5,218,10,10,hml
2013-01-01_to_2016-01-01,2013-01-01,2016-01-01,"hml,smb,mom",mkt,14,5,219,10,1,mom
2013-01-01_to_2016-01-01,2013-01-01,2016-01-01,"hml,smb,mom",mkt,14,5,219,10,2,mom
2013-01-01_to_2016-01-01,2013-01-01,2016-01-01,"hml,smb,mom",mkt,14,5,219,10,3,mom
2013-01-01_to_2016-01-01,2013-01-01,2016-01-01,"hml,smb,mom",mkt,14,5,219,10,4,mom
2013-01-01_to_2016-01-01,2013-01-01,2016-01-01,"hml,smb,mom",mkt,14,5,219,10,5,mom
2013-01-01_to_2016-01-01,2013-01-01,2016-01-01,"hml,smb,mom",mkt,14,5,219,10,6,hml
2013-01-01_to_2016-01-01,2013-01-01,2016-01-01,"hml,smb,mom",mkt,14,5,219,10,7,smb
2013-01-01_to_2016-01-01,2013-01-01,2016-01-01,"hml,smb,mom",mkt,14,5,219,10,8,hml
2013-01-01_to_2016-01-01,2013-01-01,2016-01-01,"hml,smb,mom",mkt,14,5,219,10,9,hml
2013-01-01_to_2016-01-01,2013-01-01,2016-01-01,"hml,smb,mom",mkt,14,5,219,10,10,hml
2013-01-01_to_2016-01-01,2013-01-01,2016-01-01,"hml,smb,mom",mkt,14,5,221,10,1,mom
2013-01-01_to_2016-01-01,2013-01-01,2016-01-01,"hml,smb,mom",mkt,14,5,221,10,2,mom
2013-01-01_to_2016-01-01,2013-01-01,2016-01-01,"hml,smb,mom",mkt,14,5,221,10,3,mom
2013-01-01_to_2016-01-01,2013-01-01,2016-01-01,"hml,smb,mom",mkt,14,5,221,10,4,mom
2013-01-01_to_2016-01-01,2013-01-01,2016-01-01,"hml,smb,mom",mkt,14,5,221,10,5,mom
2013-01-01_to_2016-01-01,2013-01-01,2016-01-01,"hml,smb,mom",mkt,14,5,221,10,6,hml
2013-01-01_to_2016-01-01,2013-01-01,2016-01-01,"hml,smb,mom",mkt,14,5,221,10,7,smb
2013-01-01_to_2016-01-01,2013-01-01,2016-01-01,"hml,smb,mom",mkt,14,5,221,10,8,hml
2013-01-01_to_2016-01-01,2013-01-01,2016-01-01,"hml,smb,mom",mkt,14,5,221,10,9,hml
2013-01-01_to_2016-01-01,2013-01-01,2016-01-01,"hml,smb,mom",mkt,14,5,221,10,10,hml
2013-01-01_to_2016-01-01,2013-01-01,2016-01-01,"hml,smb,mom",mkt,14,5,222,10,1,mom
2013-01-01_to_2016-01-01,2013-01-01,2016-01-01,"hml,smb,mom",mkt,14,5,222,10,2,mom
2013-01-01_to_2016-01-01,2013-01-01,2016-01-01,"hml,smb,mom",mkt,14,5,222,10,3,mom
2013-01-01_to_2016-01-01,2013-01-01,2016-01-01,"hml,smb,mom",mkt,14,5,222,10,4,mom
2013-01-01_to_2016-01-01,2013-01-01,2016-01-01,"hml,smb,mom",mkt,14,5,222,10,5,mom
2013-01-01_to_2016-01-01,2013-01-01,2016-01-01,"hml,smb,mom",mkt,14,5,222,10,6,hml
2013-01-01_to_2016-01-01,2013-01-01,2016-01-01,"hml,smb,mom",mkt,14,5,222,10,7,smb
2013-01-01_to_2016-01-01,2013-01-01,2016-01-01,"hml,smb,mom",mkt,14,5,222,10,8,hml
2013-01-01_to_2016-01-01,2013-01-01,2016-01-01,"hml,smb,mom",mkt,14,5,222,10,9,hml
2013-01-01_to_2016-01-01,2013-01-01,2016-01-01,"hml,smb,mom",mkt,14,5,222,10,10,hml
2013-01-01_to_2016-01-01,2013-01-01,2016-01-01,"hml,smb,mom",mkt,14,5,223,8,1,mom
2013-01-01_to_2016-01-01,2013-01-01,2016-01-01,"hml,smb,mom",mkt,14,5,223,8,2,mom
2013-01-01_to_2016-01-01,2013-01-01,2016-01-01,"hml,smb,mom",mkt,14,5,223,8,3,mom
2013-01-01_to_2016-01-01,2013-01-01,2016-01-01,"hml,smb,mom",mkt,14,5,223,8,4,mom
2013-01-01_to_2016-01-01,2013-01-01,2016-01-01,"hml,smb,mom",mkt,14,5,223,8,5,mom
2013-01-01_to_2016-01-01,2013-01-01,2016-01-01,"hml,smb,mom",mkt,14,5,223,8,6,hml
2013-01-01_to_2016-01-01,2013-01-01,2016-01-01,"hml,smb,mom",mkt,14,5,223,8,7,smb
2013-01-01_to_2016-01-01,2013-01-01,2016-01-01,"hml,smb,mom",mkt,14,5,223,8,8,hml
2013-01-01_to_2016-01-01,2013-01-01,2016-01-01,"hml,smb,mom",mkt,14,5,226,9,1,mom
2013-01-01_to_2016-01-01,2013-01-01,2016-01-01,"hml,smb,mom",mkt,14,5,226,9,2,mom
2013-01-01_to_2016-01-01,2013-01-01,2016-01-01,"hml,smb,mom",mkt,14,5,226,9,3,mom
2013-01-01_to_2016-01-01,2013-01-01,2016-01-01,"hml,smb,mom",mkt,14,5,226,9,4,mom
2013-01-01_to_2016-01-01,2013-01-01,2016-01-01,"hml,smb,mom",mkt,14,5,226,9,5,mom
2013-01-01_to_2016-01-01,2013-01-01,2016-01-01,"hml,smb,mom",mkt,14,5,226,9,6,hml
2013-01-01_to_2016-01-01,2013-01-01,2016-01-01,"hml,smb,mom",mkt,14,5,226,9,7,smb
2013-01-01_to_2016-01-01,2013-01-01,2016-01-01,"hml,smb,mom",mkt,14,5,226,9,8,smb
2013-01-01_to_2016-01-01,2013-01-01,2016-01-01,"hml,smb,mom",mkt,14,5,226,9,9,mom
2013-01-01_to_2016-01-01,2013-01-01,2016-01-01,"hml,smb,mom",mkt,14,5,228,10,1,mom
2013-01-01_to_2016-01-01,2013-01-01,2016-01-01,"hml,smb,mom",mkt,14,5,228,10,2,mom
2013-01-01_to_2016-01-01,2013-01-01,2016-01-01,"hml,smb,mom",mkt,14,5,228,10,3,mom
2013-01-01_to_2016-01-01,2013-01-01,2016-01-01,"hml,smb,mom",mkt,14,5,228,10,4,mom
2013-01-01_to_2016-01-01,2013-01-01,2016-01-01,"hml,smb,mom",mkt,14,5,228,10,5,mom
2013-01-01_to_2016-01-01,2013-01-01,2016-01-01,"hml,smb,mom",mkt,14,5,228,10,6,hml
2013-01-01_to_2016-01-01,2013-01-01,2016-01-01,"hml,smb,mom",mkt,14,5,228,10,7,smb
2013-01-01_to_2016-01-01,2013-01-01,2016-01-01,"hml,smb,mom",mkt,14,5,228,10,8,smb
2013-01-01_to_2016-01-01,2013-01-01,2016-01-01,"hml,smb,mom",mkt,14,5,228,10,9,mom
2013-01-01_to_2016-01-01,2013-01-01,2016-01-01,"hml,smb,mom",mkt,14,5,228,10,10,smb
2013-01-01_to_2016-01-01,2013-01-01,2016-01-01,"hml,smb,mom",mkt,14,5,229,10,1,mom
2013-01-01_to_2016-01-01,2013-01-01,2016-01-01,"hml,smb,mom",mkt,14,5,229,10,2,mom
2013-01-01_to_2016-01-01,2013-01-01,2016-01-01,"hml,smb,mom",mkt,14,5,229,10,3,mom
2013-01-01_to_2016-01-01,2013-01-01,2016-01-01,"hml,smb,mom",mkt,14,5,229,10,4,mom
2013-01-01_to_2016-01-01,2013-01-01,2016-01-01,"hml,smb,mom",mkt,14,5,229,10,5,mom
2013-01-01_to_2016-01-01,2013-01-01,2016-01-01,"hml,smb,mom",mkt,14,5,229,10,6,hml
2013-01-01_to_2016-01-01,2013-01-01,2016-01-01,"hml,smb,mom",mkt,14,5,229,10,7,smb
2013-01-01_to_2016-01-01,2013-01-01,2016-01-01,"hml,smb,mom",mkt,14,5,229,10,8,smb
2013-01-01_to_2016-01-01,2013-01-01,2016-01-01,"hml,smb,mom",mkt,14,5,229,10,9,mom
2013-01-01_to_2016-01-01,2013-01-01,2016-01-01,"hml,smb,mom",mkt,14,5,229,10,10,smb
2013-01-01_to_2016-01-01,2013-01-01,2016-01-01,"hml,smb,mom",mkt,14,5,232,10,1,mom
2013-01-01_to_2016-01-01,2013-01-01,2016-01-01,"hml,smb,mom",mkt,14,5,232,10,2,mom
2013-01-01_to_2016-01-01,2013-01-01,2016-01-01,"hml,smb,mom",mkt,14,5,232,10,3,mom
2013-01-01_to_2016-01-01,2013-01-01,2016-01-01,"hml,smb,mom",mkt,14,5,232,10,4,mom
2013-01-01_to_2016-01-01,2013-01-01,2016-01-01,"hml,smb,mom",mkt,14,5,232,10,5,mom
2013-01-01_to_2016-01-01,2013-01-01,2016-01-01,"hml,smb,mom",mkt,14,5,232,10,6,hml
2013-01-01_to_2016-01-01,2013-01-01,2016-01-01,"hml,smb,mom",mkt,14,5,232,10,7,smb
2013-01-01_to_2016-01-01,2013-01-01,2016-01-01,"hml,smb,mom",mkt,14,5,232,10,8,smb
2013-01-01_to_2016-01-01,2013-01-01,2016-01-01,"hml,smb,mom",mkt,14,5,232,10,9,mom
2013-01-01_to_2016-01-01,2013-01-01,2016-01-01,"hml,smb,mom",mkt,14,5,232,10,10,mom
2013-01-01_to_2016-01-01,2013-01-01,2016-01-01,"hml,smb,mom",mkt,14,5,233,10,1,mom
2013-01-01_to_2016-01-01,2013-01-01,2016-01-01,"hml,smb,mom",mkt,14,5,233,10,2,mom
2013-01-01_to_2016-01-01,2013-01-01,2016-01-01,"hml,smb,mom",mkt,14,5,233,10,3,mom
2013-01-01_to_2016-01-01,2013-01-01,2016-01-01,"hml,smb,mom",mkt,14,5,233,10,4,mom
2013-01-01_to_2016-01-01,2013-01-01,2016-01-01,"hml,smb,mom",mkt,14,5,233,10,5,mom
2013-01-01_to_2016-01-01,2013-01-01,2016-01-01,"hml,smb,mom",mkt,14,5,233,10,6,hml
2013-01-01_to_2016-01-01,2013-01-01,2016-01-01,"hml,smb,mom",mkt,14,5,233,10,7,smb
2013-01-01_to_2016-01-01,2013-01-01,2016-01-01,"hml,smb,mom",mkt,14,5,233,10,8,smb
2013-01-01_to_2016-01-01,2013-01-01,2016-01-01,"hml,smb,mom",mkt,14,5,233,10,9,mom
2013-01-01_to_2016-01-01,2013-01-01,2016-01-01,"hml,smb,mom",mkt,14,5,233,10,10,mom
2013-01-01_to_2016-01-01,2013-01-01,2016-01-01,"hml,smb,mom",mkt,14,5,234,9,1,mom
2013-01-01_to_2016-01-01,2013-01-01,2016-01-01,"hml,smb,mom",mkt,14,5,234,9,2,mom
2013-01-01_to_2016-01-01,2013-01-01,2016-01-01,"hml,smb,mom",mkt,14,5,234,9,3,mom
2013-01-01_to_2016-01-01,2013-01-01,2016-01-01,"hml,smb,mom",mkt,14,5,234,9,4,mom
2013-01-01_to_2016-01-01,2013-01-01,2016-01-01,"hml,smb,mom",mkt,14,5,234,9,5,mom
2013-01-01_to_2016-01-01,2013-01-01,2016-01-01,"hml,smb,mom",mkt,14,5,234,9,6,hml
2013-01-01_to_2016-01-01,2013-01-01,2016-01-01,"hml,smb,mom",mkt,14,5,234,9,7,smb
2013-01-01_to_2016-01-01,2013-01-01,2016-01-01,"hml,smb,mom",mkt,14,5,234,9,8,smb
2013-01-01_to_2016-01-01,2013-01-01,2016-01-01,"hml,smb,mom",mkt,14,5,234,9,9,mom
2013-01-01_to_2016-01-01,2013-01-01,2016-01-01,"hml,smb,mom",mkt,14,5,238,8,1,mom
2013-01-01_to_2016-01-01,2013-01-01,2016-01-01,"hml,smb,mom",mkt,14,5,238,8,2,mom
2013-01-01_to_2016-01-01,2013-01-01,2016-01-01,"hml,smb,mom",mkt,14,5,238,8,3,mom
2013-01-01_to_2016-01-01,2013-01-01,2016-01-01,"hml,smb,mom",mkt,14,5,238,8,4,mom
2013-01-01_to_2016-01-01,2013-01-01,2016-01-01,"hml,smb,mom",mkt,14,5,238,8,5,mom
2013-01-01_to_2016-01-01,2013-01-01,2016-01-01,"hml,smb,mom",mkt,14,5,238,8,6,smb
2013-01-01_to_2016-01-01,2013-01-01,2016-01-01,"hml,smb,mom",mkt,14,5,238,8,7,hml
2013-01-01_to_2016-01-01,2013-01-01,2016-01-01,"hml,smb,mom",mkt,14,5,238,8,8,hml
2013-01-01_to_2016-01-01,2013-01-01,2016-01-01,"hml,smb,mom",mkt,14,5,240,9,1,mom
2013-01-01_to_2016-01-01,2013-01-01,2016-01-01,"hml,smb,mom",mkt,14,5,240,9,2,mom
2013-01-01_to_2016-01-01,2013-01-01,2016-01-01,"hml,smb,mom",mkt,14,5,240,9,3,mom
2013-01-01_to_2016-01-01,2013-01-01,2016-01-01,"hml,smb,mom",mkt,14,5,240,9,4,mom
2013-01-01_to_2016-01-01,2013-01-01,2016-01-01,"hml,smb,mom",mkt,14,5,240,9,5,mom
2013-01-01_to_2016-01-01,2013-01-01,2016-01-01,"hml,smb,mom",mkt,14,5,240,9,6,smb
2013-01-01_to_2016-01-01,2013-01-01,2016-01-01,"hml,smb,mom",mkt,14,5,240,9,7,hml
2013-01-01_to_2016-01-01,2013-01-01,2016-01-01,"hml,smb,mom",mkt,14,5,240,9,8,hml
2013-01-01_to_2016-01-01,2013-01-01,2016-01-01,"hml,smb,mom",mkt,14,5,240,9,9,smb
2013-01-01_to_2016-01-01,2013-01-01,2016-01-01,"hml,smb,mom",mkt,14,5,242,10,1,mom
2013-01-01_to_2016-01-01,2013-01-01,2016-01-01,"hml,smb,mom",mkt,14,5,242,10,2,mom
2013-01-01_to_2016-01-01,2013-01-01,2016-01-01,"hml,smb,mom",mkt,14,5,242,10,3,mom
2013-01-01_to_2016-01-01,2013-01-01,2016-01-01,"hml,smb,mom",mkt,14,5,242,10,4,mom
2013-01-01_to_2016-01-01,2013-01-01,2016-01-01,"hml,smb,mom",mkt,14,5,242,10,5,mom
2013-01-01_to_2016-01-01,2013-01-01,2016-01-01,"hml,smb,mom",mkt,14,5,242,10,6,smb
2013-01-01_to_2016-01-01,2013-01-01,2016-01-01,"hml,smb,mom",mkt,14,5,242,10,7,hml
2013-01-01_to_2016-01-01,2013-01-01,2016-01-01,"hml,smb,mom",mkt,14,5,242,10,8,hml
2013-01-01_to_2016-01-01,2013-01-01,2016-01-01,"hml,smb,mom",mkt,14,5,242,10,9,smb
2013-01-01_to_2016-01-01,2013-01-01,2016-01-01,"hml,smb,mom",mkt,14,5,242,10,10,smb
2013-01-01_to_2016-01-01,2013-01-01,2016-01-01,"hml,smb,mom",mkt,14,5,247,14,1,mom
2013-01-01_to_2016-01-01,2013-01-01,2016-01-01,"hml,smb,mom",mkt,14,5,247,14,2,mom
2013-01-01_to_2016-01-01,2013-01-01,2016-01-01,"hml,smb,mom",mkt,14,5,247,14,3,mom
2013-01-01_to_2016-01-01,2013-01-01,2016-01-01,"hml,smb,mom",mkt,14,5,247,14,4,mom
2013-01-01_to_2016-01-01,2013-01-01,2016-01-01,"hml,smb,mom",mkt,14,5,247,14,5,mom
2013-01-01_to_2016-01-01,2013-01-01,2016-01-01,"hml,smb,mom",mkt,14,5,247,14,6,smb
2013-01-01_to_2016-01-01,2013-01-01,2016-01-01,"hml,smb,mom",mkt,14,5,247,14,7,hml
2013-01-01_to_2016-01-01,2013-01-01,2016-01-01,"hml,smb,mom",mkt,14,5,247,14,8,hml
2013-01-01_to_2016-01-01,2013-01-01,2016-01-01,"hml,smb,mom",mkt,14,5,247,14,9,smb
2013-01-01_to_2016-01-01,2013-01-01,2016-01-01,"hml,smb,mom",mkt,14,5,247,14,10,smb
2013-01-01_to_2016-01-01,2013-01-01,2016-01-01,"hml,smb,mom",mkt,14,5,247,14,11,smb
2013-01-01_to_2016-01-01,2013-01-01,2016-01-01,"hml,smb,mom",mkt,14,5,247,14,12,smb
2013-01-01_to_2016-01-01,2013-01-01,2016-01-01,"hml,smb,mom",mkt,14,5,247,14,13,smb
2013-01-01_to_2016-01-01,2013-01-01,2016-01-01,"hml,smb,mom",mkt,14,5,247,14,14,hml
2013-01-01_to_2016-01-01,2013-01-01,2016-01-01,"hml,smb,mom",mkt,14,5,248,14,1,mom
2013-01-01_to_2016-01-01,2013-01-01,2016-01-01,"hml,smb,mom",mkt,14,5,248,14,2,mom
2013-01-01_to_2016-01-01,2013-01-01,2016-01-01,"hml,smb,mom",mkt,14,5,248,14,3,mom
2013-01-01_to_2016-01-01,2013-01-01,2016-01-01,"hml,smb,mom",mkt,14,5,248,14,4,mom
2013-01-01_to_2016-01-01,2013-01-01,2016-01-01,"hml,smb,mom",mkt,14,5,248,14,5,mom
2013-01-01_to_2016-01-01,2013-01-01,2016-01-01,"hml,smb,mom",mkt,14,5,248,14,6,smb
2013-01-01_to_2016-01-01,2013-01-01,2016-01-01,"hml,smb,mom",mkt,14,5,248,14,7,hml
2013-01-01_to_2016-01-01,2013-01-01,2016-01-01,"hml,smb,mom",mkt,14,5,248,14,8,hml
2013-01-01_to_2016-01-01,2013-01-01,2016-01-01,"hml,smb,mom",mkt,14,5,248,14,9,smb
2013-01-01_to_2016-01-01,2013-01-01,2016-01-01,"hml,smb,mom",mkt,14,5,248,14,10,smb
2013-01-01_to_2016-01-01,2013-01-01,2016-01-01,"hml,smb,mom",mkt,14,5,248,14,11,smb
2013-01-01_to_2016-01-01,2013-01-01,2016-01-01,"hml,smb,mom",mkt,14,5,248,14,12,smb
2013-01-01_to_2016-01-01,2013-01-01,2016-01-01,"hml,smb,mom",mkt,14,5,248,14,13,smb
2013-01-01_to_2016-01-01,2013-01-01,2016-01-01,"hml,smb,mom",mkt,14,5,248,14,14,hml
2013-01-01_to_2016-01-01,2013-01-01,2016-01-01,"hml,smb,mom",mkt,14,5,249,13,1,mom
2013-01-01_to_2016-01-01,2013-01-01,2016-01-01,"hml,smb,mom",mkt,14,5,249,13,2,mom
2013-01-01_to_2016-01-01,2013-01-01,2016-01-01,"hml,smb,mom",mkt,14,5,249,13,3,mom
2013-01-01_to_2016-01-01,2013-01-01,2016-01-01,"hml,smb,mom",mkt,14,5,249,13,4,mom
2013-01-01_to_2016-01-01,2013-01-01,2016-01-01,"hml,smb,mom",mkt,14,5,249,13,5,mom
2013-01-01_to_2016-01-01,2013-01-01,2016-01-01,"hml,smb,mom",mkt,14,5,249,13,6,smb
2013-01-01_to_2016-01-01,2013-01-01,2016-01-01,"hml,smb,mom",mkt,14,5,249,13,7,hml
2013-01-01_to_2016-01-01,2013-01-01,2016-01-01,"hml,smb,mom",mkt,14,5,249,13,8,hml
2013-01-01_to_2016-01-01,2013-01-01,2016-01-01,"hml,smb,mom",mkt,14,5,249,13,9,smb
2013-01-01_to_2016-01-01,2013-01-01,2016-01-01,"hml,smb,mom",mkt,14,5,249,13,10,smb
2013-01-01_to_2016-01-01,2013-01-01,2016-01-01,"hml,smb,mom",mkt,14,5,249,13,11,smb
2013-01-01_to_2016-01-01,2013-01-01,2016-01-01,"hml,smb,mom",mkt,14,5,249,13,12,smb
2013-01-01_to_2016-01-01,2013-01-01,2016-01-01,"hml,smb,mom",mkt,14,5,249,13,13,smb
2013-01-01_to_2016-01-01,2013-01-01,2016-01-01,"hml,smb,mom",mkt,14,5,250,12,1,mom
2013-01-01_to_2016-01-01,2013-01-01,2016-01-01,"hml,smb,mom",mkt,14,5,250,12,2,mom
2013-01-01_to_2016-01-01,2013-01-01,2016-01-01,"hml,smb,mom",mkt,14,5,250,12,3,mom
2013-01-01_to_2016-01-01,2013-01-01,2016-01-01,"hml,smb,mom",mkt,14,5,250,12,4,mom
2013-01-01_to_2016-01-01,2013-01-01,2016-01-01,"hml,smb,mom",mkt,14,5,250,12,5,mom
2013-01-01_to_2016-01-01,2013-01-01,2016-01-01,"hml,smb,mom",mkt,14,5,250,12,6,smb
2013-01-01_to_2016-01-01,2013-01-01,2016-01-01,"hml,smb,mom",mkt,14,5,250,12,7,hml
2013-01-01_to_2016-01-01,2013-01-01,2016-01-01,"hml,smb,mom",mkt,14,5,250,12,8,hml
2013-01-01_to_2016-01-01,2013-01-01,2016-01-01,"hml,smb,mom",mkt,14,5,250,12,9,smb
2013-01-01_to_2016-01-01,2013-01-01,2016-01-01,"hml,smb,mom",mkt,14,5,250,12,10,smb
2013-01-01_to_2016-01-01,2013-01-01,2016-01-01,"hml,smb,mom",mkt,14,5,250,12,11,smb
2013-01-01_to_2016-01-01,2013-01-01,2016-01-01,"hml,smb,mom",mkt,14,5,250,12,12,smb
2013-01-01_to_2016-01-01,2013-01-01,2016-01-01,"hml,smb,mom",mkt,14,5,251,11,1,mom
2013-01-01_to_2016-01-01,2013-01-01,2016-01-01,"hml,smb,mom",mkt,14,5,251,11,2,mom
2013-01-01_to_2016-01-01,2013-01-01,2016-01-01,"hml,smb,mom",mkt,14,5,251,11,3,mom
2013-01-01_to_2016-01-01,2013-01-01,2016-01-01,"hml,smb,mom",mkt,14,5,251,11,4,mom
2013-01-01_to_2016-01-01,2013-01-01,2016-01-01,"hml,smb,mom",mkt,14,5,251,11,5,mom
2013-01-01_to_2016-01-01,2013-01-01,2016-01-01,"hml,smb,mom",mkt,14,5,251,11,6,smb
2013-01-01_to_2016-01-01,2013-01-01,2016-01-01,"hml,smb,mom",mkt,14,5,251,11,7,hml
2013-01-01_to_2016-01-01,2013-01-01,2016-01-01,"hml,smb,mom",mkt,14,5,251,11,8,hml
2013-01-01_to_2016-01-01,2013-01-01,2016-01-01,"hml,smb,mom",mkt,14,5,251,11,9,smb
2013-01-01_to_2016-01-01,2013-01-01,2016-01-01,"hml,smb,mom",mkt,14,5,251,11,10,smb
2013-01-01_to_2016-01-01,2013-01-01,2016-01-01,"hml,smb,mom",mkt,14,5,251,11,11,smb
2013-01-01_to_2016-01-01,2013-01-01,2016-01-01,"hml,smb,mom",mkt,14,5,252,7,1,mom
2013-01-01_to_2016-01-01,2013-01-01,2016-01-01,"hml,smb,mom",mkt,14,5,252,7,2,mom
2013-01-01_to_2016-01-01,2013-01-01,2016-01-01,"hml,smb,mom",mkt,14,5,252,7,3,mom
2013-01-01_to_2016-01-01,2013-01-01,2016-01-01,"hml,smb,mom",mkt,14,5,252,7,4,mom
2013-01-01_to_2016-01-01,2013-01-01,2016-01-01,"hml,smb,mom",mkt,14,5,252,7,5,mom
2013-01-01_to_2016-01-01,2013-01-01,2016-01-01,"hml,smb,mom",mkt,14,5,252,7,6,smb
2013-01-01_to_2016-01-01,2013-01-01,2016-01-01,"hml,smb,mom",mkt,14,5,252,7,7,hml
2013-01-01_to_2016-01-01,2013-01-01,2016-01-01,"hml,smb,mom",mkt,14,5,253,6,1,mom
2013-01-01_to_2016-01-01,2013-01-01,2016-01-01,"hml,smb,mom",mkt,14,5,253,6,2,mom
2013-01-01_to_2016-01-01,2013-01-01,2016-01-01,"hml,smb,mom",mkt,14,5,253,6,3,mom
2013-01-01_to_2016-01-01,2013-01-01,2016-01-01,"hml,smb,mom",mkt,14,5,253,6,4,mom
2013-01-01_to_2016-01-01,2013-01-01,2016-01-01,"hml,smb,mom",mkt,14,5,253,6,5,mom
2013-01-01_to_2016-01-01,2013-01-01,2016-01-01,"hml,smb,mom",mkt,14,5,253,6,6,smb
2013-01-01_to_2016-01-01,2013-01-01,2016-01-01,"hml,smb,mom",mkt,14,5,256,6,1,mom
2013-01-01_to_2016-01-01,2013-01-01,2016-01-01,"hml,smb,mom",mkt,14,5,256,6,2,mom
2013-01-01_to_2016-01-01,2013-01-01,2016-01-01,"hml,smb,mom",mkt,14,5,256,6,3,mom
2013-01-01_to_2016-01-01,2013-01-01,2016-01-01,"hml,smb,mom",mkt,14,5,256,6,4,mom
2013-01-01_to_2016-01-01,2013-01-01,2016-01-01,"hml,smb,mom",mkt,14,5,256,6,5,mom
2013-01-01_to_2016-01-01,2013-01-01,2016-01-01,"hml,smb,mom",mkt,14,5,256,6,6,hml
2013-01-01_to_2016-01-01,2013-01-01,2016-01-01,"hml,smb,mom",mkt,14,5,259,8,1,mom
2013-01-01_to_2016-01-01,2013-01-01,2016-01-01,"hml,smb,mom",mkt,14,5,259,8,2,mom
2013-01-01_to_2016-01-01,2013-01-01,2016-01-01,"hml,smb,mom",mkt,14,5,259,8,3,mom
2013-01-01_to_2016-01-01,2013-01-01,2016-01-01,"hml,smb,mom",mkt,14,5,259,8,4,mom
2013-01-01_to_2016-01-01,2013-01-01,2016-01-01,"hml,smb,mom",mkt,14,5,259,8,5,mom
2013-01-01_to_2016-01-01,2013-01-01,2016-01-01,"hml,smb,mom",mkt,14,5,259,8,6,hml
2013-01-01_to_2016-01-01,2013-01-01,2016-01-01,"hml,smb,mom",mkt,14,5,259,8,7,hml
2013-01-01_to_2016-01-01,2013-01-01,2016-01-01,"hml,smb,mom",mkt,14,5,259,8,8,hml
2013-01-01_to_2016-01-01,2013-01-01,2016-01-01,"hml,smb,mom",mkt,14,5,260,8,1,mom
2013-01-01_to_2016-01-01,2013-01-01,2016-01-01,"hml,smb,mom",mkt,14,5,260,8,2,mom
2013-01-01_to_2016-01-01,2013-01-01,2016-01-01,"hml,smb,mom",mkt,14,5,260,8,3,mom
2013-01-01_to_2016-01-01,2013-01-01,2016-01-01,"hml,smb,mom",mkt,14,5,260,8,4,mom
2013-01-01_to_2016-01-01,2013-01-01,2016-01-01,"hml,smb,mom",mkt,14,5,260,8,5,mom
2013-01-01_to_2016-01-01,2013-01-01,2016-01-01,"hml,smb,mom",mkt,14,5,260,8,6,hml
2013-01-01_to_2016-01-01,2013-01-01,2016-01-01,"hml,smb,mom",mkt,14,5,260,8,7,hml
2013-01-01_to_2016-01-01,2013-01-01,2016-01-01,"hml,smb,mom",mkt,14,5,260,8,8,hml
2013-01-01_to_2016-01-01,2013-01-01,2016-01-01,"hml,smb,mom",mkt,14,5,263,9,1,mom
2013-01-01_to_2016-01-01,2013-01-01,2016-01-01,"hml,smb,mom",mkt,14,5,263,9,2,mom
2013-01-01_to_2016-01-01,2013-01-01,2016-01-01,"hml,smb,mom",mkt,14,5,263,9,3,mom
2013-01-01_to_2016-01-01,2013-01-01,2016-01-01,"hml,smb,mom",mkt,14,5,263,9,4,mom
2013-01-01_to_2016-01-01,2013-01-01,2016-01-01,"hml,smb,mom",mkt,14,5,263,9,5,mom
2013-01-01_to_2016-01-01,2013-01-01,2016-01-01,"hml,smb,mom",mkt,14,5,263,9,6,hml
2013-01-01_to_2016-01-01,2013-01-01,2016-01-01,"hml,smb,mom",mkt,14,5,263,9,7,hml
2013-01-01_to_2016-01-01,2013-01-01,2016-01-01,"hml,smb,mom",mkt,14,5,263,9,8,hml
2013-01-01_to_2016-01-01,2013-01-01,2016-01-01,"hml,smb,mom",mkt,14,5,263,9,9,mom
2013-01-01_to_2016-01-01,2013-01-01,2016-01-01,"hml,smb,mom",mkt,14,5,264,9,1,mom
2013-01-01_to_2016-01-01,2013-01-01,2016-01-01,"hml,smb,mom",mkt,14,5,264,9,2,mom
2013-01-01_to_2016-01-01,2013-01-01,2016-01-01,"hml,smb,mom",mkt,14,5,264,9,3,mom
2013-01-01_to_2016-01-01,2013-01-01,2016-01-01,"hml,smb,mom",mkt,14,5,264,9,4,mom
2013-01-01_to_2016-01-01,2013-01-01,2016-01-01,"hml,smb,mom",mkt,14,5,264,9,5,mom
2013-01-01_to_2016-01-01,2013-01-01,2016-01-01,"hml,smb,mom",mkt,14,5,264,9,6,hml
2013-01-01_to_2016-01-01,2013-01-01,2016-01-01,"hml,smb,mom",mkt,14,5,264,9,7,hml
2013-01-01_to_2016-01-01,2013-01-01,2016-01-01,"hml,smb,mom",mkt,14,5,264,9,8,hml
2013-01-01_to_2016-01-01,2013-01-01,2016-01-01,"hml,smb,mom",mkt,14,5,264,9,9,mom
2013-01-01_to_2016-01-01,2013-01-01,2016-01-01,"hml,smb,mom",mkt,14,5,267,10,1,mom
2013-01-01_to_2016-01-01,2013-01-01,2016-01-01,"hml,smb,mom",mkt,14,5,267,10,2,mom
2013-01-01_to_2016-01-01,2013-01-01,2016-01-01,"hml,smb,mom",mkt,14,5,267,10,3,mom
2013-01-01_to_2016-01-01,2013-01-01,2016-01-01,"hml,smb,mom",mkt,14,5,267,10,4,mom
2013-01-01_to_2016-01-01,2013-01-01,2016-01-01,"hml,smb,mom",mkt,14,5,267,10,5,mom
2013-01-01_to_2016-01-01,2013-01-01,2016-01-01,"hml,smb,mom",mkt,14,5,267,10,6,hml
2013-01-01_to_2016-01-01,2013-01-01,2016-01-01,"hml,smb,mom",mkt,14,5,267,10,7,hml
2013-01-01_to_2016-01-01,2013-01-01,2016-01-01,"hml,smb,mom",mkt,14,5,267,10,8,hml
2013-01-01_to_2016-01-01,2013-01-01,2016-01-01,"hml,smb,mom",mkt,14,5,267,10,9,mom
2013-01-01_to_2016-01-01,2013-01-01,2016-01-01,"hml,smb,mom",mkt,14,5,267,10,10,hml
2013-01-01_to_2016-01-01,2013-01-01,2016-01-01,"hml,smb,mom",mkt,14,5,268,10,1,mom
2013-01-01_to_2016-01-01,2013-01-01,2016-01-01,"hml,smb,mom",mkt,14,5,268,10,2,mom
2013-01-01_to_2016-01-01,2013-01-01,2016-01-01,"hml,smb,mom",mkt,14,5,268,10,3,mom
2013-01-01_to_2016-01-01,2013-01-01,2016-01-01,"hml,smb,mom",mkt,14,5,268,10,4,mom
2013-01-01_to_2016-01-01,2013-01-01,2016-01-01,"hml,smb,mom",mkt,14,5,268,10,5,mom
2013-01-01_to_2016-01-01,2013-01-01,2016-01-01,"hml,smb,mom",mkt,14,5,268,10,6,hml
2013-01-01_to_2016-01-01,2013-01-01,2016-01-01,"hml,smb,mom",mkt,14,5,268,10,7,hml
2013-01-01_to_2016-01-01,2013-01-01,2016-01-01,"hml,smb,mom",mkt,14,5,268,10,8,hml
2013-01-01_to_2016-01-01,2013-01-01,2016-01-01,"hml,smb,mom",mkt,14,5,268,10,9,mom
2013-01-01_to_2016-01-01,2013-01-01,2016-01-01,"hml,smb,mom",mkt,14,5,268,10,10,hml
2013-01-01_to_2016-01-01,2013-01-01,2016-01-01,"hml,smb,mom",mkt,14,5,270,10,1,mom
2013-01-01_to_2016-01-01,2013-01-01,2016-01-01,"hml,smb,mom",mkt,14,5,270,10,2,mom
2013-01-01_to_2016-01-01,2013-01-01,2016-01-01,"hml,smb,mom",mkt,14,5,270,10,3,mom
2013-01-01_to_2016-01-01,2013-01-01,2016-01-01,"hml,smb,mom",mkt,14,5,270,10,4,mom
2013-01-01_to_2016-01-01,2013-01-01,2016-01-01,"hml,smb,mom",mkt,14,5,270,10,5,mom
2013-01-01_to_2016-01-01,2013-01-01,2016-01-01,"hml,smb,mom",mkt,14,5,270,10,6,hml
2013-01-01_to_2016-01-01,2013-01-01,2016-01-01,"hml,smb,mom",mkt,14,5,270,10,7,hml
2013-01-01_to_2016-01-01,2013-01-01,2016-01-01,"hml,smb,mom",mkt,14,5,270,10,8,hml
2013-01-01_to_2016-01-01,2013-01-01,2016-01-01,"hml,smb,mom",mkt,14,5,270,10,9,mom
2013-01-01_to_2016-01-01,2013-01-01,2016-01-01,"hml,smb,mom",mkt,14,5,270,10,10,mom
2013-01-01_to_2016-01-01,2013-01-01,2016-01-01,"hml,smb,mom",mkt,14,5,271,10,1,mom
2013-01-01_to_2016-01-01,2013-01-01,2016-01-01,"hml,smb,mom",mkt,14,5,271,10,2,mom
2013-01-01_to_2016-01-01,2013-01-01,2016-01-01,"hml,smb,mom",mkt,14,5,271,10,3,mom
2013-01-01_to_2016-01-01,2013-01-01,2016-01-01,"hml,smb,mom",mkt,14,5,271,10,4,mom
2013-01-01_to_2016-01-01,2013-01-01,2016-01-01,"hml,smb,mom",mkt,14,5,271,10,5,mom
2013-01-01_to_2016-01-01,2013-01-01,2016-01-01,"hml,smb,mom",mkt,14,5,271,10,6,hml
2013-01-01_to_2016-01-01,2013-01-01,2016-01-01,"hml,smb,mom",mkt,14,5,271,10,7,hml
2013-01-01_to_2016-01-01,2013-01-01,2016-01-01,"hml,smb,mom",mkt,14,5,271,10,8,hml
2013-01-01_to_2016-01-01,2013-01-01,2016-01-01,"hml,smb,mom",mkt,14,5,271,10,9,mom
2013-01-01_to_2016-01-01,2013-01-01,2016-01-01,"hml,smb,mom",mkt,14,5,271,10,10,mom
2013-01-01_to_2016-01-01,2013-01-01,2016-01-01,"hml,smb,mom",mkt,14,5,274,7,1,mom
2013-01-01_to_2016-01-01,2013-01-01,2016-01-01,"hml,smb,mom",mkt,14,5,274,7,2,mom
2013-01-01_to_2016-01-01,2013-01-01,2016-01-01,"hml,smb,mom",mkt,14,5,274,7,3,mom
2013-01-01_to_2016-01-01,2013-01-01,2016-01-01,"hml,smb,mom",mkt,14,5,274,7,4,mom
2013-01-01_to_2016-01-01,2013-01-01,2016-01-01,"hml,smb,mom",mkt,14,5,274,7,5,mom
2013-01-01_to_2016-01-01,2013-01-01,2016-01-01,"hml,smb,mom",mkt,14,5,274,7,6,hml
2013-01-01_to_2016-01-01,2013-01-01,2016-01-01,"hml,smb,mom",mkt,14,5,274,7,7,hml
2013-01-01_to_2016-01-01,2013-01-01,2016-01-01,"hml,smb,mom",mkt,14,5,275,7,1,mom
2013-01-01_to_2016-01-01,2013-01-01,2016-01-01,"hml,smb,mom",mkt,14,5,275,7,2,mom
2013-01-01_to_2016-01-01,2013-01-01,2016-01-01,"hml,smb,mom",mkt,14,5,275,7,3,mom
2013-01-01_to_2016-01-01,2013-01-01,2016-01-01,"hml,smb,mom",mkt,14,5,275,7,4,mom
2013-01-01_to_2016-01-01,2013-01-01,2016-01-01,"hml,smb,mom",mkt,14,5,275,7,5,mom
2013-01-01_to_2016-01-01,2013-01-01,2016-01-01,"hml,smb,mom",mkt,14,5,275,7,6,hml
2013-01-01_to_2016-01-01,2013-01-01,2016-01-01,"hml,smb,mom",mkt,14,5,275,7,7,hml
2013-01-01_to_2016-01-01,2013-01-01,2016-01-01,"hml,smb,mom",mkt,14,5,279,9,1,mom
2013-01-01_to_2016-01-01,2013-01-01,2016-01-01,"hml,smb,mom",mkt,14,5,279,9,2,mom
2013-01-01_to_2016-01-01,2013-01-01,2016-01-01,"hml,smb,mom",mkt,14,5,279,9,3,mom
2013-01-01_to_2016-01-01,2013-01-01,2016-01-01,"hml,smb,mom",mkt,14,5,279,9,4,mom
2013-01-01_to_2016-01-01,2013-01-01,2016-01-01,"hml,smb,mom",mkt,14,5,279,9,5,mom
2013-01-01_to_2016-01-01,2013-01-01,2016-01-01,"hml,smb,mom",mkt,14,5,279,9,6,hml
2013-01-01_to_2016-01-01,2013-01-01,2016-01-01,"hml,smb,mom",mkt,14,5,279,9,7,smb
2013-01-01_to_2016-01-01,2013-01-01,2016-01-01,"hml,smb,mom",mkt,14,5,279,9,8,smb
2013-01-01_to_2016-01-01,2013-01-01,2016-01-01,"hml,smb,mom",mkt,14,5,279,9,9,hml
2013-01-01_to_2016-01-01,2013-01-01,2016-01-01,"hml,smb,mom",mkt,14,5,280,9,1,mom
2013-01-01_to_2016-01-01,2013-01-01,2016-01-01,"hml,smb,mom",mkt,14,5,280,9,2,mom
2013-01-01_to_2016-01-01,2013-01-01,2016-01-01,"hml,smb,mom",mkt,14,5,280,9,3,mom
2013-01-01_to_2016-01-01,2013-01-01,2016-01-01,"hml,smb,mom",mkt,14,5,280,9,4,mom
2013-01-01_to_2016-01-01,2013-01-01,2016-01-01,"hml,smb,mom",mkt,14,5,280,9,5,mom
2013-01-01_to_2016-01-01,2013-01-01,2016-01-01,"hml,smb,mom",mkt,14,5,280,9,6,hml
2013-01-01_to_2016-01-01,2013-01-01,2016-01-01,"hml,smb,mom",mkt,14,5,280,9,7,smb
2013-01-01_to_2016-01-01,2013-01-01,2016-01-01,"hml,smb,mom",mkt,14,5,280,9,8,smb
2013-01-01_to_2016-01-01,2013-01-01,2016-01-01,"hml,smb,mom",mkt,14,5,280,9,9,hml
2013-01-01_to_2016-01-01,2013-01-01,2016-01-01,"hml,smb,mom",mkt,14,5,281,8,1,mom
2013-01-01_to_2016-01-01,2013-01-01,2016-01-01,"hml,smb,mom",mkt,14,5,281,8,2,mom
2013-01-01_to_2016-01-01,2013-01-01,2016-01-01,"hml,smb,mom",mkt,14,5,281,8,3,mom
2013-01-01_to_2016-01-01,2013-01-01,2016-01-01,"hml,smb,mom",mkt,14,5,281,8,4,mom
2013-01-01_to_2016-01-01,2013-01-01,2016-01-01,"hml,smb,mom",mkt,14,5,281,8,5,mom
2013-01-01_to_2016-01-01,2013-01-01,2016-01-01,"hml,smb,mom",mkt,14,5,281,8,6,hml
2013-01-01_to_2016-01-01,2013-01-01,2016-01-01,"hml,smb,mom",mkt,14,5,281,8,7,smb
2013-01-01_to_2016-01-01,2013-01-01,2016-01-01,"hml,smb,mom",mkt,14,5,281,8,8,smb
2013-01-01_to_2016-01-01,2013-01-01,2016-01-01,"hml,smb,mom",mkt,14,5,284,9,1,mom
2013-01-01_to_2016-01-01,2013-01-01,2016-01-01,"hml,smb,mom",mkt,14,5,284,9,2,mom
2013-01-01_to_2016-01-01,2013-01-01,2016-01-01,"hml,smb,mom",mkt,14,5,284,9,3,mom
2013-01-01_to_2016-01-01,2013-01-01,2016-01-01,"hml,smb,mom",mkt,14,5,284,9,4,mom
2013-01-01_to_2016-01-01,2013-01-01,2016-01-01,"hml,smb,mom",mkt,14,5,284,9,5,mom
2013-01-01_to_2016-01-01,2013-01-01,2016-01-01,"hml,smb,mom",mkt,14,5,284,9,6,hml
2013-01-01_to_2016-01-01,2013-01-01,2016-01-01,"hml,smb,mom",mkt,14,5,284,9,7,smb
2013-01-01_to_2016-01-01,2013-01-01,2016-01-01,"hml,smb,mom",mkt,14,5,284,9,8,smb
2013-01-01_to_2016-01-01,2013-01-01,2016-01-01,"hml,smb,mom",mkt,14,5,284,9,9,mom
2013-01-01_to_2016-01-01,2013-01-01,2016-01-01,"hml,smb,mom",mkt,14,5,285,9,1,mom
2013-01-01_to_2016-01-01,2013-01-01,2016-01-01,"hml,smb,mom",mkt,14,5,285,9,2,mom
2013-01-01_to_2016-01-01,2013-01-01,2016-01-01,"hml,smb,mom",mkt,14,5,285,9,3,mom
2013-01-01_to_2016-01-01,2013-01-01,2016-01-01,"hml,smb,mom",mkt,14,5,285,9,4,mom
2013-01-01_to_2016-01-01,2013-01-01,2016-01-01,"hml,smb,mom",mkt,14,5,285,9,5,mom
2013-01-01_to_2016-01-01,2013-01-01,2016-01-01,"hml,smb,mom",mkt,14,5,285,9,6,hml
2013-01-01_to_2016-01-01,2013-01-01,2016-01-01,"hml,smb,mom",mkt,14,5,285,9,7,smb
2013-01-01_to_2016-01-01,2013-01-01,2016-01-01,"hml,smb,mom",mkt,14,5,285,9,8,smb
2013-01-01_to_2016-01-01,2013-01-01,2016-01-01,"hml,smb,mom",mkt,14,5,285,9,9,mom
2013-01-01_to_2016-01-01,2013-01-01,2016-01-01,"hml,smb,mom",mkt,14,5,289,11,1,mom
2013-01-01_to_2016-01-01,2013-01-01,2016-01-01,"hml,smb,mom",mkt,14,5,289,11,2,mom
2013-01-01_to_2016-01-01,2013-01-01,2016-01-01,"hml,smb,mom",mkt,14,5,289,11,3,mom
2013-01-01_to_2016-01-01,2013-01-01,2016-01-01,"hml,smb,mom",mkt,14,5,289,11,4,mom
2013-01-01_to_2016-01-01,2013-01-01,2016-01-01,"hml,smb,mom",mkt,14,5,289,11,5,mom
2013-01-01_to_2016-01-01,2013-01-01,2016-01-01,"hml,smb,mom",mkt,14,5,289,11,6,hml
2013-01-01_to_2016-01-01,2013-01-01,2016-01-01,"hml,smb,mom",mkt,14,5,289,11,7,smb
2013-01-01_to_2016-01-01,2013-01-01,2016-01-01,"hml,smb,mom",mkt,14,5,289,11,8,smb
2013-01-01_to_2016-01-01,2013-01-01,2016-01-01,"hml,smb,mom",mkt,14,5,289,11,9,smb
2013-01-01_to_2016-01-01,2013-01-01,2016-01-01,"hml,smb,mom",mkt,14,5,289,11,10,hml
2013-01-01_to_2016-01-01,2013-01-01,2016-01-01,"hml,smb,mom",mkt,14,5,289,11,11,smb
2013-01-01_to_2016-01-01,2013-01-01,2016-01-01,"hml,smb,mom",mkt,14,5,290,11,1,mom
2013-01-01_to_2016-01-01,2013-01-01,2016-01-01,"hml,smb,mom",mkt,14,5,290,11,2,mom
2013-01-01_to_2016-01-01,2013-01-01,2016-01-01,"hml,smb,mom",mkt,14,5,290,11,3,mom
2013-01-01_to_2016-01-01,2013-01-01,2016-01-01,"hml,smb,mom",mkt,14,5,290,11,4,mom
2013-01-01_to_2016-01-01,2013-01-01,2016-01-01,"hml,smb,mom",mkt,14,5,290,11,5,mom
2013-01-01_to_2016-01-01,2013-01-01,2016-01-01,"hml,smb,mom",mkt,14,5,290,11,6,hml
2013-01-01_to_2016-01-01,2013-01-01,2016-01-01,"hml,smb,mom",mkt,14,5,290,11,7,smb
2013-01-01_to_2016-01-01,2013-01-01,2016-01-01,"hml,smb,mom",mkt,14,5,290,11,8,smb
2013-01-01_to_2016-01-01,2013-01-01,2016-01-01,"hml,smb,mom",mkt,14,5,290,11,9,smb
2013-01-01_to_2016-01-01,2013-01-01,2016-01-01,"hml,smb,mom",mkt,14,5,290,11,10,hml
2013-01-01_to_2016-01-01,2013-01-01,2016-01-01,"hml,smb,mom",mkt,14,5,290,11,11,smb
2013-01-01_to_2016-01-01,2013-01-01,2016-01-01,"hml,smb,mom",mkt,14,5,292,11,1,mom
2013-01-01_to_2016-01-01,2013-01-01,2016-01-01,"hml,smb,mom",mkt,14,5,292,11,2,mom
2013-01-01_to_2016-01-01,2013-01-01,2016-01-01,"hml,smb,mom",mkt,14,5,292,11,3,mom
2013-01-01_to_2016-01-01,2013-01-01,2016-01-01,"hml,smb,mom",mkt,14,5,292,11,4,mom
2013-01-01_to_2016-01-01,2013-01-01,2016-01-01,"hml,smb,mom",mkt,14,5,292,11,5,mom
2013-01-01_to_2016-01-01,2013-01-01,2016-01-01,"hml,smb,mom",mkt,14,5,292,11,6,hml
2013-01-01_to_2016-01-01,2013-01-01,2016-01-01,"hml,smb,mom",mkt,14,5,292,11,7,smb
2013-01-01_to_2016-01-01,2013-01-01,2016-01-01,"hml,smb,mom",mkt,14,5,292,11,8,smb
2013-01-01_to_2016-01-01,2013-01-01,2016-01-01,"hml,smb,mom",mkt,14,5,292,11,9,smb
2013-01-01_to_2016-01-01,2013-01-01,2016-01-01,"hml,smb,mom",mkt,14,5,292,11,10,hml
2013-01-01_to_2016-01-01,2013-01-01,2016-01-01,"hml,smb,mom",mkt,14,5,292,11,11,smb
2013-01-01_to_2016-01-01,2013-01-01,2016-01-01,"hml,smb,mom",mkt,14,5,293,11,1,mom
2013-01-01_to_2016-01-01,2013-01-01,2016-01-01,"hml,smb,mom",mkt,14,5,293,11,2,mom
2013-01-01_to_2016-01-01,2013-01-01,2016-01-01,"hml,smb,mom",mkt,14,5,293,11,3,mom
2013-01-01_to_2016-01-01,2013-01-01,2016-01-01,"hml,smb,mom",mkt,14,5,293,11,4,mom
2013-01-01_to_2016-01-01,2013-01-01,2016-01-01,"hml,smb,mom",mkt,14,5,293,11,5,mom
2013-01-01_to_2016-01-01,2013-01-01,2016-01-01,"hml,smb,mom",mkt,14,5,293,11,6,hml
2013-01-01_to_2016-01-01,2013-01-01,2016-01-01,"hml,smb,mom",mkt,14,5,293,11,7,smb
2013-01-01_to_2016-01-01,2013-01-01,2016-01-01,"hml,smb,mom",mkt,14,5,293,11,8,smb
2013-01-01_to_2016-01-01,2013-01-01,2016-01-01,"hml,smb,mom",mkt,14,5,293,11,9,smb
2013-01-01_to_2016-01-01,2013-01-01,2016-01-01,"hml,smb,mom",mkt,14,5,293,11,10,hml
2013-01-01_to_2016-01-01,2013-01-01,2016-01-01,"hml,smb,mom",mkt,14,5,293,11,11,smb
2013-01-01_to_2016-01-01,2013-01-01,2016-01-01,"hml,smb,mom",mkt,14,5,295,10,1,mom
2013-01-01_to_2016-01-01,2013-01-01,2016-01-01,"hml,smb,mom",mkt,14,5,295,10,2,mom
2013-01-01_to_2016-01-01,2013-01-01,2016-01-01,"hml,smb,mom",mkt,14,5,295,10,3,mom
2013-01-01_to_2016-01-01,2013-01-01,2016-01-01,"hml,smb,mom",mkt,14,5,295,10,4,mom
2013-01-01_to_2016-01-01,2013-01-01,2016-01-01,"hml,smb,mom",mkt,14,5,295,10,5,mom
2013-01-01_to_2016-01-01,2013-01-01,2016-01-01,"hml,smb,mom",mkt,14,5,295,10,6,hml
2013-01-01_to_2016-01-01,2013-01-01,2016-01-01,"hml,smb,mom",mkt,14,5,295,10,7,smb
2013-01-01_to_2016-01-01,2013-01-01,2016-01-01,"hml,smb,mom",mkt,14,5,295,10,8,smb
2013-01-01_to_2016-01-01,2013-01-01,2016-01-01,"hml,smb,mom",mkt,14,5,295,10,9,smb
2013-01-01_to_2016-01-01,2013-01-01,2016-01-01,"hml,smb,mom",mkt,14,5,295,10,10,mom
2013-01-01_to_2016-01-01,2013-01-01,2016-01-01,"hml,smb,mom",mkt,14,5,296,10,1,mom
2013-01-01_to_2016-01-01,2013-01-01,2016-01-01,"hml,smb,mom",mkt,14,5,296,10,2,mom
2013-01-01_to_2016-01-01,2013-01-01,2016-01-01,"hml,smb,mom",mkt,14,5,296,10,3,mom
2013-01-01_to_2016-01-01,2013-01-01,2016-01-01,"hml,smb,mom",mkt,14,5,296,10,4,mom
2013-01-01_to_2016-01-01,2013-01-01,2016-01-01,"hml,smb,mom",mkt,14,5,296,10,5,mom
2013-01-01_to_2016-01-01,2013-01-01,2016-01-01,"hml,smb,mom",mkt,14,5,296,10,6,hml
2013-01-01_to_2016-01-01,2013-01-01,2016-01-01,"hml,smb,mom",mkt,14,5,296,10,7,smb
2013-01-01_to_2016-01-01,2013-01-01,2016-01-01,"hml,smb,mom",mkt,14,5,296,10,8,smb
2013-01-01_to_2016-01-01,2013-01-01,2016-01-01,"hml,smb,mom",mkt,14,5,296,10,9,smb
2013-01-01_to_2016-01-01,2013-01-01,2016-01-01,"hml,smb,mom",mkt,14,5,296,10,10,mom
2013-01-01_to_2016-01-01,2013-01-01,2016-01-01,"hml,smb,mom",mkt,14,5,300,6,1,mom
2013-01-01_to_2016-01-01,2013-01-01,2016-01-01,"hml,smb,mom",mkt,14,5,300,6,2,mom
2013-01-01_to_2016-01-01,2013-01-01,2016-01-01,"hml,smb,mom",mkt,14,5,300,6,3,mom
2013-01-01_to_2016-01-01,2013-01-01,2016-01-01,"hml,smb,mom",mkt,14,5,300,6,4,mom
2013-01-01_to_2016-01-01,2013-01-01,2016-01-01,"hml,smb,mom",mkt,14,5,300,6,5,hml
2013-01-01_to_2016-01-01,2013-01-01,2016-01-01,"hml,smb,mom",mkt,14,5,300,6,6,mom
2013-01-01_to_2016-01-01,2013-01-01,2016-01-01,"hml,smb,mom",mkt,14,5,301,6,1,mom
2013-01-01_to_2016-01-01,2013-01-01,2016-01-01,"hml,smb,mom",mkt,14,5,301,6,2,mom
2013-01-01_to_2016-01-01,2013-01-01,2016-01-01,"hml,smb,mom",mkt,14,5,301,6,3,mom
2013-01-01_to_2016-01-01,2013-01-01,2016-01-01,"hml,smb,mom",mkt,14,5,301,6,4,mom
2013-01-01_to_2016-01-01,2013-01-01,2016-01-01,"hml,smb,mom",mkt,14,5,301,6,5,hml
2013-01-01_to_2016-01-01,2013-01-01,2016-01-01,"hml,smb,mom",mkt,14,5,301,6,6,mom
2013-01-01_to_2016-01-01,2013-01-01,2016-01-01,"hml,smb,mom",mkt,14,5,304,7,1,mom
2013-01-01_to_2016-01-01,2013-01-01,2016-01-01,"hml,smb,mom",mkt,14,5,304,7,2,mom
2013-01-01_to_2016-01-01,2013-01-01,2016-01-01,"hml,smb,mom",mkt,14,5,304,7,3,mom
2013-01-01_to_2016-01-01,2013-01-01,2016-01-01,"hml,smb,mom",mkt,14,5,304,7,4,mom
2013-01-01_to_2016-01-01,2013-01-01,2016-01-01,"hml,smb,mom",mkt,14,5,304,7,5,hml
2013-01-01_to_2016-01-01,2013-01-01,2016-01-01,"hml,smb,mom",mkt,14,5,304,7,6,mom
2013-01-01_to_2016-01-01,2013-01-01,2016-01-01,"hml,smb,mom",mkt,14,5,304,7,7,smb
2013-01-01_to_2016-01-01,2013-01-01,2016-01-01,"hml,smb,mom",mkt,14,5,305,7,1,mom
2013-01-01_to_2016-01-01,2013-01-01,2016-01-01,"hml,smb,mom",mkt,14,5,305,7,2,mom
2013-01-01_to_2016-01-01,2013-01-01,2016-01-01,"hml,smb,mom",mkt,14,5,305,7,3,mom
2013-01-01_to_2016-01-01,2013-01-01,2016-01-01,"hml,smb,mom",mkt,14,5,305,7,4,mom
2013-01-01_to_2016-01-01,2013-01-01,2016-01-01,"hml,smb,mom",mkt,14,5,305,7,5,hml
2013-01-01_to_2016-01-01,2013-01-01,2016-01-01,"hml,smb,mom",mkt,14,5,305,7,6,mom
2013-01-01_to_2016-01-01,2013-01-01,2016-01-01,"hml,smb,mom",mkt,14,5,305,7,7,smb
2013-01-01_to_2016-01-01,2013-01-01,2016-01-01,"hml,smb,mom",mkt,14,5,306,6,1,mom
2013-01-01_to_2016-01-01,2013-01-01,2016-01-01,"hml,smb,mom",mkt,14,5,306,6,2,mom
2013-01-01_to_2016-01-01,2013-01-01,2016-01-01,"hml,smb,mom",mkt,14,5,306,6,3,mom
2013-01-01_to_2016-01-01,2013-01-01,2016-01-01,"hml,smb,mom",mkt,14,5,306,6,4,mom
2013-01-01_to_2016-01-01,2013-01-01,2016-01-01,"hml,smb,mom",mkt,14,5,306,6,5,hml
2013-01-01_to_2016-01-01,2013-01-01,2016-01-01,"hml,smb,mom",mkt,14,5,306,6,6,mom
2013-01-01_to_2016-01-01,2013-01-01,2016-01-01,"hml,smb,mom",mkt,14,5,310,7,1,mom
2013-01-01_to_2016-01-01,2013-01-01,2016-01-01,"hml,smb,mom",mkt,14,5,310,7,2,mom
2013-01-01_to_2016-01-01,2013-01-01,2016-01-01,"hml,smb,mom",mkt,14,5,310,7,3,mom
2013-01-01_to_2016-01-01,2013-01-01,2016-01-01,"hml,smb,mom",mkt,14,5,310,7,4,mom
2013-01-01_to_2016-01-01,2013-01-01,2016-01-01,"hml,smb,mom",mkt,14,5,310,7,5,mom
2013-01-01_to_2016-01-01,2013-01-01,2016-01-01,"hml,smb,mom",mkt,14,5,310,7,6,smb
2013-01-01_to_2016-01-01,2013-01-01,2016-01-01,"hml,smb,mom",mkt,14,5,310,7,7,smb
2013-01-01_to_2016-01-01,2013-01-01,2016-01-01,"hml,smb,mom",mkt,14,5,312,8,1,mom
2013-01-01_to_2016-01-01,2013-01-01,2016-01-01,"hml,smb,mom",mkt,14,5,312,8,2,mom
2013-01-01_to_2016-01-01,2013-01-01,2016-01-01,"hml,smb,mom",mkt,14,5,312,8,3,mom
2013-01-01_to_2016-01-01,2013-01-01,2016-01-01,"hml,smb,mom",mkt,14,5,312,8,4,mom
2013-01-01_to_2016-01-01,2013-01-01,2016-01-01,"hml,smb,mom",mkt,14,5,312,8,5,mom
2013-01-01_to_2016-01-01,2013-01-01,2016-01-01,"hml,smb,mom",mkt,14,5,312,8,6,smb
2013-01-01_to_2016-01-01,2013-01-01,2016-01-01,"hml,smb,mom",mkt,14,5,312,8,7,smb
2013-01-01_to_2016-01-01,2013-01-01,2016-01-01,"hml,smb,mom",mkt,14,5,312,8,8,smb
2013-01-01_to_2016-01-01,2013-01-01,2016-01-01,"hml,smb,mom",mkt,14,5,313,8,1,mom
2013-01-01_to_2016-01-01,2013-01-01,2016-01-01,"hml,smb,mom",mkt,14,5,313,8,2,mom
2013-01-01_to_2016-01-01,2013-01-01,2016-01-01,"hml,smb,mom",mkt,14,5,313,8,3,mom
2013-01-01_to_2016-01-01,2013-01-01,2016-01-01,"hml,smb,mom",mkt,14,5,313,8,4,mom
2013-01-01_to_2016-01-01,2013-01-01,2016-01-01,"hml,smb,mom",mkt,14,5,313,8,5,mom
2013-01-01_to_2016-01-01,2013-01-01,2016-01-01,"hml,smb,mom",mkt,14,5,313,8,6,smb
2013-01-01_to_2016-01-01,2013-01-01,2016-01-01,"hml,smb,mom",mkt,14,5,313,8,7,smb
2013-01-01_to_2016-01-01,2013-01-01,2016-01-01,"hml,smb,mom",mkt,14,5,313,8,8,smb
2013-01-01_to_2016-01-01,2013-01-01,2016-01-01,"hml,smb,mom",mkt,14,5,315,7,1,mom
2013-01-01_to_2016-01-01,2013-01-01,2016-01-01,"hml,smb,mom",mkt,14,5,315,7,2,mom
2013-01-01_to_2016-01-01,2013-01-01,2016-01-01,"hml,smb,mom",mkt,14,5,315,7,3,mom
2013-01-01_to_2016-01-01,2013-01-01,2016-01-01,"hml,smb,mom",mkt,14,5,315,7,4,mom
2013-01-01_to_2016-01-01,2013-01-01,2016-01-01,"hml,smb,mom",mkt,14,5,315,7,5,mom
2013-01-01_to_2016-01-01,2013-01-01,2016-01-01,"hml,smb,mom",mkt,14,5,315,7,6,smb
2013-01-01_to_2016-01-01,2013-01-01,2016-01-01,"hml,smb,mom",mkt,14,5,315,7,7,smb
2013-01-01_to_2016-01-01,2013-01-01,2016-01-01,"hml,smb,mom",mkt,14,5,316,7,1,mom
2013-01-01_to_2016-01-01,2013-01-01,2016-01-01,"hml,smb,mom",mkt,14,5,316,7,2,mom
2013-01-01_to_2016-01-01,2013-01-01,2016-01-01,"hml,smb,mom",mkt,14,5,316,7,3,mom
2013-01-01_to_2016-01-01,2013-01-01,2016-01-01,"hml,smb,mom",mkt,14,5,316,7,4,mom
2013-01-01_to_2016-01-01,2013-01-01,2016-01-01,"hml,smb,mom",mkt,14,5,316,7,5,mom
2013-01-01_to_2016-01-01,2013-01-01,2016-01-01,"hml,smb,mom",mkt,14,5,316,7,6,smb
2013-01-01_to_2016-01-01,2013-01-01,2016-01-01,"hml,smb,mom",mkt,14,5,316,7,7,smb
2013-01-01_to_2016-01-01,2013-01-01,2016-01-01,"hml,smb,mom",mkt,14,5,319,7,1,mom
2013-01-01_to_2016-01-01,2013-01-01,2016-01-01,"hml,smb,mom",mkt,14,5,319,7,2,mom
2013-01-01_to_2016-01-01,2013-01-01,2016-01-01,"hml,smb,mom",mkt,14,5,319,7,3,mom
2013-01-01_to_2016-01-01,2013-01-01,2016-01-01,"hml,smb,mom",mkt,14,5,319,7,4,mom
2013-01-01_to_2016-01-01,2013-01-01,2016-01-01,"hml,smb,mom",mkt,14,5,319,7,5,mom
2013-01-01_to_2016-01-01,2013-01-01,2016-01-01,"hml,smb,mom",mkt,14,5,319,7,6,hml
2013-01-01_to_2016-01-01,2013-01-01,2016-01-01,"hml,smb,mom",mkt,14,5,319,7,7,hml
2013-01-01_to_2016-01-01,2013-01-01,2016-01-01,"hml,smb,mom",mkt,14,5,320,7,1,mom
2013-01-01_to_2016-01-01,2013-01-01,2016-01-01,"hml,smb,mom",mkt,14,5,320,7,2,mom
2013-01-01_to_2016-01-01,2013-01-01,2016-01-01,"hml,smb,mom",mkt,14,5,320,7,3,mom
2013-01-01_to_2016-01-01,2013-01-01,2016-01-01,"hml,smb,mom",mkt,14,5,320,7,4,mom
2013-01-01_to_2016-01-01,2013-01-01,2016-01-01,"hml,smb,mom",mkt,14,5,320,7,5,mom
2013-01-01_to_2016-01-01,2013-01-01,2016-01-01,"hml,smb,mom",mkt,14,5,320,7,6,hml
2013-01-01_to_2016-01-01,2013-01-01,2016-01-01,"hml,smb,mom",mkt,14,5,320,7,7,hml
2013-01-01_to_2016-01-01,2013-01-01,2016-01-01,"hml,smb,mom",mkt,14,5,321,6,1,mom
2013-01-01_to_2016-01-01,2013-01-01,2016-01-01,"hml,smb,mom",mkt,14,5,321,6,2,mom
2013-01-01_to_2016-01-01,2013-01-01,2016-01-01,"hml,smb,mom",mkt,14,5,321,6,3,mom
2013-01-01_to_2016-01-01,2013-01-01,2016-01-01,"hml,smb,mom",mkt,14,5,321,6,4,mom
2013-01-01_to_2016-01-01,2013-01-01,2016-01-01,"hml,smb,mom",mkt,14,5,321,6,5,mom
2013-01-01_to_2016-01-01,2013-01-01,2016-01-01,"hml,smb,mom",mkt,14,5,321,6,6,hml
2013-01-01_to_2016-01-01,2013-01-01,2016-01-01,"hml,smb,mom",mkt,14,5,322,1,1,mom
2013-07-01_to_2016-07-01,2013-07-01,2016-07-01,"hml,smb,mom",mkt,14,5,6,6,1,mom
2013-07-01_to_2016-07-01,2013-07-01,2016-07-01,"hml,smb,mom",mkt,14,5,6,6,2,mom
2013-07-01_to_2016-07-01,2013-07-01,2016-07-01,"hml,smb,mom",mkt,14,5,6,6,3,mom
2013-07-01_to_2016-07-01,2013-07-01,2016-07-01,"hml,smb,mom",mkt,14,5,6,6,4,mom
2013-07-01_to_2016-07-01,2013-07-01,2016-07-01,"hml,smb,mom",mkt,14,5,6,6,5,mom
2013-07-01_to_2016-07-01,2013-07-01,2016-07-01,"hml,smb,mom",mkt,14,5,6,6,6,hml
2013-07-01_to_2016-07-01,2013-07-01,2016-07-01,"hml,smb,mom",mkt,14,5,7,6,1,mom
2013-07-01_to_2016-07-01,2013-07-01,2016-07-01,"hml,smb,mom",mkt,14,5,7,6,2,mom
2013-07-01_to_2016-07-01,2013-07-01,2016-07-01,"hml,smb,mom",mkt,14,5,7,6,3,mom
2013-07-01_to_2016-07-01,2013-07-01,2016-07-01,"hml,smb,mom",mkt,14,5,7,6,4,mom
2013-07-01_to_2016-07-01,2013-07-01,2016-07-01,"hml,smb,mom",mkt,14,5,7,6,5,mom
2013-07-01_to_2016-07-01,2013-07-01,2016-07-01,"hml,smb,mom",mkt,14,5,7,6,6,hml
2013-07-01_to_2016-07-01,2013-07-01,2016-07-01,"hml,smb,mom",mkt,14,5,10,7,1,mom
2013-07-01_to_2016-07-01,2013-07-01,2016-07-01,"hml,smb,mom",mkt,14,5,10,7,2,mom
2013-07-01_to_2016-07-01,2013-07-01,2016-07-01,"hml,smb,mom",mkt,14,5,10,7,3,mom
2013-07-01_to_2016-07-01,2013-07-01,2016-07-01,"hml,smb,mom",mkt,14,5,10,7,4,mom
2013-07-01_to_2016-07-01,2013-07-01,2016-07-01,"hml,smb,mom",mkt,14,5,10,7,5,mom
2013-07-01_to_2016-07-01,2013-07-01,2016-07-01,"hml,smb,mom",mkt,14,5,10,7,6,mom
2013-07-01_to_2016-07-01,2013-07-01,2016-07-01,"hml,smb,mom",mkt,14,5,10,7,7,hml
2013-07-01_to_2016-07-01,2013-07-01,2016-07-01,"hml,smb,mom",mkt,14,5,12,8,1,mom
2013-07-01_to_2016-07-01,2013-07-01,2016-07-01,"hml,smb,mom",mkt,14,5,12,8,2,mom
2013-07-01_to_2016-07-01,2013-07-01,2016-07-01,"hml,smb,mom",mkt,14,5,12,8,3,mom
2013-07-01_to_2016-07-01,2013-07-01,2016-07-01,"hml,smb,mom",mkt,14,5,12,8,4,mom
2013-07-01_to_2016-07-01,2013-07-01,2016-07-01,"hml,smb,mom",mkt,14,5,12,8,5,mom
2013-07-01_to_2016-07-01,2013-07-01,2016-07-01,"hml,smb,mom",mkt,14,5,12,8,6,mom
2013-07-01_to_2016-07-01,2013-07-01,2016-07-01,"hml,smb,mom",mkt,14,5,12,8,7,hml
2013-07-01_to_2016-07-01,2013-07-01,2016-07-01,"hml,smb,mom",mkt,14,5,12,8,8,hml
2013-07-01_to_2016-07-01,2013-07-01,2016-07-01,"hml,smb,mom",mkt,14,5,13,8,1,mom
2013-07-01_to_2016-07-01,2013-07-01,2016-07-01,"hml,smb,mom",mkt,14,5,13,8,2,mom
2013-07-01_to_2016-07-01,2013-07-01,2016-07-01,"hml,smb,mom",mkt,14,5,13,8,3,mom
2013-07-01_to_2016-07-01,2013-07-01,2016-07-01,"hml,smb,mom",mkt,14,5,13,8,4,mom
2013-07-01_to_2016-07-01,2013-07-01,2016-07-01,"hml,smb,mom",mkt,14,5,13,8,5,mom
2013-07-01_to_2016-07-01,2013-07-01,2016-07-01,"hml,smb,mom",mkt,14,5,13,8,6,mom
2013-07-01_to_2016-07-01,2013-07-01,2016-07-01,"hml,smb,mom",mkt,14,5,13,8,7,hml
2013-07-01_to_2016-07-01,2013-07-01,2016-07-01,"hml,smb,mom",mkt,14,5,13,8,8,hml
2013-07-01_to_2016-07-01,2013-07-01,2016-07-01,"hml,smb,mom",mkt,14,5,16,8,1,mom
2013-07-01_to_2016-07-01,2013-07-01,2016-07-01,"hml,smb,mom",mkt,14,5,16,8,2,mom
2013-07-01_to_2016-07-01,2013-07-01,2016-07-01,"hml,smb,mom",mkt,14,5,16,8,3,mom
2013-07-01_to_2016-07-01,2013-07-01,2016-07-01,"hml,smb,mom",mkt,14,5,16,8,4,mom
2013-07-01_to_2016-07-01,2013-07-01,2016-07-01,"hml,smb,mom",mkt,14,5,16,8,5,mom
2013-07-01_to_2016-07-01,2013-07-01,2016-07-01,"hml,smb,mom",mkt,14,5,16,8,6,mom
2013-07-01_to_2016-07-01,2013-07-01,2016-07-01,"hml,smb,mom",mkt,14,5,16,8,7,hml
2013-07-01_to_2016-07-01,2013-07-01,2016-07-01,"hml,smb,mom",mkt,14,5,16,8,8,hml
2013-07-01_to_2016-07-01,2013-07-01,2016-07-01,"hml,smb,mom",mkt,14,5,17,8,1,mom
2013-07-01_to_2016-07-01,2013-07-01,2016-07-01,"hml,smb,mom",mkt,14,5,17,8,2,mom
2013-07-01_to_2016-07-01,2013-07-01,2016-07-01,"hml,smb,mom",mkt,14,5,17,8,3,mom
2013-07-01_to_2016-07-01,2013-07-01,2016-07-01,"hml,smb,mom",mkt,14,5,17,8,4,mom
2013-07-01_to_2016-07-01,2013-07-01,2016-07-01,"hml,smb,mom",mkt,14,5,17,8,5,mom
2013-07-01_to_2016-07-01,2013-07-01,2016-07-01,"hml,smb,mom",mkt,14,5,17,8,6,mom
2013-07-01_to_2016-07-01,2013-07-01,2016-07-01,"hml,smb,mom",mkt,14,5,17,8,7,hml
2013-07-01_to_2016-07-01,2013-07-01,2016-07-01,"hml,smb,mom",mkt,14,5,17,8,8,hml
2013-07-01_to_2016-07-01,2013-07-01,2016-07-01,"hml,smb,mom",mkt,14,5,19,8,1,mom
2013-07-01_to_2016-07-01,2013-07-01,2016-07-01,"hml,smb,mom",mkt,14,5,19,8,2,mom
2013-07-01_to_2016-07-01,2013-07-01,2016-07-01,"hml,smb,mom",mkt,14,5,19,8,3,mom
2013-07-01_to_2016-07-01,2013-07-01,2016-07-01,"hml,smb,mom",mkt,14,5,19,8,4,mom
2013-07-01_to_2016-07-01,2013-07-01,2016-07-01,"hml,smb,mom",mkt,14,5,19,8,5,mom
2013-07-01_to_2016-07-01,2013-07-01,2016-07-01,"hml,smb,mom",mkt,14,5,19,8,6,mom
2013-07-01_to_2016-07-01,2013-07-01,2016-07-01,"hml,smb,mom",mkt,14,5,19,8,7,hml
2013-07-01_to_2016-07-01,2013-07-01,2016-07-01,"hml,smb,mom",mkt,14,5,19,8,8,hml
2013-07-01_to_2016-07-01,2013-07-01,2016-07-01,"hml,smb,mom",mkt,14,5,21,9,1,mom
2013-07-01_to_2016-07-01,2013-07-01,2016-07-01,"hml,smb,mom",mkt,14,5,21,9,2,mom
2013-07-01_to_2016-07-01,2013-07-01,2016-07-01,"hml,smb,mom",mkt,14,5,21,9,3,mom
2013-07-01_to_2016-07-01,2013-07-01,2016-07-01,"hml,smb,mom",mkt,14,5,21,9,4,mom
2013-07-01_to_2016-07-01,2013-07-01,2016-07-01,"hml,smb,mom",mkt,14,5,21,9,5,mom
2013-07-01_to_2016-07-01,2013-07-01,2016-07-01,"hml,smb,mom",mkt,14,5,21,9,6,mom
2013-07-01_to_2016-07-01,2013-07-01,2016-07-01,"hml,smb,mom",mkt,14,5,21,9,7,hml
2013-07-01_to_2016-07-01,2013-07-01,2016-07-01,"hml,smb,mom",mkt,14,5,21,9,8,hml
2013-07-01_to_2016-07-01,2013-07-01,2016-07-01,"hml,smb,mom",mkt,14,5,21,9,9,hml
2013-07-01_to_2016-07-01,2013-07-01,2016-07-01,"hml,smb,mom",mkt,14,5,22,9,1,mom
2013-07-01_to_2016-07-01,2013-07-01,2016-07-01,"hml,smb,mom",mkt,14,5,22,9,2,mom
2013-07-01_to_2016-07-01,2013-07-01,2016-07-01,"hml,smb,mom",mkt,14,5,22,9,3,mom
2013-07-01_to_2016-07-01,2013-07-01,2016-07-01,"hml,smb,mom",mkt,14,5,22,9,4,mom
2013-07-01_to_2016-07-01,2013-07-01,2016-07-01,"hml,smb,mom",mkt,14,5,22,9,5,mom
2013-07-01_to_2016-07-01,2013-07-01,2016-07-01,"hml,smb,mom",mkt,14,5,22,9,6,mom
2013-07-01_to_2016-07-01,2013-07-01,2016-07-01,"hml,smb,mom",mkt,14,5,22,9,7,hml
2013-07-01_to_2016-07-01,2013-07-01,2016-07-01,"hml,smb,mom",mkt,14,5,22,9,8,hml
2013-07-01_to_2016-07-01,2013-07-01,2016-07-01,"hml,smb,mom",mkt,14,5,22,9,9,hml
2013-07-01_to_2016-07-01,2013-07-01,2016-07-01,"hml,smb,mom",mkt,14,5,26,7,1,mom
2013-07-01_to_2016-07-01,2013-07-01,2016-07-01,"hml,smb,mom",mkt,14,5,26,7,2,mom
2013-07-01_to_2016-07-01,2013-07-01,2016-07-01,"hml,smb,mom",mkt,14,5,26,7,3,mom
2013-07-01_to_2016-07-01,2013-07-01,2016-07-01,"hml,smb,mom",mkt,14,5,26,7,4,mom
2013-07-01_to_2016-07-01,2013-07-01,2016-07-01,"hml,smb,mom",mkt,14,5,26,7,5,mom
2013-07-01_to_2016-07-01,2013-07-01,2016-07-01,"hml,smb,mom",mkt,14,5,26,7,6,smb
2013-07-01_to_2016-07-01,2013-07-01,2016-07-01,"hml,smb,mom",mkt,14,5,26,7,7,mom
2013-07-01_to_2016-07-01,2013-07-01,2016-07-01,"hml,smb,mom",mkt,14,5,28,8,1,mom
2013-07-01_to_2016-07-01,2013-07-01,2016-07-01,"hml,smb,mom",mkt,14,5,28,8,2,mom
2013-07-01_to_2016-07-01,2013-07-01,2016-07-01,"hml,smb,mom",mkt,14,5,28,8,3,mom
2013-07-01_to_2016-07-01,2013-07-01,2016-07-01,"hml,smb,mom",mkt,14,5,28,8,4,mom
2013-07-01_to_2016-07-01,2013-07-01,2016-07-01,"hml,smb,mom",mkt,14,5,28,8,5,mom
2013-07-01_to_2016-07-01,2013-07-01,2016-07-01,"hml,smb,mom",mkt,14,5,28,8,6,smb
2013-07-01_to_2016-07-01,2013-07-01,2016-07-01,"hml,smb,mom",mkt,14,5,28,8,7,mom
2013-07-01_to_2016-07-01,2013-07-01,2016-07-01,"hml,smb,mom",mkt,14,5,28,8,8,smb
2013-07-01_to_2016-07-01,2013-07-01,2016-07-01,"hml,smb,mom",mkt,14,5,29,8,1,mom
2013-07-01_to_2016-07-01,2013-07-01,2016-07-01,"hml,smb,mom",mkt,14,5,29,8,2,mom
2013-07-01_to_2016-07-01,2013-07-01,2016-07-01,"hml,smb,mom",mkt,14,5,29,8,3,mom
2013-07-01_to_2016-07-01,2013-07-01,2016-07-01,"hml,smb,mom",mkt,14,5,29,8,4,mom
2013-07-01_to_2016-07-01,2013-07-01,2016-07-01,"hml,smb,mom",mkt,14,5,29,8,5,mom
2013-07-01_to_2016-07-01,2013-07-01,2016-07-01,"hml,smb,mom",mkt,14,5,29,8,6,smb
2013-07-01_to_2016-07-01,2013-07-01,2016-07-01,"hml,smb,mom",mkt,14,5,29,8,7,mom
2013-07-01_to_2016-07-01,2013-07-01,2016-07-01,"hml,smb,mom",mkt,14,5,29,8,8,smb
2013-07-01_to_2016-07-01,2013-07-01,2016-07-01,"hml,smb,mom",mkt,14,5,31,7,1,mom
2013-07-01_to_2016-07-01,2013-07-01,2016-07-01,"hml,smb,mom",mkt,14,5,31,7,2,mom
2013-07-01_to_2016-07-01,2013-07-01,2016-07-01,"hml,smb,mom",mkt,14,5,31,7,3,mom
2013-07-01_to_2016-07-01,2013-07-01,2016-07-01,"hml,smb,mom",mkt,14,5,31,7,4,mom
2013-07-01_to_2016-07-01,2013-07-01,2016-07-01,"hml,smb,mom",mkt,14,5,31,7,5,mom
2013-07-01_to_2016-07-01,2013-07-01,2016-07-01,"hml,smb,mom",mkt,14,5,31,7,6,smb
2013-07-01_to_2016-07-01,2013-07-01,2016-07-01,"hml,smb,mom",mkt,14,5,31,7,7,smb
2013-07-01_to_2016-07-01,2013-07-01,2016-07-01,"hml,smb,mom",mkt,14,5,32,7,1,mom
2013-07-01_to_2016-07-01,2013-07-01,2016-07-01,"hml,smb,mom",mkt,14,5,32,7,2,mom
2013-07-01_to_2016-07-01,2013-07-01,2016-07-01,"hml,smb,mom",mkt,14,5,32,7,3,mom
2013-07-01_to_2016-07-01,2013-07-01,2016-07-01,"hml,smb,mom",mkt,14,5,32,7,4,mom
2013-07-01_to_2016-07-01,2013-07-01,2016-07-01,"hml,smb,mom",mkt,14,5,32,7,5,mom
2013-07-01_to_2016-07-01,2013-07-01,2016-07-01,"hml,smb,mom",mkt,14,5,32,7,6,smb
2013-07-01_to_2016-07-01,2013-07-01,2016-07-01,"hml,smb,mom",mkt,14,5,32,7,7,smb
2013-07-01_to_2016-07-01,2013-07-01,2016-07-01,"hml,smb,mom",mkt,14,5,37,9,1,mom
2013-07-01_to_2016-07-01,2013-07-01,2016-07-01,"hml,smb,mom",mkt,14,5,37,9,2,mom
2013-07-01_to_2016-07-01,2013-07-01,2016-07-01,"hml,smb,mom",mkt,14,5,37,9,3,mom
2013-07-01_to_2016-07-01,2013-07-01,2016-07-01,"hml,smb,mom",mkt,14,5,37,9,4,mom
2013-07-01_to_2016-07-01,2013-07-01,2016-07-01,"hml,smb,mom",mkt,14,5,37,9,5,mom
2013-07-01_to_2016-07-01,2013-07-01,2016-07-01,"hml,smb,mom",mkt,14,5,37,9,6,mom
2013-07-01_to_2016-07-01,2013-07-01,2016-07-01,"hml,smb,mom",mkt,14,5,37,9,7,mom
2013-07-01_to_2016-07-01,2013-07-01,2016-07-01,"hml,smb,mom",mkt,14,5,37,9,8,hml
2013-07-01_to_2016-07-01,2013-07-01,2016-07-01,"hml,smb,mom",mkt,14,5,37,9,9,mom
2013-07-01_to_2016-07-01,2013-07-01,2016-07-01,"hml,smb,mom",mkt,14,5,38,9,1,mom
2013-07-01_to_2016-07-01,2013-07-01,2016-07-01,"hml,smb,mom",mkt,14,5,38,9,2,mom
2013-07-01_to_2016-07-01,2013-07-01,2016-07-01,"hml,smb,mom",mkt,14,5,38,9,3,mom
2013-07-01_to_2016-07-01,2013-07-01,2016-07-01,"hml,smb,mom",mkt,14,5,38,9,4,mom
2013-07-01_to_2016-07-01,2013-07-01,2016-07-01,"hml,smb,mom",mkt,14,5,38,9,5,mom
2013-07-01_to_2016-07-01,2013-07-01,2016-07-01,"hml,smb,mom",mkt,14,5,38,9,6,mom
2013-07-01_to_2016-07-01,2013-07-01,2016-07-01,"hml,smb,mom",mkt,14,5,38,9,7,mom
2013-07-01_to_2016-07-01,2013-07-01,2016-07-01,"hml,smb,mom",mkt,14,5,38,9,8,hml
2013-07-01_to_2016-07-01,2013-07-01,2016-07-01,"hml,smb,mom",mkt,14,5,38,9,9,mom
2013-07-01_to_2016-07-01,2013-07-01,2016-07-01,"hml,smb,mom",mkt,14,5,39,8,1,mom
2013-07-01_to_2016-07-01,2013-07-01,2016-07-01,"hml,smb,mom",mkt,14,5,39,8,2,mom
2013-07-01_to_2016-07-01,2013-07-01,2016-07-01,"hml,smb,mom",mkt,14,5,39,8,3,mom
2013-07-01_to_2016-07-01,2013-07-01,2016-07-01,"hml,smb,mom",mkt,14,5,39,8,4,mom
2013-07-01_to_2016-07-01,2013-07-01,2016-07-01,"hml,smb,mom",mkt,14,5,39,8,5,mom
2013-07-01_to_2016-07-01,2013-07-01,2016-07-01,"hml,smb,mom",mkt,14,5,39,8,6,mom
2013-07-01_to_2016-07-01,2013-07-01,2016-07-01,"hml,smb,mom",mkt,14,5,39,8,7,mom
2013-07-01_to_2016-07-01,2013-07-01,2016-07-01,"hml,smb,mom",mkt,14,5,39,8,8,hml
2013-07-01_to_2016-07-01,2013-07-01,2016-07-01,"hml,smb,mom",mkt,14,5,43,10,1,mom
2013-07-01_to_2016-07-01,2013-07-01,2016-07-01,"hml,smb,mom",mkt,14,5,43,10,2,mom
2013-07-01_to_2016-07-01,2013-07-01,2016-07-01,"hml,smb,mom",mkt,14,5,43,10,3,mom
2013-07-01_to_2016-07-01,2013-07-01,2016-07-01,"hml,smb,mom",mkt,14,5,43,10,4,mom
2013-07-01_to_2016-07-01,2013-07-01,2016-07-01,"hml,smb,mom",mkt,14,5,43,10,5,mom
2013-07-01_to_2016-07-01,2013-07-01,2016-07-01,"hml,smb,mom",mkt,14,5,43,10,6,mom
2013-07-01_to_2016-07-01,2013-07-01,2016-07-01,"hml,smb,mom",mkt,14,5,43,10,7,mom
2013-07-01_to_2016-07-01,2013-07-01,2016-07-01,"hml,smb,mom",mkt,14,5,43,10,8,hml
2013-07-01_to_2016-07-01,2013-07-01,2016-07-01,"hml,smb,mom",mkt,14,5,43,10,9,mom
2013-07-01_to_2016-07-01,2013-07-01,2016-07-01,"hml,smb,mom",mkt,14,5,43,10,10,hml
2013-07-01_to_2016-07-01,2013-07-01,2016-07-01,"hml,smb,mom",mkt,14,5,44,10,1,mom
2013-07-01_to_2016-07-01,2013-07-01,2016-07-01,"hml,smb,mom",mkt,14,5,44,10,2,mom
2013-07-01_to_2016-07-01,2013-07-01,2016-07-01,"hml,smb,mom",mkt,14,5,44,10,3,mom
2013-07-01_to_2016-07-01,2013-07-01,2016-07-01,"hml,smb,mom",mkt,14,5,44,10,4,mom
2013-07-01_to_2016-07-01,2013-07-01,2016-07-01,"hml,smb,mom",mkt,14,5,44,10,5,mom
2013-07-01_to_2016-07-01,2013-07-01,2016-07-01,"hml,smb,mom",mkt,14,5,44,10,6,mom
2013-07-01_to_2016-07-01,2013-07-01,2016-07-01,"hml,smb,mom",mkt,14,5,44,10,7,mom
2013-07-01_to_2016-07-01,2013-07-01,2016-07-01,"hml,smb,mom",mkt,14,5,44,10,8,hml
2013-07-01_to_2016-07-01,2013-07-01,2016-07-01,"hml,smb,mom",mkt,14,5,44,10,9,mom
2013-07-01_to_2016-07-01,2013-07-01,2016-07-01,"hml,smb,mom",mkt,14,5,44,10,10,hml
2013-07-01_to_2016-07-01,2013-07-01,2016-07-01,"hml,smb,mom",mkt,14,5,46,10,1,mom
2013-07-01_to_2016-07-01,2013-07-01,2016-07-01,"hml,smb,mom",mkt,14,5,46,10,2,mom
2013-07-01_to_2016-07-01,2013-07-01,2016-07-01,"hml,smb,mom",mkt,14,5,46,10,3,mom
2013-07-01_to_2016-07-01,2013-07-01,2016-07-01,"hml,smb,mom",mkt,14,5,46,10,4,mom
2013-07-01_to_2016-07-01,2013-07-01,2016-07-01,"hml,smb,mom",mkt,14,5,46,10,5,mom
2013-07-01_to_2016-07-01,2013-07-01,2016-07-01,"hml,smb,mom",mkt,14,5,46,10,6,mom
2013-07-01_to_2016-07-01,2013-07-01,2016-07-01,"hml,smb,mom",mkt,14,5,46,10,7,mom
2013-07-01_to_2016-07-01,2013-07-01,2016-07-01,"hml,smb,mom",mkt,14,5,46,10,8,hml
2013-07-01_to_2016-07-01,2013-07-01,2016-07-01,"hml,smb,mom",mkt,14,5,46,10,9,mom
2013-07-01_to_2016-07-01,2013-07-01,2016-07-01,"hml,smb,mom",mkt,14,5,46,10,10,hml
2013-07-01_to_2016-07-01,2013-07-01,2016-07-01,"hml,smb,mom",mkt,14,5,49,12,1,mom
2013-07-01_to_2016-07-01,2013-07-01,2016-07-01,"hml,smb,mom",mkt,14,5,49,12,2,mom
2013-07-01_to_2016-07-01,2013-07-01,2016-07-01,"hml,smb,mom",mkt,14,5,49,12,3,mom
2013-07-01_to_2016-07-01,2013-07-01,2016-07-01,"hml,smb,mom",mkt,14,5,49,12,4,mom
2013-07-01_to_2016-07-01,2013-07-01,2016-07-01,"hml,smb,mom",mkt,14,5,49,12,5,mom
2013-07-01_to_2016-07-01,2013-07-01,2016-07-01,"hml,smb,mom",mkt,14,5,49,12,6,mom
2013-07-01_to_2016-07-01,2013-07-01,2016-07-01,"hml,smb,mom",mkt,14,5,49,12,7,mom
2013-07-01_to_2016-07-01,2013-07-01,2016-07-01,"hml,smb,mom",mkt,14,5,49,12,8,hml
2013-07-01_to_2016-07-01,2013-07-01,2016-07-01,"hml,smb,mom",mkt,14,5,49,12,9,mom
2013-07-01_to_2016-07-01,2013-07-01,2016-07-01,"hml,smb,mom",mkt,14,5,49,12,10,hml
2013-07-01_to_2016-07-01,2013-07-01,2016-07-01,"hml,smb,mom",mkt,14,5,49,12,11,smb
2013-07-01_to_2016-07-01,2013-07-01,2016-07-01,"hml,smb,mom",mkt,14,5,49,12,12,mom
2013-07-01_to_2016-07-01,2013-07-01,2016-07-01,"hml,smb,mom",mkt,14,5,50,12,1,mom
2013-07-01_to_2016-07-01,2013-07-01,2016-07-01,"hml,smb,mom",mkt,14,5,50,12,2,mom
2013-07-01_to_2016-07-01,2013-07-01,2016-07-01,"hml,smb,mom",mkt,14,5,50,12,3,mom
2013-07-01_to_2016-07-01,2013-07-01,2016-07-01,"hml,smb,mom",mkt,14,5,50,12,4,mom
2013-07-01_to_2016-07-01,2013-07-01,2016-07-01,"hml,smb,mom",mkt,14,5,50,12,5,mom
2013-07-01_to_2016-07-01,2013-07-01,2016-07-01,"hml,smb,mom",mkt,14,5,50,12,6,mom
2013-07-01_to_2016-07-01,2013-07-01,2016-07-01,"hml,smb,mom",mkt,14,5,50,12,7,mom
2013-07-01_to_2016-07-01,2013-07-01,2016-07-01,"hml,smb,mom",mkt,14,5,50,12,8,hml
2013-07-01_to_2016-07-01,2013-07-01,2016-07-01,"hml,smb,mom",mkt,14,5,50,12,9,mom
2013-07-01_to_2016-07-01,2013-07-01,2016-07-01,"hml,smb,mom",mkt,14,5,50,12,10,hml
2013-07-01_to_2016-07-01,2013-07-01,2016-07-01,"hml,smb,mom",mkt,14,5,50,12,11,smb
2013-07-01_to_2016-07-01,2013-07-01,2016-07-01,"hml,smb,mom",mkt,14,5,50,12,12,mom
2013-07-01_to_2016-07-01,2013-07-01,2016-07-01,"hml,smb,mom",mkt,14,5,51,11,1,mom
2013-07-01_to_2016-07-01,2013-07-01,2016-07-01,"hml,smb,mom",mkt,14,5,51,11,2,mom
2013-07-01_to_2016-07-01,2013-07-01,2016-07-01,"hml,smb,mom",mkt,14,5,51,11,3,mom
2013-07-01_to_2016-07-01,2013-07-01,2016-07-01,"hml,smb,mom",mkt,14,5,51,11,4,mom
2013-07-01_to_2016-07-01,2013-07-01,2016-07-01,"hml,smb,mom",mkt,14,5,51,11,5,mom
2013-07-01_to_2016-07-01,2013-07-01,2016-07-01,"hml,smb,mom",mkt,14,5,51,11,6,mom
2013-07-01_to_2016-07-01,2013-07-01,2016-07-01,"hml,smb,mom",mkt,14,5,51,11,7,mom
2013-07-01_to_2016-07-01,2013-07-01,2016-07-01,"hml,smb,mom",mkt,14,5,51,11,8,hml
2013-07-01_to_2016-07-01,2013-07-01,2016-07-01,"hml,smb,mom",mkt,14,5,51,11,9,mom
2013-07-01_to_2016-07-01,2013-07-01,2016-07-01,"hml,smb,mom",mkt,14,5,51,11,10,hml
2013-07-01_to_2016-07-01,2013-07-01,2016-07-01,"hml,smb,mom",mkt,14,5,51,11,11,smb
2013-07-01_to_2016-07-01,2013-07-01,2016-07-01,"hml,smb,mom",mkt,14,5,53,9,1,mom
2013-07-01_to_2016-07-01,2013-07-01,2016-07-01,"hml,smb,mom",mkt,14,5,53,9,2,mom
2013-07-01_to_2016-07-01,2013-07-01,2016-07-01,"hml,smb,mom",mkt,14,5,53,9,3,mom
2013-07-01_to_2016-07-01,2013-07-01,2016-07-01,"hml,smb,mom",mkt,14,5,53,9,4,mom
2013-07-01_to_2016-07-01,2013-07-01,2016-07-01,"hml,smb,mom",mkt,14,5,53,9,5,mom
2013-07-01_to_2016-07-01,2013-07-01,2016-07-01,"hml,smb,mom",mkt,14,5,53,9,6,mom
2013-07-01_to_2016-07-01,2013-07-01,2016-07-01,"hml,smb,mom",mkt,14,5,53,9,7,mom
2013-07-01_to_2016-07-01,2013-07-01,2016-07-01,"hml,smb,mom",mkt,14,5,53,9,8,hml
2013-07-01_to_2016-07-01,2013-07-01,2016-07-01,"hml,smb,mom",mkt,14,5,53,9,9,smb
2013-07-01_to_2016-07-01,2013-07-01,2016-07-01,"hml,smb,mom",mkt,14,5,55,10,1,mom
2013-07-01_to_2016-07-01,2013-07-01,2016-07-01,"hml,smb,mom",mkt,14,5,55,10,2,mom
2013-07-01_to_2016-07-01,2013-07-01,2016-07-01,"hml,smb,mom",mkt,14,5,55,10,3,mom
2013-07-01_to_2016-07-01,2013-07-01,2016-07-01,"hml,smb,mom",mkt,14,5,55,10,4,mom
2013-07-01_to_2016-07-01,2013-07-01,2016-07-01,"hml,smb,mom",mkt,14,5,55,10,5,mom
2013-07-01_to_2016-07-01,2013-07-01,2016-07-01,"hml,smb,mom",mkt,14,5,55,10,6,mom
2013-07-01_to_2016-07-01,2013-07-01,2016-07-01,"hml,smb,mom",mkt,14,5,55,10,7,mom
2013-07-01_to_2016-07-01,2013-07-01,2016-07-01,"hml,smb,mom",mkt,14,5,55,10,8,hml
2013-07-01_to_2016-07-01,2013-07-01,2016-07-01,"hml,smb,mom",mkt,14,5,55,10,9,smb
2013-07-01_to_2016-07-01,2013-07-01,2016-07-01,"hml,smb,mom",mkt,14,5,55,10,10,hml
2013-07-01_to_2016-07-01,2013-07-01,2016-07-01,"hml,smb,mom",mkt,14,5,56,10,1,mom
2013-07-01_to_2016-07-01,2013-07-01,2016-07-01,"hml,smb,mom",mkt,14,5,56,10,2,mom
2013-07-01_to_2016-07-01,2013-07-01,2016-07-01,"hml,smb,mom",mkt,14,5,56,10,3,mom
2013-07-01_to_2016-07-01,2013-07-01,2016-07-01,"hml,smb,mom",mkt,14,5,56,10,4,mom
2013-07-01_to_2016-07-01,2013-07-01,2016-07-01,"hml,smb,mom",mkt,14,5,56,10,5,mom
2013-07-01_to_2016-07-01,2013-07-01,2016-07-01,"hml,smb,mom",mkt,14,5,56,10,6,mom
2013-07-01_to_2016-07-01,2013-07-01,2016-07-01,"hml,smb,mom",mkt,14,5,56,10,7,mom
2013-07-01_to_2016-07-01,2013-07-01,2016-07-01,"hml,smb,mom",mkt,14,5,56,10,8,hml
2013-07-01_to_2016-07-01,2013-07-01,2016-07-01,"hml,smb,mom",mkt,14,5,56,10,9,smb
2013-07-01_to_2016-07-01,2013-07-01,2016-07-01,"hml,smb,mom",mkt,14,5,56,10,10,hml
2013-07-01_to_2016-07-01,2013-07-01,2016-07-01,"hml,smb,mom",mkt,14,5,59,8,1,mom
2013-07-01_to_2016-07-01,2013-07-01,2016-07-01,"hml,smb,mom",mkt,14,5,59,8,2,mom
2013-07-01_to_2016-07-01,2013-07-01,2016-07-01,"hml,smb,mom",mkt,14,5,59,8,3,mom
2013-07-01_to_2016-07-01,2013-07-01,2016-07-01,"hml,smb,mom",mkt,14,5,59,8,4,mom
2013-07-01_to_2016-07-01,2013-07-01,2016-07-01,"hml,smb,mom",mkt,14,5,59,8,5,mom
2013-07-01_to_2016-07-01,2013-07-01,2016-07-01,"hml,smb,mom",mkt,14,5,59,8,6,mom
2013-07-01_to_2016-07-01,2013-07-01,2016-07-01,"hml,smb,mom",mkt,14,5,59,8,7,smb
2013-07-01_to_2016-07-01,2013-07-01,2016-07-01,"hml,smb,mom",mkt,14,5,59,8,8,hml
2013-07-01_to_2016-07-01,2013-07-01,2016-07-01,"hml,smb,mom",mkt,14,5,61,9,1,mom
2013-07-01_to_2016-07-01,2013-07-01,2016-07-01,"hml,smb,mom",mkt,14,5,61,9,2,mom
2013-07-01_to_2016-07-01,2013-07-01,2016-07-01,"hml,smb,mom",mkt,14,5,61,9,3,mom
2013-07-01_to_2016-07-01,2013-07-01,2016-07-01,"hml,smb,mom",mkt,14,5,61,9,4,mom
2013-07-01_to_2016-07-01,2013-07-01,2016-07-01,"hml,smb,mom",mkt,14,5,61,9,5,mom
2013-07-01_to_2016-07-01,2013-07-01,2016-07-01,"hml,smb,mom",mkt,14,5,61,9,6,mom
2013-07-01_to_2016-07-01,2013-07-01,2016-07-01,"hml,smb,mom",mkt,14,5,61,9,7,smb
2013-07-01_to_2016-07-01,2013-07-01,2016-07-01,"hml,smb,mom",mkt,14,5,61,9,8,hml
2013-07-01_to_2016-07-01,2013-07-01,2016-07-01,"hml,smb,mom",mkt,14,5,61,9,9,smb
2013-07-01_to_2016-07-01,2013-07-01,2016-07-01,"hml,smb,mom",mkt,14,5,62,9,1,mom
2013-07-01_to_2016-07-01,2013-07-01,2016-07-01,"hml,smb,mom",mkt,14,5,62,9,2,mom
2013-07-01_to_2016-07-01,2013-07-01,2016-07-01,"hml,smb,mom",mkt,14,5,62,9,3,mom
2013-07-01_to_2016-07-01,2013-07-01,2016-07-01,"hml,smb,mom",mkt,14,5,62,9,4,mom
2013-07-01_to_2016-07-01,2013-07-01,2016-07-01,"hml,smb,mom",mkt,14,5,62,9,5,mom
2013-07-01_to_2016-07-01,2013-07-01,2016-07-01,"hml,smb,mom",mkt,14,5,62,9,6,mom
2013-07-01_to_2016-07-01,2013-07-01,2016-07-01,"hml,smb,mom",mkt,14,5,62,9,7,smb
2013-07-01_to_2016-07-01,2013-07-01,2016-07-01,"hml,smb,mom",mkt,14,5,62,9,8,hml
2013-07-01_to_2016-07-01,2013-07-01,2016-07-01,"hml,smb,mom",mkt,14,5,62,9,9,smb
2013-07-01_to_2016-07-01,2013-07-01,2016-07-01,"hml,smb,mom",mkt,14,5,64,8,1,mom
2013-07-01_to_2016-07-01,2013-07-01,2016-07-01,"hml,smb,mom",mkt,14,5,64,8,2,mom
2013-07-01_to_2016-07-01,2013-07-01,2016-07-01,"hml,smb,mom",mkt,14,5,64,8,3,mom
2013-07-01_to_2016-07-01,2013-07-01,2016-07-01,"hml,smb,mom",mkt,14,5,64,8,4,mom
2013-07-01_to_2016-07-01,2013-07-01,2016-07-01,"hml,smb,mom",mkt,14,5,64,8,5,mom
2013-07-01_to_2016-07-01,2013-07-01,2016-07-01,"hml,smb,mom",mkt,14,5,64,8,6,mom
2013-07-01_to_2016-07-01,2013-07-01,2016-07-01,"hml,smb,mom",mkt,14,5,64,8,7,smb
2013-07-01_to_2016-07-01,2013-07-01,2016-07-01,"hml,smb,mom",mkt,14,5,64,8,8,mom
2013-07-01_to_2016-07-01,2013-07-01,2016-07-01,"hml,smb,mom",mkt,14,5,65,8,1,mom
2013-07-01_to_2016-07-01,2013-07-01,2016-07-01,"hml,smb,mom",mkt,14,5,65,8,2,mom
2013-07-01_to_2016-07-01,2013-07-01,2016-07-01,"hml,smb,mom",mkt,14,5,65,8,3,mom
2013-07-01_to_2016-07-01,2013-07-01,2016-07-01,"hml,smb,mom",mkt,14,5,65,8,4,mom
2013-07-01_to_2016-07-01,2013-07-01,2016-07-01,"hml,smb,mom",mkt,14,5,65,8,5,mom
2013-07-01_to_2016-07-01,2013-07-01,2016-07-01,"hml,smb,mom",mkt,14,5,65,8,6,mom
2013-07-01_to_2016-07-01,2013-07-01,2016-07-01,"hml,smb,mom",mkt,14,5,65,8,7,smb
2013-07-01_to_2016-07-01,2013-07-01,2016-07-01,"hml,smb,mom",mkt,14,5,65,8,8,mom
2013-07-01_to_2016-07-01,2013-07-01,2016-07-01,"hml,smb,mom",mkt,14,5,72,9,1,mom
2013-07-01_to_2016-07-01,2013-07-01,2016-07-01,"hml,smb,mom",mkt,14,5,72,9,2,mom
2013-07-01_to_2016-07-01,2013-07-01,2016-07-01,"hml,smb,mom",mkt,14,5,72,9,3,mom
2013-07-01_to_2016-07-01,2013-07-01,2016-07-01,"hml,smb,mom",mkt,14,5,72,9,4,mom
2013-07-01_to_2016-07-01,2013-07-01,2016-07-01,"hml,smb,mom",mkt,14,5,72,9,5,mom
2013-07-01_to_2016-07-01,2013-07-01,2016-07-01,"hml,smb,mom",mkt,14,5,72,9,6,smb
2013-07-01_to_2016-07-01,2013-07-01,2016-07-01,"hml,smb,mom",mkt,14,5,72,9,7,hml
2013-07-01_to_2016-07-01,2013-07-01,2016-07-01,"hml,smb,mom",mkt,14,5,72,9,8,mom
2013-07-01_to_2016-07-01,2013-07-01,2016-07-01,"hml,smb,mom",mkt,14,5,72,9,9,hml
2013-07-01_to_2016-07-01,2013-07-01,2016-07-01,"hml,smb,mom",mkt,14,5,73,9,1,mom
2013-07-01_to_2016-07-01,2013-07-01,2016-07-01,"hml,smb,mom",mkt,14,5,73,9,2,mom
2013-07-01_to_2016-07-01,2013-07-01,2016-07-01,"hml,smb,mom",mkt,14,5,73,9,3,mom
2013-07-01_to_2016-07-01,2013-07-01,2016-07-01,"hml,smb,mom",mkt,14,5,73,9,4,mom
2013-07-01_to_2016-07-01,2013-07-01,2016-07-01,"hml,smb,mom",mkt,14,5,73,9,5,mom
2013-07-01_to_2016-07-01,2013-07-01,2016-07-01,"hml,smb,mom",mkt,14,5,73,9,6,smb
2013-07-01_to_2016-07-01,2013-07-01,2016-07-01,"hml,smb,mom",mkt,14,5,73,9,7,hml
2013-07-01_to_2016-07-01,2013-07-01,2016-07-01,"hml,smb,mom",mkt,14,5,73,9,8,mom
2013-07-01_to_2016-07-01,2013-07-01,2016-07-01,"hml,smb,mom",mkt,14,5,73,9,9,hml
2013-07-01_to_2016-07-01,2013-07-01,2016-07-01,"hml,smb,mom",mkt,14,5,75,9,1,mom
2013-07-01_to_2016-07-01,2013-07-01,2016-07-01,"hml,smb,mom",mkt,14,5,75,9,2,mom
2013-07-01_to_2016-07-01,2013-07-01,2016-07-01,"hml,smb,mom",mkt,14,5,75,9,3,mom
2013-07-01_to_2016-07-01,2013-07-01,2016-07-01,"hml,smb,mom",mkt,14,5,75,9,4,mom
2013-07-01_to_2016-07-01,2013-07-01,2016-07-01,"hml,smb,mom",mkt,14,5,75,9,5,mom
2013-07-01_to_2016-07-01,2013-07-01,2016-07-01,"hml,smb,mom",mkt,14,5,75,9,6,smb
2013-07-01_to_2016-07-01,2013-07-01,2016-07-01,"hml,smb,mom",mkt,14,5,75,9,7,hml
2013-07-01_to_2016-07-01,2013-07-01,2016-07-01,"hml,smb,mom",mkt,14,5,75,9,8,mom
2013-07-01_to_2016-07-01,2013-07-01,2016-07-01,"hml,smb,mom",mkt,14,5,75,9,9,hml
2013-07-01_to_2016-07-01,2013-07-01,2016-07-01,"hml,smb,mom",mkt,14,5,76,9,1,mom
2013-07-01_to_2016-07-01,2013-07-01,2016-07-01,"hml,smb,mom",mkt,14,5,76,9,2,mom
2013-07-01_to_2016-07-01,2013-07-01,2016-07-01,"hml,smb,mom",mkt,14,5,76,9,3,mom
2013-07-01_to_2016-07-01,2013-07-01,2016-07-01,"hml,smb,mom",mkt,14,5,76,9,4,mom
2013-07-01_to_2016-07-01,2013-07-01,2016-07-01,"hml,smb,mom",mkt,14,5,76,9,5,mom
2013-07-01_to_2016-07-01,2013-07-01,2016-07-01,"hml,smb,mom",mkt,14,5,76,9,6,smb
2013-07-01_to_2016-07-01,2013-07-01,2016-07-01,"hml,smb,mom",mkt,14,5,76,9,7,hml
2013-07-01_to_2016-07-01,2013-07-01,2016-07-01,"hml,smb,mom",mkt,14,5,76,9,8,mom
2013-07-01_to_2016-07-01,2013-07-01,2016-07-01,"hml,smb,mom",mkt,14,5,76,9,9,hml
2013-07-01_to_2016-07-01,2013-07-01,2016-07-01,"hml,smb,mom",mkt,14,5,77,7,1,mom
2013-07-01_to_2016-07-01,2013-07-01,2016-07-01,"hml,smb,mom",mkt,14,5,77,7,2,mom
2013-07-01_to_2016-07-01,2013-07-01,2016-07-01,"hml,smb,mom",mkt,14,5,77,7,3,mom
2013-07-01_to_2016-07-01,2013-07-01,2016-07-01,"hml,smb,mom",mkt,14,5,77,7,4,mom
2013-07-01_to_2016-07-01,2013-07-01,2016-07-01,"hml,smb,mom",mkt,14,5,77,7,5,mom
2013-07-01_to_2016-07-01,2013-07-01,2016-07-01,"hml,smb,mom",mkt,14,5,77,7,6,smb
2013-07-01_to_2016-07-01,2013-07-01,2016-07-01,"hml,smb,mom",mkt,14,5,77,7,7,hml
2013-07-01_to_2016-07-01,2013-07-01,2016-07-01,"hml,smb,mom",mkt,14,5,80,8,1,mom
2013-07-01_to_2016-07-01,2013-07-01,2016-07-01,"hml,smb,mom",mkt,14,5,80,8,2,mom
2013-07-01_to_2016-07-01,2013-07-01,2016-07-01,"hml,smb,mom",mkt,14,5,80,8,3,mom
2013-07-01_to_2016-07-01,2013-07-01,2016-07-01,"hml,smb,mom",mkt,14,5,80,8,4,mom
2013-07-01_to_2016-07-01,2013-07-01,2016-07-01,"hml,smb,mom",mkt,14,5,80,8,5,mom
2013-07-01_to_2016-07-01,2013-07-01,2016-07-01,"hml,smb,mom",mkt,14,5,80,8,6,smb
2013-07-01_to_2016-07-01,2013-07-01,2016-07-01,"hml,smb,mom",mkt,14,5,80,8,7,smb
2013-07-01_to_2016-07-01,2013-07-01,2016-07-01,"hml,smb,mom",mkt,14,5,80,8,8,hml
2013-07-01_to_2016-07-01,2013-07-01,2016-07-01,"hml,smb,mom",mkt,14,5,82,9,1,mom
2013-07-01_to_2016-07-01,2013-07-01,2016-07-01,"hml,smb,mom",mkt,14,5,82,9,2,mom
2013-07-01_to_2016-07-01,2013-07-01,2016-07-01,"hml,smb,mom",mkt,14,5,82,9,3,mom
2013-07-01_to_2016-07-01,2013-07-01,2016-07-01,"hml,smb,mom",mkt,14,5,82,9,4,mom
2013-07-01_to_2016-07-01,2013-07-01,2016-07-01,"hml,smb,mom",mkt,14,5,82,9,5,mom
2013-07-01_to_2016-07-01,2013-07-01,2016-07-01,"hml,smb,mom",mkt,14,5,82,9,6,smb
2013-07-01_to_2016-07-01,2013-07-01,2016-07-01,"hml,smb,mom",mkt,14,5,82,9,7,smb
2013-07-01_to_2016-07-01,2013-07-01,2016-07-01,"hml,smb,mom",mkt,14,5,82,9,8,hml
2013-07-01_to_2016-07-01,2013-07-01,2016-07-01,"hml,smb,mom",mkt,14,5,82,9,9,mom
2013-07-01_to_2016-07-01,2013-07-01,2016-07-01,"hml,smb,mom",mkt,14,5,83,9,1,mom
2013-07-01_to_2016-07-01,2013-07-01,2016-07-01,"hml,smb,mom",mkt,14,5,83,9,2,mom
2013-07-01_to_2016-07-01,2013-07-01,2016-07-01,"hml,smb,mom",mkt,14,5,83,9,3,mom
2013-07-01_to_2016-07-01,2013-07-01,2016-07-01,"hml,smb,mom",mkt,14,5,83,9,4,mom
2013-07-01_to_2016-07-01,2013-07-01,2016-07-01,"hml,smb,mom",mkt,14,5,83,9,5,mom
2013-07-01_to_2016-07-01,2013-07-01,2016-07-01,"hml,smb,mom",mkt,14,5,83,9,6,smb
2013-07-01_to_2016-07-01,2013-07-01,2016-07-01,"hml,smb,mom",mkt,14,5,83,9,7,smb
2013-07-01_to_2016-07-01,2013-07-01,2016-07-01,"hml,smb,mom",mkt,14,5,83,9,8,hml
2013-07-01_to_2016-07-01,2013-07-01,2016-07-01,"hml,smb,mom",mkt,14,5,83,9,9,mom
2013-07-01_to_2016-07-01,2013-07-01,2016-07-01,"hml,smb,mom",mkt,14,5,85,8,1,mom
2013-07-01_to_2016-07-01,2013-07-01,2016-07-01,"hml,smb,mom",mkt,14,5,85,8,2,mom
2013-07-01_to_2016-07-01,2013-07-01,2016-07-01,"hml,smb,mom",mkt,14,5,85,8,3,mom
2013-07-01_to_2016-07-01,2013-07-01,2016-07-01,"hml,smb,mom",mkt,14,5,85,8,4,mom
2013-07-01_to_2016-07-01,2013-07-01,2016-07-01,"hml,smb,mom",mkt,14,5,85,8,5,mom
2013-07-01_to_2016-07-01,2013-07-01,2016-07-01,"hml,smb,mom",mkt,14,5,85,8,6,smb
2013-07-01_to_2016-07-01,2013-07-01,2016-07-01,"hml,smb,mom",mkt,14,5,85,8,7,smb
2013-07-01_to_2016-07-01,2013-07-01,2016-07-01,"hml,smb,mom",mkt,14,5,85,8,8,smb
2013-07-01_to_2016-07-01,2013-07-01,2016-07-01,"hml,smb,mom",mkt,14,5,87,9,1,mom
2013-07-01_to_2016-07-01,2013-07-01,2016-07-01,"hml,smb,mom",mkt,14,5,87,9,2,mom
2013-07-01_to_2016-07-01,2013-07-01,2016-07-01,"hml,smb,mom",mkt,14,5,87,9,3,mom
2013-07-01_to_2016-07-01,2013-07-01,2016-07-01,"hml,smb,mom",mkt,14,5,87,9,4,mom
2013-07-01_to_2016-07-01,2013-07-01,2016-07-01,"hml,smb,mom",mkt,14,5,87,9,5,mom
2013-07-01_to_2016-07-01,2013-07-01,2016-07-01,"hml,smb,mom",mkt,14,5,87,9,6,smb
2013-07-01_to_2016-07-01,2013-07-01,2016-07-01,"hml,smb,mom",mkt,14,5,87,9,7,smb
2013-07-01_to_2016-07-01,2013-07-01,2016-07-01,"hml,smb,mom",mkt,14,5,87,9,8,smb
2013-07-01_to_2016-07-01,2013-07-01,2016-07-01,"hml,smb,mom",mkt,14,5,87,9,9,hml
2013-07-01_to_2016-07-01,2013-07-01,2016-07-01,"hml,smb,mom",mkt,14,5,89,10,1,mom
2013-07-01_to_2016-07-01,2013-07-01,2016-07-01,"hml,smb,mom",mkt,14,5,89,10,2,mom
2013-07-01_to_2016-07-01,2013-07-01,2016-07-01,"hml,smb,mom",mkt,14,5,89,10,3,mom
2013-07-01_to_2016-07-01,2013-07-01,2016-07-01,"hml,smb,mom",mkt,14,5,89,10,4,mom
2013-07-01_to_2016-07-01,2013-07-01,2016-07-01,"hml,smb,mom",mkt,14,5,89,10,5,mom
2013-07-01_to_2016-07-01,2013-07-01,2016-07-01,"hml,smb,mom",mkt,14,5,89,10,6,smb
2013-07-01_to_2016-07-01,2013-07-01,2016-07-01,"hml,smb,mom",mkt,14,5,89,10,7,smb
2013-07-01_to_2016-07-01,2013-07-01,2016-07-01,"hml,smb,mom",mkt,14,5,89,10,8,smb
2013-07-01_to_2016-07-01,2013-07-01,2016-07-01,"hml,smb,mom",mkt,14,5,89,10,9,hml
2013-07-01_to_2016-07-01,2013-07-01,2016-07-01,"hml,smb,mom",mkt,14,5,89,10,10,mom
2013-07-01_to_2016-07-01,2013-07-01,2016-07-01,"hml,smb,mom",mkt,14,5,90,10,1,mom
2013-07-01_to_2016-07-01,2013-07-01,2016-07-01,"hml,smb,mom",mkt,14,5,90,10,2,mom
2013-07-01_to_2016-07-01,2013-07-01,2016-07-01,"hml,smb,mom",mkt,14,5,90,10,3,mom
2013-07-01_to_2016-07-01,2013-07-01,2016-07-01,"hml,smb,mom",mkt,14,5,90,10,4,mom
2013-07-01_to_2016-07-01,2013-07-01,2016-07-01,"hml,smb,mom",mkt,14,5,90,10,5,mom
2013-07-01_to_2016-07-01,2013-07-01,2016-07-01,"hml,smb,mom",mkt,14,5,90,10,6,smb
2013-07-01_to_2016-07-01,2013-07-01,2016-07-01,"hml,smb,mom",mkt,14,5,90,10,7,smb
2013-07-01_to_2016-07-01,2013-07-01,2016-07-01,"hml,smb,mom",mkt,14,5,90,10,8,smb
2013-07-01_to_2016-07-01,2013-07-01,2016-07-01,"hml,smb,mom",mkt,14,5,90,10,9,hml
2013-07-01_to_2016-07-01,2013-07-01,2016-07-01,"hml,smb,mom",mkt,14,5,90,10,10,mom
2013-07-01_to_2016-07-01,2013-07-01,2016-07-01,"hml,smb,mom",mkt,14,5,94,8,1,mom
2013-07-01_to_2016-07-01,2013-07-01,2016-07-01,"hml,smb,mom",mkt,14,5,94,8,2,mom
2013-07-01_to_2016-07-01,2013-07-01,2016-07-01,"hml,smb,mom",mkt,14,5,94,8,3,mom
2013-07-01_to_2016-07-01,2013-07-01,2016-07-01,"hml,smb,mom",mkt,14,5,94,8,4,mom
2013-07-01_to_2016-07-01,2013-07-01,2016-07-01,"hml,smb,mom",mkt,14,5,94,8,5,mom
2013-07-01_to_2016-07-01,2013-07-01,2016-07-01,"hml,smb,mom",mkt,14,5,94,8,6,mom
2013-07-01_to_2016-07-01,2013-07-01,2016-07-01,"hml,smb,mom",mkt,14,5,94,8,7,smb
2013-07-01_to_2016-07-01,2013-07-01,2016-07-01,"hml,smb,mom",mkt,14,5,94,8,8,smb
2013-07-01_to_2016-07-01,2013-07-01,2016-07-01,"hml,smb,mom",mkt,14,5,96,9,1,mom
2013-07-01_to_2016-07-01,2013-07-01,2016-07-01,"hml,smb,mom",mkt,14,5,96,9,2,mom
2013-07-01_to_2016-07-01,2013-07-01,2016-07-01,"hml,smb,mom",mkt,14,5,96,9,3,mom
2013-07-01_to_2016-07-01,2013-07-01,2016-07-01,"hml,smb,mom",mkt,14,5,96,9,4,mom
2013-07-01_to_2016-07-01,2013-07-01,2016-07-01,"hml,smb,mom",mkt,14,5,96,9,5,mom
2013-07-01_to_2016-07-01,2013-07-01,2016-07-01,"hml,smb,mom",mkt,14,5,96,9,6,mom
2013-07-01_to_2016-07-01,2013-07-01,2016-07-01,"hml,smb,mom",mkt,14,5,96,9,7,smb
2013-07-01_to_2016-07-01,2013-07-01,2016-07-01,"hml,smb,mom",mkt,14,5,96,9,8,smb
2013-07-01_to_2016-07-01,2013-07-01,2016-07-01,"hml,smb,mom",mkt,14,5,96,9,9,hml
2013-07-01_to_2016-07-01,2013-07-01,2016-07-01,"hml,smb,mom",mkt,14,5,98,10,1,mom
2013-07-01_to_2016-07-01,2013-07-01,2016-07-01,"hml,smb,mom",mkt,14,5,98,10,2,mom
2013-07-01_to_2016-07-01,2013-07-01,2016-07-01,"hml,smb,mom",mkt,14,5,98,10,3,mom
2013-07-01_to_2016-07-01,2013-07-01,2016-07-01,"hml,smb,mom",mkt,14,5,98,10,4,mom
2013-07-01_to_2016-07-01,2013-07-01,2016-07-01,"hml,smb,mom",mkt,14,5,98,10,5,mom
2013-07-01_to_2016-07-01,2013-07-01,2016-07-01,"hml,smb,mom",mkt,14,5,98,10,6,mom
2013-07-01_to_2016-07-01,2013-07-01,2016-07-01,"hml,smb,mom",mkt,14,5,98,10,7,smb
2013-07-01_to_2016-07-01,2013-07-01,2016-07-01,"hml,smb,mom",mkt,14,5,98,10,8,smb
2013-07-01_to_2016-07-01,2013-07-01,2016-07-01,"hml,smb,mom",mkt,14,5,98,10,9,hml
2013-07-01_to_2016-07-01,2013-07-01,2016-07-01,"hml,smb,mom",mkt,14,5,98,10,10,smb
2013-07-01_to_2016-07-01,2013-07-01,2016-07-01,"hml,smb,mom",mkt,14,5,99,10,1,mom
2013-07-01_to_2016-07-01,2013-07-01,2016-07-01,"hml,smb,mom",mkt,14,5,99,10,2,mom
2013-07-01_to_2016-07-01,2013-07-01,2016-07-01,"hml,smb,mom",mkt,14,5,99,10,3,mom
2013-07-01_to_2016-07-01,2013-07-01,2016-07-01,"hml,smb,mom",mkt,14,5,99,10,4,mom
2013-07-01_to_2016-07-01,2013-07-01,2016-07-01,"hml,smb,mom",mkt,14,5,99,10,5,mom
2013-07-01_to_2016-07-01,2013-07-01,2016-07-01,"hml,smb,mom",mkt,14,5,99,10,6,mom
2013-07-01_to_2016-07-01,2013-07-01,2016-07-01,"hml,smb,mom",mkt,14,5,99,10,7,smb
2013-07-01_to_2016-07-01,2013-07-01,2016-07-01,"hml,smb,mom",mkt,14,5,99,10,8,smb
2013-07-01_to_2016-07-01,2013-07-01,2016-07-01,"hml,smb,mom",mkt,14,5,99,10,9,hml
2013-07-01_to_2016-07-01,2013-07-01,2016-07-01,"hml,smb,mom",mkt,14,5,99,10,10,smb
2013-07-01_to_2016-07-01,2013-07-01,2016-07-01,"hml,smb,mom",mkt,14,5,103,10,1,mom
2013-07-01_to_2016-07-01,2013-07-01,2016-07-01,"hml,smb,mom",mkt,14,5,103,10,2,mom
2013-07-01_to_2016-07-01,2013-07-01,2016-07-01,"hml,smb,mom",mkt,14,5,103,10,3,mom
2013-07-01_to_2016-07-01,2013-07-01,2016-07-01,"hml,smb,mom",mkt,14,5,103,10,4,mom
2013-07-01_to_2016-07-01,2013-07-01,2016-07-01,"hml,smb,mom",mkt,14,5,103,10,5,mom
2013-07-01_to_2016-07-01,2013-07-01,2016-07-01,"hml,smb,mom",mkt,14,5,103,10,6,mom
2013-07-01_to_2016-07-01,2013-07-01,2016-07-01,"hml,smb,mom",mkt,14,5,103,10,7,smb
2013-07-01_to_2016-07-01,2013-07-01,2016-07-01,"hml,smb,mom",mkt,14,5,103,10,8,smb
2013-07-01_to_2016-07-01,2013-07-01,2016-07-01,"hml,smb,mom",mkt,14,5,103,10,9,hml
2013-07-01_to_2016-07-01,2013-07-01,2016-07-01,"hml,smb,mom",mkt,14,5,103,10,10,mom
2013-07-01_to_2016-07-01,2013-07-01,2016-07-01,"hml,smb,mom",mkt,14,5,104,10,1,mom
2013-07-01_to_2016-07-01,2013-07-01,2016-07-01,"hml,smb,mom",mkt,14,5,104,10,2,mom
2013-07-01_to_2016-07-01,2013-07-01,2016-07-01,"hml,smb,mom",mkt,14,5,104,10,3,mom
2013-07-01_to_2016-07-01,2013-07-01,2016-07-01,"hml,smb,mom",mkt,14,5,104,10,4,mom
2013-07-01_to_2016-07-01,2013-07-01,2016-07-01,"hml,smb,mom",mkt,14,5,104,10,5,mom
2013-07-01_to_2016-07-01,2013-07-01,2016-07-01,"hml,smb,mom",mkt,14,5,104,10,6,mom
2013-07-01_to_2016-07-01,2013-07-01,2016-07-01,"hml,smb,mom",mkt,14,5,104,10,7,smb
2013-07-01_to_2016-07-01,2013-07-01,2016-07-01,"hml,smb,mom",mkt,14,5,104,10,8,smb
2013-07-01_to_2016-07-01,2013-07-01,2016-07-01,"hml,smb,mom",mkt,14,5,104,10,9,hml
2013-07-01_to_2016-07-01,2013-07-01,2016-07-01,"hml,smb,mom",mkt,14,5,104,10,10,mom
2013-07-01_to_2016-07-01,2013-07-01,2016-07-01,"hml,smb,mom",mkt,14,5,106,10,1,mom
2013-07-01_to_2016-07-01,2013-07-01,2016-07-01,"hml,smb,mom",mkt,14,5,106,10,2,mom
2013-07-01_to_2016-07-01,2013-07-01,2016-07-01,"hml,smb,mom",mkt,14,5,106,10,3,mom
2013-07-01_to_2016-07-01,2013-07-01,2016-07-01,"hml,smb,mom",mkt,14,5,106,10,4,mom
2013-07-01_to_2016-07-01,2013-07-01,2016-07-01,"hml,smb,mom",mkt,14,5,106,10,5,mom
2013-07-01_to_2016-07-01,2013-07-01,2016-07-01,"hml,smb,mom",mkt,14,5,106,10,6,mom
2013-07-01_to_2016-07-01,2013-07-01,2016-07-01,"hml,smb,mom",mkt,14,5,106,10,7,smb
2013-07-01_to_2016-07-01,2013-07-01,2016-07-01,"hml,smb,mom",mkt,14,5,106,10,8,smb
2013-07-01_to_2016-07-01,2013-07-01,2016-07-01,"hml,smb,mom",mkt,14,5,106,10,9,hml
2013-07-01_to_2016-07-01,2013-07-01,2016-07-01,"hml,smb,mom",mkt,14,5,106,10,10,mom
2013-07-01_to_2016-07-01,2013-07-01,2016-07-01,"hml,smb,mom",mkt,14,5,107,10,1,mom
2013-07-01_to_2016-07-01,2013-07-01,2016-07-01,"hml,smb,mom",mkt,14,5,107,10,2,mom
2013-07-01_to_2016-07-01,2013-07-01,2016-07-01,"hml,smb,mom",mkt,14,5,107,10,3,mom
2013-07-01_to_2016-07-01,2013-07-01,2016-07-01,"hml,smb,mom",mkt,14,5,107,10,4,mom
2013-07-01_to_2016-07-01,2013-07-01,2016-07-01,"hml,smb,mom",mkt,14,5,107,10,5,mom
2013-07-01_to_2016-07-01,2013-07-01,2016-07-01,"hml,smb,mom",mkt,14,5,107,10,6,mom
2013-07-01_to_2016-07-01,2013-07-01,2016-07-01,"hml,smb,mom",mkt,14,5,107,10,7,smb
2013-07-01_to_2016-07-01,2013-07-01,2016-07-01,"hml,smb,mom",mkt,14,5,107,10,8,smb
2013-07-01_to_2016-07-01,2013-07-01,2016-07-01,"hml,smb,mom",mkt,14,5,107,10,9,hml
2013-07-01_to_2016-07-01,2013-07-01,2016-07-01,"hml,smb,mom",mkt,14,5,107,10,10,mom
2013-07-01_to_2016-07-01,2013-07-01,2016-07-01,"hml,smb,mom",mkt,14,5,108,8,1,mom
2013-07-01_to_2016-07-01,2013-07-01,2016-07-01,"hml,smb,mom",mkt,14,5,108,8,2,mom
2013-07-01_to_2016-07-01,2013-07-01,2016-07-01,"hml,smb,mom",mkt,14,5,108,8,3,mom
2013-07-01_to_2016-07-01,2013-07-01,2016-07-01,"hml,smb,mom",mkt,14,5,108,8,4,mom
2013-07-01_to_2016-07-01,2013-07-01,2016-07-01,"hml,smb,mom",mkt,14,5,108,8,5,mom
2013-07-01_to_2016-07-01,2013-07-01,2016-07-01,"hml,smb,mom",mkt,14,5,108,8,6,mom
2013-07-01_to_2016-07-01,2013-07-01,2016-07-01,"hml,smb,mom",mkt,14,5,108,8,7,smb
2013-07-01_to_2016-07-01,2013-07-01,2016-07-01,"hml,smb,mom",mkt,14,5,108,8,8,smb
2013-07-01_to_2016-07-01,2013-07-01,2016-07-01,"hml,smb,mom",mkt,14,5,112,9,1,mom
2013-07-01_to_2016-07-01,2013-07-01,2016-07-01,"hml,smb,mom",mkt,14,5,112,9,2,mom
2013-07-01_to_2016-07-01,2013-07-01,2016-07-01,"hml,smb,mom",mkt,14,5,112,9,3,mom
2013-07-01_to_2016-07-01,2013-07-01,2016-07-01,"hml,smb,mom",mkt,14,5,112,9,4,mom
2013-07-01_to_2016-07-01,2013-07-01,2016-07-01,"hml,smb,mom",mkt,14,5,112,9,5,mom
2013-07-01_to_2016-07-01,2013-07-01,2016-07-01,"hml,smb,mom",mkt,14,5,112,9,6,mom
2013-07-01_to_2016-07-01,2013-07-01,2016-07-01,"hml,smb,mom",mkt,14,5,112,9,7,smb
2013-07-01_to_2016-07-01,2013-07-01,2016-07-01,"hml,smb,mom",mkt,14,5,112,9,8,smb
2013-07-01_to_2016-07-01,2013-07-01,2016-07-01,"hml,smb,mom",mkt,14,5,112,9,9,hml
2013-07-01_to_2016-07-01,2013-07-01,2016-07-01,"hml,smb,mom",mkt,14,5,113,9,1,mom
2013-07-01_to_2016-07-01,2013-07-01,2016-07-01,"hml,smb,mom",mkt,14,5,113,9,2,mom
2013-07-01_to_2016-07-01,2013-07-01,2016-07-01,"hml,smb,mom",mkt,14,5,113,9,3,mom
2013-07-01_to_2016-07-01,2013-07-01,2016-07-01,"hml,smb,mom",mkt,14,5,113,9,4,mom
2013-07-01_to_2016-07-01,2013-07-01,2016-07-01,"hml,smb,mom",mkt,14,5,113,9,5,mom
2013-07-01_to_2016-07-01,2013-07-01,2016-07-01,"hml,smb,mom",mkt,14,5,113,9,6,mom
2013-07-01_to_2016-07-01,2013-07-01,2016-07-01,"hml,smb,mom",mkt,14,5,113,9,7,smb
2013-07-01_to_2016-07-01,2013-07-01,2016-07-01,"hml,smb,mom",mkt,14,5,113,9,8,smb
2013-07-01_to_2016-07-01,2013-07-01,2016-07-01,"hml,smb,mom",mkt,14,5,113,9,9,hml
2013-07-01_to_2016-07-01,2013-07-01,2016-07-01,"hml,smb,mom",mkt,14,5,114,8,1,mom
2013-07-01_to_2016-07-01,2013-07-01,2016-07-01,"hml,smb,mom",mkt,14,5,114,8,2,mom
2013-07-01_to_2016-07-01,2013-07-01,2016-07-01,"hml,smb,mom",mkt,14,5,114,8,3,mom
2013-07-01_to_2016-07-01,2013-07-01,2016-07-01,"hml,smb,mom",mkt,14,5,114,8,4,mom
2013-07-01_to_2016-07-01,2013-07-01,2016-07-01,"hml,smb,mom",mkt,14,5,114,8,5,mom
2013-07-01_to_2016-07-01,2013-07-01,2016-07-01,"hml,smb,mom",mkt,14,5,114,8,6,mom
2013-07-01_to_2016-07-01,2013-07-01,2016-07-01,"hml,smb,mom",mkt,14,5,114,8,7,smb
2013-07-01_to_2016-07-01,2013-07-01,2016-07-01,"hml,smb,mom",mkt,14,5,114,8,8,smb
2013-07-01_to_2016-07-01,2013-07-01,2016-07-01,"hml,smb,mom",mkt,14,5,119,11,1,mom
2013-07-01_to_2016-07-01,2013-07-01,2016-07-01,"hml,smb,mom",mkt,14,5,119,11,2,mom
2013-07-01_to_2016-07-01,2013-07-01,2016-07-01,"hml,smb,mom",mkt,14,5,119,11,3,mom
2013-07-01_to_2016-07-01,2013-07-01,2016-07-01,"hml,smb,mom",mkt,14,5,119,11,4,mom
2013-07-01_to_2016-07-01,2013-07-01,2016-07-01,"hml,smb,mom",mkt,14,5,119,11,5,mom
2013-07-01_to_2016-07-01,2013-07-01,2016-07-01,"hml,smb,mom",mkt,14,5,119,11,6,mom
2013-07-01_to_2016-07-01,2013-07-01,2016-07-01,"hml,smb,mom",mkt,14,5,119,11,7,smb
2013-07-01_to_2016-07-01,2013-07-01,2016-07-01,"hml,smb,mom",mkt,14,5,119,11,8,mom
2013-07-01_to_2016-07-01,2013-07-01,2016-07-01,"hml,smb,mom",mkt,14,5,119,11,9,hml
2013-07-01_to_2016-07-01,2013-07-01,2016-07-01,"hml,smb,mom",mkt,14,5,119,11,10,hml
2013-07-01_to_2016-07-01,2013-07-01,2016-07-01,"hml,smb,mom",mkt,14,5,119,11,11,mom
2013-07-01_to_2016-07-01,2013-07-01,2016-07-01,"hml,smb,mom",mkt,14,5,120,11,1,mom
2013-07-01_to_2016-07-01,2013-07-01,2016-07-01,"hml,smb,mom",mkt,14,5,120,11,2,mom
2013-07-01_to_2016-07-01,2013-07-01,2016-07-01,"hml,smb,mom",mkt,14,5,120,11,3,mom
2013-07-01_to_2016-07-01,2013-07-01,2016-07-01,"hml,smb,mom",mkt,14,5,120,11,4,mom
2013-07-01_to_2016-07-01,2013-07-01,2016-07-01,"hml,smb,mom",mkt,14,5,120,11,5,mom
2013-07-01_to_2016-07-01,2013-07-01,2016-07-01,"hml,smb,mom",mkt,14,5,120,11,6,mom
2013-07-01_to_2016-07-01,2013-07-01,2016-07-01,"hml,smb,mom",mkt,14,5,120,11,7,smb
2013-07-01_to_2016-07-01,2013-07-01,2016-07-01,"hml,smb,mom",mkt,14,5,120,11,8,mom
2013-07-01_to_2016-07-01,2013-07-01,2016-07-01,"hml,smb,mom",mkt,14,5,120,11,9,hml
2013-07-01_to_2016-07-01,2013-07-01,2016-07-01,"hml,smb,mom",mkt,14,5,120,11,10,hml
2013-07-01_to_2016-07-01,2013-07-01,2016-07-01,"hml,smb,mom",mkt,14,5,120,11,11,mom
2013-07-01_to_2016-07-01,2013-07-01,2016-07-01,"hml,smb,mom",mkt,14,5,121,10,1,mom
2013-07-01_to_2016-07-01,2013-07-01,2016-07-01,"hml,smb,mom",mkt,14,5,121,10,2,mom
2013-07-01_to_2016-07-01,2013-07-01,2016-07-01,"hml,smb,mom",mkt,14,5,121,10,3,mom
2013-07-01_to_2016-07-01,2013-07-01,2016-07-01,"hml,smb,mom",mkt,14,5,121,10,4,mom
2013-07-01_to_2016-07-01,2013-07-01,2016-07-01,"hml,smb,mom",mkt,14,5,121,10,5,mom
2013-07-01_to_2016-07-01,2013-07-01,2016-07-01,"hml,smb,mom",mkt,14,5,121,10,6,mom
2013-07-01_to_2016-07-01,2013-07-01,2016-07-01,"hml,smb,mom",mkt,14,5,121,10,7,smb
2013-07-01_to_2016-07-01,2013-07-01,2016-07-01,"hml,smb,mom",mkt,14,5,121,10,8,mom
2013-07-01_to_2016-07-01,2013-07-01,2016-07-01,"hml,smb,mom",mkt,14,5,121,10,9,hml
2013-07-01_to_2016-07-01,2013-07-01,2016-07-01,"hml,smb,mom",mkt,14,5,121,10,10,hml
2013-07-01_to_2016-07-01,2013-07-01,2016-07-01,"hml,smb,mom",mkt,14,5,122,9,1,mom
2013-07-01_to_2016-07-01,2013-07-01,2016-07-01,"hml,smb,mom",mkt,14,5,122,9,2,mom
2013-07-01_to_2016-07-01,2013-07-01,2016-07-01,"hml,smb,mom",mkt,14,5,122,9,3,mom
2013-07-01_to_2016-07-01,2013-07-01,2016-07-01,"hml,smb,mom",mkt,14,5,122,9,4,mom
2013-07-01_to_2016-07-01,2013-07-01,2016-07-01,"hml,smb,mom",mkt,14,5,122,9,5,mom
2013-07-01_to_2016-07-01,2013-07-01,2016-07-01,"hml,smb,mom",mkt,14,5,122,9,6,mom
2013-07-01_to_2016-07-01,2013-07-01,2016-07-01,"hml,smb,mom",mkt,14,5,122,9,7,smb
2013-07-01_to_2016-07-01,2013-07-01,2016-07-01,"hml,smb,mom",mkt,14,5,122,9,8,mom
2013-07-01_to_2016-07-01,2013-07-01,2016-07-01,"hml,smb,mom",mkt,14,5,122,9,9,hml
2013-07-01_to_2016-07-01,2013-07-01,2016-07-01,"hml,smb,mom",mkt,14,5,124,9,1,mom
2013-07-01_to_2016-07-01,2013-07-01,2016-07-01,"hml,smb,mom",mkt,14,5,124,9,2,mom
2013-07-01_to_2016-07-01,2013-07-01,2016-07-01,"hml,smb,mom",mkt,14,5,124,9,3,mom
2013-07-01_to_2016-07-01,2013-07-01,2016-07-01,"hml,smb,mom",mkt,14,5,124,9,4,mom
2013-07-01_to_2016-07-01,2013-07-01,2016-07-01,"hml,smb,mom",mkt,14,5,124,9,5,mom
2013-07-01_to_2016-07-01,2013-07-01,2016-07-01,"hml,smb,mom",mkt,14,5,124,9,6,mom
2013-07-01_to_2016-07-01,2013-07-01,2016-07-01,"hml,smb,mom",mkt,14,5,124,9,7,smb
2013-07-01_to_2016-07-01,2013-07-01,2016-07-01,"hml,smb,mom",mkt,14,5,124,9,8,mom
2013-07-01_to_2016-07-01,2013-07-01,2016-07-01,"hml,smb,mom",mkt,14,5,124,9,9,mom
2013-07-01_to_2016-07-01,2013-07-01,2016-07-01,"hml,smb,mom",mkt,14,5,125,9,1,mom
2013-07-01_to_2016-07-01,2013-07-01,2016-07-01,"hml,smb,mom",mkt,14,5,125,9,2,mom
2013-07-01_to_2016-07-01,2013-07-01,2016-07-01,"hml,smb,mom",mkt,14,5,125,9,3,mom
2013-07-01_to_2016-07-01,2013-07-01,2016-07-01,"hml,smb,mom",mkt,14,5,125,9,4,mom
2013-07-01_to_2016-07-01,2013-07-01,2016-07-01,"hml,smb,mom",mkt,14,5,125,9,5,mom
2013-07-01_to_2016-07-01,2013-07-01,2016-07-01,"hml,smb,mom",mkt,14,5,125,9,6,mom
2013-07-01_to_2016-07-01,2013-07-01,2016-07-01,"hml,smb,mom",mkt,14,5,125,9,7,smb
2013-07-01_to_2016-07-01,2013-07-01,2016-07-01,"hml,smb,mom",mkt,14,5,125,9,8,mom
2013-07-01_to_2016-07-01,2013-07-01,2016-07-01,"hml,smb,mom",mkt,14,5,125,9,9,mom
2013-07-01_to_2016-07-01,2013-07-01,2016-07-01,"hml,smb,mom",mkt,14,5,129,7,1,mom
2013-07-01_to_2016-07-01,2013-07-01,2016-07-01,"hml,smb,mom",mkt,14,5,129,7,2,mom
2013-07-01_to_2016-07-01,2013-07-01,2016-07-01,"hml,smb,mom",mkt,14,5,129,7,3,mom
2013-07-01_to_2016-07-01,2013-07-01,2016-07-01,"hml,smb,mom",mkt,14,5,129,7,4,mom
2013-07-01_to_2016-07-01,2013-07-01,2016-07-01,"hml,smb,mom",mkt,14,5,129,7,5,mom
2013-07-01_to_2016-07-01,2013-07-01,2016-07-01,"hml,smb,mom",mkt,14,5,129,7,6,mom
2013-07-01_to_2016-07-01,2013-07-01,2016-07-01,"hml,smb,mom",mkt,14,5,129,7,7,smb
2013-07-01_to_2016-07-01,2013-07-01,2016-07-01,"hml,smb,mom",mkt,14,5,133,10,1,mom
2013-07-01_to_2016-07-01,2013-07-01,2016-07-01,"hml,smb,mom",mkt,14,5,133,10,2,mom
2013-07-01_to_2016-07-01,2013-07-01,2016-07-01,"hml,smb,mom",mkt,14,5,133,10,3,mom
2013-07-01_to_2016-07-01,2013-07-01,2016-07-01,"hml,smb,mom",mkt,14,5,133,10,4,mom
2013-07-01_to_2016-07-01,2013-07-01,2016-07-01,"hml,smb,mom",mkt,14,5,133,10,5,mom
2013-07-01_to_2016-07-01,2013-07-01,2016-07-01,"hml,smb,mom",mkt,14,5,133,10,6,mom
2013-07-01_to_2016-07-01,2013-07-01,2016-07-01,"hml,smb,mom",mkt,14,5,133,10,7,smb
2013-07-01_to_2016-07-01,2013-07-01,2016-07-01,"hml,smb,mom",mkt,14,5,133,10,8,hml
2013-07-01_to_2016-07-01,2013-07-01,2016-07-01,"hml,smb,mom",mkt,14,5,133,10,9,hml
2013-07-01_to_2016-07-01,2013-07-01,2016-07-01,"hml,smb,mom",mkt,14,5,133,10,10,mom
2013-07-01_to_2016-07-01,2013-07-01,2016-07-01,"hml,smb,mom",mkt,14,5,134,10,1,mom
2013-07-01_to_2016-07-01,2013-07-01,2016-07-01,"hml,smb,mom",mkt,14,5,134,10,2,mom
2013-07-01_to_2016-07-01,2013-07-01,2016-07-01,"hml,smb,mom",mkt,14,5,134,10,3,mom
2013-07-01_to_2016-07-01,2013-07-01,2016-07-01,"hml,smb,mom",mkt,14,5,134,10,4,mom
2013-07-01_to_2016-07-01,2013-07-01,2016-07-01,"hml,smb,mom",mkt,14,5,134,10,5,mom
2013-07-01_to_2016-07-01,2013-07-01,2016-07-01,"hml,smb,mom",mkt,14,5,134,10,6,mom
2013-07-01_to_2016-07-01,2013-07-01,2016-07-01,"hml,smb,mom",mkt,14,5,134,10,7,smb
2013-07-01_to_2016-07-01,2013-07-01,2016-07-01,"hml,smb,mom",mkt,14,5,134,10,8,hml
2013-07-01_to_2016-07-01,2013-07-01,2016-07-01,"hml,smb,mom",mkt,14,5,134,10,9,hml
2013-07-01_to_2016-07-01,2013-07-01,2016-07-01,"hml,smb,mom",mkt,14,5,134,10,10,mom
2013-07-01_to_2016-07-01,2013-07-01,2016-07-01,"hml,smb,mom",mkt,14,5,135,9,1,mom
2013-07-01_to_2016-07-01,2013-07-01,2016-07-01,"hml,smb,mom",mkt,14,5,135,9,2,mom
2013-07-01_to_2016-07-01,2013-07-01,2016-07-01,"hml,smb,mom",mkt,14,5,135,9,3,mom
2013-07-01_to_2016-07-01,2013-07-01,2016-07-01,"hml,smb,mom",mkt,14,5,135,9,4,mom
2013-07-01_to_2016-07-01,2013-07-01,2016-07-01,"hml,smb,mom",mkt,14,5,135,9,5,mom
2013-07-01_to_2016-07-01,2013-07-01,2016-07-01,"hml,smb,mom",mkt,14,5,135,9,6,mom
2013-07-01_to_2016-07-01,2013-07-01,2016-07-01,"hml,smb,mom",mkt,14,5,135,9,7,smb
2013-07-01_to_2016-07-01,2013-07-01,2016-07-01,"hml,smb,mom",mkt,14,5,135,9,8,hml
2013-07-01_to_2016-07-01,2013-07-01,2016-07-01,"hml,smb,mom",mkt,14,5,135,9,9,hml
2013-07-01_to_2016-07-01,2013-07-01,2016-07-01,"hml,smb,mom",mkt,14,5,138,10,1,mom
2013-07-01_to_2016-07-01,2013-07-01,2016-07-01,"hml,smb,mom",mkt,14,5,138,10,2,mom
2013-07-01_to_2016-07-01,2013-07-01,2016-07-01,"hml,smb,mom",mkt,14,5,138,10,3,mom
2013-07-01_to_2016-07-01,2013-07-01,2016-07-01,"hml,smb,mom",mkt,14,5,138,10,4,mom
2013-07-01_to_2016-07-01,2013-07-01,2016-07-01,"hml,smb,mom",mkt,14,5,138,10,5,mom
2013-07-01_to_2016-07-01,2013-07-01,2016-07-01,"hml,smb,mom",mkt,14,5,138,10,6,mom
2013-07-01_to_2016-07-01,2013-07-01,2016-07-01,"hml,smb,mom",mkt,14,5,138,10,7,smb
2013-07-01_to_2016-07-01,2013-07-01,2016-07-01,"hml,smb,mom",mkt,14,5,138,10,8,hml
2013-07-01_to_2016-07-01,2013-07-01,2016-07-01,"hml,smb,mom",mkt,14,5,138,10,9,smb
2013-07-01_to_2016-07-01,2013-07-01,2016-07-01,"hml,smb,mom",mkt,14,5,138,10,10,smb
2013-07-01_to_2016-07-01,2013-07-01,2016-07-01,"hml,smb,mom",mkt,14,5,139,10,1,mom
2013-07-01_to_2016-07-01,2013-07-01,2016-07-01,"hml,smb,mom",mkt,14,5,139,10,2,mom
2013-07-01_to_2016-07-01,2013-07-01,2016-07-01,"hml,smb,mom",mkt,14,5,139,10,3,mom
2013-07-01_to_2016-07-01,2013-07-01,2016-07-01,"hml,smb,mom",mkt,14,5,139,10,4,mom
2013-07-01_to_2016-07-01,2013-07-01,2016-07-01,"hml,smb,mom",mkt,14,5,139,10,5,mom
2013-07-01_to_2016-07-01,2013-07-01,2016-07-01,"hml,smb,mom",mkt,14,5,139,10,6,mom
2013-07-01_to_2016-07-01,2013-07-01,2016-07-01,"hml,smb,mom",mkt,14,5,139,10,7,smb
2013-07-01_to_2016-07-01,2013-07-01,2016-07-01,"hml,smb,mom",mkt,14,5,139,10,8,hml
2013-07-01_to_2016-07-01,2013-07-01,2016-07-01,"hml,smb,mom",mkt,14,5,139,10,9,smb
2013-07-01_to_2016-07-01,2013-07-01,2016-07-01,"hml,smb,mom",mkt,14,5,139,10,10,smb
2013-07-01_to_2016-07-01,2013-07-01,2016-07-01,"hml,smb,mom",mkt,14,5,141,10,1,mom
2013-07-01_to_2016-07-01,2013-07-01,2016-07-01,"hml,smb,mom",mkt,14,5,141,10,2,mom
2013-07-01_to_2016-07-01,2013-07-01,2016-07-01,"hml,smb,mom",mkt,14,5,141,10,3,mom
2013-07-01_to_2016-07-01,2013-07-01,2016-07-01,"hml,smb,mom",mkt,14,5,141,10,4,mom
2013-07-01_to_2016-07-01,2013-07-01,2016-07-01,"hml,smb,mom",mkt,14,5,141,10,5,mom
2013-07-01_to_2016-07-01,2013-07-01,2016-07-01,"hml,smb,mom",mkt,14,5,141,10,6,mom
2013-07-01_to_2016-07-01,2013-07-01,2016-07-01,"hml,smb,mom",mkt,14,5,141,10,7,smb
2013-07-01_to_2016-07-01,2013-07-01,2016-07-01,"hml,smb,mom",mkt,14,5,141,10,8,hml
2013-07-01_to_2016-07-01,2013-07-01,2016-07-01,"hml,smb,mom",mkt,14,5,141,10,9,smb
2013-07-01_to_2016-07-01,2013-07-01,2016-07-01,"hml,smb,mom",mkt,14,5,141,10,10,hml
2013-07-01_to_2016-07-01,2013-07-01,2016-07-01,"hml,smb,mom",mkt,14,5,142,10,1,mom
2013-07-01_to_2016-07-01,2013-07-01,2016-07-01,"hml,smb,mom",mkt,14,5,142,10,2,mom
2013-07-01_to_2016-07-01,2013-07-01,2016-07-01,"hml,smb,mom",mkt,14,5,142,10,3,mom
2013-07-01_to_2016-07-01,2013-07-01,2016-07-01,"hml,smb,mom",mkt,14,5,142,10,4,mom
2013-07-01_to_2016-07-01,2013-07-01,2016-07-01,"hml,smb,mom",mkt,14,5,142,10,5,mom
2013-07-01_to_2016-07-01,2013-07-01,2016-07-01,"hml,smb,mom",mkt,14,5,142,10,6,mom
2013-07-01_to_2016-07-01,2013-07-01,2016-07-01,"hml,smb,mom",mkt,14,5,142,10,7,smb
2013-07-01_to_2016-07-01,2013-07-01,2016-07-01,"hml,smb,mom",mkt,14,5,142,10,8,hml
2013-07-01_to_2016-07-01,2013-07-01,2016-07-01,"hml,smb,mom",mkt,14,5,142,10,9,smb
2013-07-01_to_2016-07-01,2013-07-01,2016-07-01,"hml,smb,mom",mkt,14,5,142,10,10,hml
2013-07-01_to_2016-07-01,2013-07-01,2016-07-01,"hml,smb,mom",mkt,14,5,147,10,1,mom
2013-07-01_to_2016-07-01,2013-07-01,2016-07-01,"hml,smb,mom",mkt,14,5,147,10,2,mom
2013-07-01_to_2016-07-01,2013-07-01,2016-07-01,"hml,smb,mom",mkt,14,5,147,10,3,mom
2013-07-01_to_2016-07-01,2013-07-01,2016-07-01,"hml,smb,mom",mkt,14,5,147,10,4,mom
2013-07-01_to_2016-07-01,2013-07-01,2016-07-01,"hml,smb,mom",mkt,14,5,147,10,5,mom
2013-07-01_to_2016-07-01,2013-07-01,2016-07-01,"hml,smb,mom",mkt,14,5,147,10,6,mom
2013-07-01_to_2016-07-01,2013-07-01,2016-07-01,"hml,smb,mom",mkt,14,5,147,10,7,smb
2013-07-01_to_2016-07-01,2013-07-01,2016-07-01,"hml,smb,mom",mkt,14,5,147,10,8,mom
2013-07-01_to_2016-07-01,2013-07-01,2016-07-01,"hml,smb,mom",mkt,14,5,147,10,9,mom
2013-07-01_to_2016-07-01,2013-07-01,2016-07-01,"hml,smb,mom",mkt,14,5,147,10,10,mom
2013-07-01_to_2016-07-01,2013-07-01,2016-07-01,"hml,smb,mom",mkt,14,5,150,12,1,mom
2013-07-01_to_2016-07-01,2013-07-01,2016-07-01,"hml,smb,mom",mkt,14,5,150,12,2,mom
2013-07-01_to_2016-07-01,2013-07-01,2016-07-01,"hml,smb,mom",mkt,14,5,150,12,3,mom
2013-07-01_to_2016-07-01,2013-07-01,2016-07-01,"hml,smb,mom",mkt,14,5,150,12,4,mom
2013-07-01_to_2016-07-01,2013-07-01,2016-07-01,"hml,smb,mom",mkt,14,5,150,12,5,mom
2013-07-01_to_2016-07-01,2013-07-01,2016-07-01,"hml,smb,mom",mkt,14,5,150,12,6,mom
2013-07-01_to_2016-07-01,2013-07-01,2016-07-01,"hml,smb,mom",mkt,14,5,150,12,7,smb
2013-07-01_to_2016-07-01,2013-07-01,2016-07-01,"hml,smb,mom",mkt,14,5,150,12,8,mom
2013-07-01_to_2016-07-01,2013-07-01,2016-07-01,"hml,smb,mom",mkt,14,5,150,12,9,mom
2013-07-01_to_2016-07-01,2013-07-01,2016-07-01,"hml,smb,mom",mkt,14,5,150,12,10,mom
2013-07-01_to_2016-07-01,2013-07-01,2016-07-01,"hml,smb,mom",mkt,14,5,150,12,11,smb
2013-07-01_to_2016-07-01,2013-07-01,2016-07-01,"hml,smb,mom",mkt,14,5,150,12,12,hml
2013-07-01_to_2016-07-01,2013-07-01,2016-07-01,"hml,smb,mom",mkt,14,5,151,12,1,mom
2013-07-01_to_2016-07-01,2013-07-01,2016-07-01,"hml,smb,mom",mkt,14,5,151,12,2,mom
2013-07-01_to_2016-07-01,2013-07-01,2016-07-01,"hml,smb,mom",mkt,14,5,151,12,3,mom
2013-07-01_to_2016-07-01,2013-07-01,2016-07-01,"hml,smb,mom",mkt,14,5,151,12,4,mom
2013-07-01_to_2016-07-01,2013-07-01,2016-07-01,"hml,smb,mom",mkt,14,5,151,12,5,mom
2013-07-01_to_2016-07-01,2013-07-01,2016-07-01,"hml,smb,mom",mkt,14,5,151,12,6,mom
2013-07-01_to_2016-07-01,2013-07-01,2016-07-01,"hml,smb,mom",mkt,14,5,151,12,7,smb
2013-07-01_to_2016-07-01,2013-07-01,2016-07-01,"hml,smb,mom",mkt,14,5,151,12,8,mom
2013-07-01_to_2016-07-01,2013-07-01,2016-07-01,"hml,smb,mom",mkt,14,5,151,12,9,mom
2013-07-01_to_2016-07-01,2013-07-01,2016-07-01,"hml,smb,mom",mkt,14,5,151,12,10,mom
2013-07-01_to_2016-07-01,2013-07-01,2016-07-01,"hml,smb,mom",mkt,14,5,151,12,11,smb
2013-07-01_to_2016-07-01,2013-07-01,2016-07-01,"hml,smb,mom",mkt,14,5,151,12,12,hml
2013-07-01_to_2016-07-01,2013-07-01,2016-07-01,"hml,smb,mom",mkt,14,5,154,13,1,mom
2013-07-01_to_2016-07-01,2013-07-01,2016-07-01,"hml,smb,mom",mkt,14,5,154,13,2,mom
2013-07-01_to_2016-07-01,2013-07-01,2016-07-01,"hml,smb,mom",mkt,14,5,154,13,3,mom
2013-07-01_to_2016-07-01,2013-07-01,2016-07-01,"hml,smb,mom",mkt,14,5,154,13,4,mom
2013-07-01_to_2016-07-01,2013-07-01,2016-07-01,"hml,smb,mom",mkt,14,5,154,13,5,mom
2013-07-01_to_2016-07-01,2013-07-01,2016-07-01,"hml,smb,mom",mkt,14,5,154,13,6,mom
2013-07-01_to_2016-07-01,2013-07-01,2016-07-01,"hml,smb,mom",mkt,14,5,154,13,7,smb
2013-07-01_to_2016-07-01,2013-07-01,2016-07-01,"hml,smb,mom",mkt,14,5,154,13,8,mom
2013-07-01_to_2016-07-01,2013-07-01,2016-07-01,"hml,smb,mom",mkt,14,5,154,13,9,mom
2013-07-01_to_2016-07-01,2013-07-01,2016-07-01,"hml,smb,mom",mkt,14,5,154,13,10,mom
2013-07-01_to_2016-07-01,2013-07-01,2016-07-01,"hml,smb,mom",mkt,14,5,154,13,11,smb
2013-07-01_to_2016-07-01,2013-07-01,2016-07-01,"hml,smb,mom",mkt,14,5,154,13,12,hml
2013-07-01_to_2016-07-01,2013-07-01,2016-07-01,"hml,smb,mom",mkt,14,5,154,13,13,mom
2013-07-01_to_2016-07-01,2013-07-01,2016-07-01,"hml,smb,mom",mkt,14,5,155,13,1,mom
2013-07-01_to_2016-07-01,2013-07-01,2016-07-01,"hml,smb,mom",mkt,14,5,155,13,2,mom
2013-07-01_to_2016-07-01,2013-07-01,2016-07-01,"hml,smb,mom",mkt,14,5,155,13,3,mom
2013-07-01_to_2016-07-01,2013-07-01,2016-07-01,"hml,smb,mom",mkt,14,5,155,13,4,mom
2013-07-01_to_2016-07-01,2013-07-01,2016-07-01,"hml,smb,mom",mkt,14,5,155,13,5,mom
2013-07-01_to_2016-07-01,2013-07-01,2016-07-01,"hml,smb,mom",mkt,14,5,155,13,6,mom
2013-07-01_to_2016-07-01,2013-07-01,2016-07-01,"hml,smb,mom",mkt,14,5,155,13,7,smb
2013-07-01_to_2016-07-01,2013-07-01,2016-07-01,"hml,smb,mom",mkt,14,5,155,13,8,mom
2013-07-01_to_2016-07-01,2013-07-01,2016-07-01,"hml,smb,mom",mkt,14,5,155,13,9,mom
2013-07-01_to_2016-07-01,2013-07-01,2016-07-01,"hml,smb,mom",mkt,14,5,155,13,10,mom
2013-07-01_to_2016-07-01,2013-07-01,2016-07-01,"hml,smb,mom",mkt,14,5,155,13,11,smb
2013-07-01_to_2016-07-01,2013-07-01,2016-07-01,"hml,smb,mom",mkt,14,5,155,13,12,hml
2013-07-01_to_2016-07-01,2013-07-01,2016-07-01,"hml,smb,mom",mkt,14,5,155,13,13,mom
2013-07-01_to_2016-07-01,2013-07-01,2016-07-01,"hml,smb,mom",mkt,14,5,158,14,1,mom
2013-07-01_to_2016-07-01,2013-07-01,2016-07-01,"hml,smb,mom",mkt,14,5,158,14,2,mom
2013-07-01_to_2016-07-01,2013-07-01,2016-07-01,"hml,smb,mom",mkt,14,5,158,14,3,mom
2013-07-01_to_2016-07-01,2013-07-01,2016-07-01,"hml,smb,mom",mkt,14,5,158,14,4,mom
2013-07-01_to_2016-07-01,2013-07-01,2016-07-01,"hml,smb,mom",mkt,14,5,158,14,5,mom
2013-07-01_to_2016-07-01,2013-07-01,2016-07-01,"hml,smb,mom",mkt,14,5,158,14,6,mom
2013-07-01_to_2016-07-01,2013-07-01,2016-07-01,"hml,smb,mom",mkt,14,5,158,14,7,smb
2013-07-01_to_2016-07-01,2013-07-01,2016-07-01,"hml,smb,mom",mkt,14,5,158,14,8,mom
2013-07-01_to_2016-07-01,2013-07-01,2016-07-01,"hml,smb,mom",mkt,14,5,158,14,9,mom
2013-07-01_to_2016-07-01,2013-07-01,2016-07-01,"hml,smb,mom",mkt,14,5,158,14,10,mom
2013-07-01_to_2016-07-01,2013-07-01,2016-07-01,"hml,smb,mom",mkt,14,5,158,14,11,smb
2013-07-01_to_2016-07-01,2013-07-01,2016-07-01,"hml,smb,mom",mkt,14,5,158,14,12,hml
2013-07-01_to_2016-07-01,2013-07-01,2016-07-01,"hml,smb,mom",mkt,14,5,158,14,13,hml
2013-07-01_to_2016-07-01,2013-07-01,2016-07-01,"hml,smb,mom",mkt,14,5,158,14,14,hml
2013-07-01_to_2016-07-01,2013-07-01,2016-07-01,"hml,smb,mom",mkt,14,5,159,14,1,mom
2013-07-01_to_2016-07-01,2013-07-01,2016-07-01,"hml,smb,mom",mkt,14,5,159,14,2,mom
2013-07-01_to_2016-07-01,2013-07-01,2016-07-01,"hml,smb,mom",mkt,14,5,159,14,3,mom
2013-07-01_to_2016-07-01,2013-07-01,2016-07-01,"hml,smb,mom",mkt,14,5,159,14,4,mom
2013-07-01_to_2016-07-01,2013-07-01,2016-07-01,"hml,smb,mom",mkt,14,5,159,14,5,mom
2013-07-01_to_2016-07-01,2013-07-01,2016-07-01,"hml,smb,mom",mkt,14,5,159,14,6,mom
2013-07-01_to_2016-07-01,2013-07-01,2016-07-01,"hml,smb,mom",mkt,14,5,159,14,7,smb
2013-07-01_to_2016-07-01,2013-07-01,2016-07-01,"hml,smb,mom",mkt,14,5,159,14,8,mom
2013-07-01_to_2016-07-01,2013-07-01,2016-07-01,"hml,smb,mom",mkt,14,5,159,14,9,mom
2013-07-01_to_2016-07-01,2013-07-01,2016-07-01,"hml,smb,mom",mkt,14,5,159,14,10,mom
2013-07-01_to_2016-07-01,2013-07-01,2016-07-01,"hml,smb,mom",mkt,14,5,159,14,11,smb
2013-07-01_to_2016-07-01,2013-07-01,2016-07-01,"hml,smb,mom",mkt,14,5,159,14,12,hml
2013-07-01_to_2016-07-01,2013-07-01,2016-07-01,"hml,smb,mom",mkt,14,5,159,14,13,hml
2013-07-01_to_2016-07-01,2013-07-01,2016-07-01,"hml,smb,mom",mkt,14,5,159,14,14,hml
2013-07-01_to_2016-07-01,2013-07-01,2016-07-01,"hml,smb,mom",mkt,14,5,160,13,1,mom
2013-07-01_to_2016-07-01,2013-07-01,2016-07-01,"hml,smb,mom",mkt,14,5,160,13,2,mom
2013-07-01_to_2016-07-01,2013-07-01,2016-07-01,"hml,smb,mom",mkt,14,5,160,13,3,mom
2013-07-01_to_2016-07-01,2013-07-01,2016-07-01,"hml,smb,mom",mkt,14,5,160,13,4,mom
2013-07-01_to_2016-07-01,2013-07-01,2016-07-01,"hml,smb,mom",mkt,14,5,160,13,5,mom
2013-07-01_to_2016-07-01,2013-07-01,2016-07-01,"hml,smb,mom",mkt,14,5,160,13,6,mom
2013-07-01_to_2016-07-01,2013-07-01,2016-07-01,"hml,smb,mom",mkt,14,5,160,13,7,smb
2013-07-01_to_2016-07-01,2013-07-01,2016-07-01,"hml,smb,mom",mkt,14,5,160,13,8,mom
2013-07-01_to_2016-07-01,2013-07-01,2016-07-01,"hml,smb,mom",mkt,14,5,160,13,9,mom
2013-07-01_to_2016-07-01,2013-07-01,2016-07-01,"hml,smb,mom",mkt,14,5,160,13,10,mom
2013-07-01_to_2016-07-01,2013-07-01,2016-07-01,"hml,smb,mom",mkt,14,5,160,13,11,smb
2013-07-01_to_2016-07-01,2013-07-01,2016-07-01,"hml,smb,mom",mkt,14,5,160,13,12,hml
2013-07-01_to_2016-07-01,2013-07-01,2016-07-01,"hml,smb,mom",mkt,14,5,160,13,13,hml
2013-07-01_to_2016-07-01,2013-07-01,2016-07-01,"hml,smb,mom",mkt,14,5,161,9,1,mom
2013-07-01_to_2016-07-01,2013-07-01,2016-07-01,"hml,smb,mom",mkt,14,5,161,9,2,mom
2013-07-01_to_2016-07-01,2013-07-01,2016-07-01,"hml,smb,mom",mkt,14,5,161,9,3,mom
2013-07-01_to_2016-07-01,2013-07-01,2016-07-01,"hml,smb,mom",mkt,14,5,161,9,4,mom
2013-07-01_to_2016-07-01,2013-07-01,2016-07-01,"hml,smb,mom",mkt,14,5,161,9,5,mom
2013-07-01_to_2016-07-01,2013-07-01,2016-07-01,"hml,smb,mom",mkt,14,5,161,9,6,mom
2013-07-01_to_2016-07-01,2013-07-01,2016-07-01,"hml,smb,mom",mkt,14,5,161,9,7,smb
2013-07-01_to_2016-07-01,2013-07-01,2016-07-01,"hml,smb,mom",mkt,14,5,161,9,8,mom
2013-07-01_to_2016-07-01,2013-07-01,2016-07-01,"hml,smb,mom",mkt,14,5,161,9,9,mom
2013-07-01_to_2016-07-01,2013-07-01,2016-07-01,"hml,smb,mom",mkt,14,5,162,8,1,mom
2013-07-01_to_2016-07-01,2013-07-01,2016-07-01,"hml,smb,mom",mkt,14,5,162,8,2,mom
2013-07-01_to_2016-07-01,2013-07-01,2016-07-01,"hml,smb,mom",mkt,14,5,162,8,3,mom
2013-07-01_to_2016-07-01,2013-07-01,2016-07-01,"hml,smb,mom",mkt,14,5,162,8,4,mom
2013-07-01_to_2016-07-01,2013-07-01,2016-07-01,"hml,smb,mom",mkt,14,5,162,8,5,mom
2013-07-01_to_2016-07-01,2013-07-01,2016-07-01,"hml,smb,mom",mkt,14,5,162,8,6,mom
2013-07-01_to_2016-07-01,2013-07-01,2016-07-01,"hml,smb,mom",mkt,14,5,162,8,7,smb
2013-07-01_to_2016-07-01,2013-07-01,2016-07-01,"hml,smb,mom",mkt,14,5,162,8,8,mom
2013-07-01_to_2016-07-01,2013-07-01,2016-07-01,"hml,smb,mom",mkt,14,5,166,10,1,mom
2013-07-01_to_2016-07-01,2013-07-01,2016-07-01,"hml,smb,mom",mkt,14,5,166,10,2,mom
2013-07-01_to_2016-07-01,2013-07-01,2016-07-01,"hml,smb,mom",mkt,14,5,166,10,3,mom
2013-07-01_to_2016-07-01,2013-07-01,2016-07-01,"hml,smb,mom",mkt,14,5,166,10,4,mom
2013-07-01_to_2016-07-01,2013-07-01,2016-07-01,"hml,smb,mom",mkt,14,5,166,10,5,mom
2013-07-01_to_2016-07-01,2013-07-01,2016-07-01,"hml,smb,mom",mkt,14,5,166,10,6,mom
2013-07-01_to_2016-07-01,2013-07-01,2016-07-01,"hml,smb,mom",mkt,14,5,166,10,7,smb
2013-07-01_to_2016-07-01,2013-07-01,2016-07-01,"hml,smb,mom",mkt,14,5,166,10,8,smb
2013-07-01_to_2016-07-01,2013-07-01,2016-07-01,"hml,smb,mom",mkt,14,5,166,10,9,hml
2013-07-01_to_2016-07-01,2013-07-01,2016-07-01,"hml,smb,mom",mkt,14,5,166,10,10,hml
2013-07-01_to_2016-07-01,2013-07-01,2016-07-01,"hml,smb,mom",mkt,14,5,167,10,1,mom
2013-07-01_to_2016-07-01,2013-07-01,2016-07-01,"hml,smb,mom",mkt,14,5,167,10,2,mom
2013-07-01_to_2016-07-01,2013-07-01,2016-07-01,"hml,smb,mom",mkt,14,5,167,10,3,mom
2013-07-01_to_2016-07-01,2013-07-01,2016-07-01,"hml,smb,mom",mkt,14,5,167,10,4,mom
2013-07-01_to_2016-07-01,2013-07-01,2016-07-01,"hml,smb,mom",mkt,14,5,167,10,5,mom
2013-07-01_to_2016-07-01,2013-07-01,2016-07-01,"hml,smb,mom",mkt,14,5,167,10,6,mom
2013-07-01_to_2016-07-01,2013-07-01,2016-07-01,"hml,smb,mom",mkt,14,5,167,10,7,smb
2013-07-01_to_2016-07-01,2013-07-01,2016-07-01,"hml,smb,mom",mkt,14,5,167,10,8,smb
2013-07-01_to_2016-07-01,2013-07-01,2016-07-01,"hml,smb,mom",mkt,14,5,167,10,9,hml
2013-07-01_to_2016-07-01,2013-07-01,2016-07-01,"hml,smb,mom",mkt,14,5,167,10,10,hml
2013-07-01_to_2016-07-01,2013-07-01,2016-07-01,"hml,smb,mom",mkt,14,5,168,9,1,mom
2013-07-01_to_2016-07-01,2013-07-01,2016-07-01,"hml,smb,mom",mkt,14,5,168,9,2,mom
2013-07-01_to_2016-07-01,2013-07-01,2016-07-01,"hml,smb,mom",mkt,14,5,168,9,3,mom
2013-07-01_to_2016-07-01,2013-07-01,2016-07-01,"hml,smb,mom",mkt,14,5,168,9,4,mom
2013-07-01_to_2016-07-01,2013-07-01,2016-07-01,"hml,smb,mom",mkt,14,5,168,9,5,mom
2013-07-01_to_2016-07-01,2013-07-01,2016-07-01,"hml,smb,mom",mkt,14,5,168,9,6,mom
2013-07-01_to_2016-07-01,2013-07-01,2016-07-01,"hml,smb,mom",mkt,14,5,168,9,7,smb
2013-07-01_to_2016-07-01,2013-07-01,2016-07-01,"hml,smb,mom",mkt,14,5,168,9,8,smb
2013-07-01_to_2016-07-01,2013-07-01,2016-07-01,"hml,smb,mom",mkt,14,5,168,9,9,hml
2013-07-01_to_2016-07-01,2013-07-01,2016-07-01,"hml,smb,mom",mkt,14,5,171,10,1,mom
2013-07-01_to_2016-07-01,2013-07-01,2016-07-01,"hml,smb,mom",mkt,14,5,171,10,2,mom
2013-07-01_to_2016-07-01,2013-07-01,2016-07-01,"hml,smb,mom",mkt,14,5,171,10,3,mom
2013-07-01_to_2016-07-01,2013-07-01,2016-07-01,"hml,smb,mom",mkt,14,5,171,10,4,mom
2013-07-01_to_2016-07-01,2013-07-01,2016-07-01,"hml,smb,mom",mkt,14,5,171,10,5,mom
2013-07-01_to_2016-07-01,2013-07-01,2016-07-01,"hml,smb,mom",mkt,14,5,171,10,6,mom
2013-07-01_to_2016-07-01,2013-07-01,2016-07-01,"hml,smb,mom",mkt,14,5,171,10,7,smb
2013-07-01_to_2016-07-01,2013-07-01,2016-07-01,"hml,smb,mom",mkt,14,5,171,10,8,smb
2013-07-01_to_2016-07-01,2013-07-01,2016-07-01,"hml,smb,mom",mkt,14,5,171,10,9,smb
2013-07-01_to_2016-07-01,2013-07-01,2016-07-01,"hml,smb,mom",mkt,14,5,171,10,10,mom
2013-07-01_to_2016-07-01,2013-07-01,2016-07-01,"hml,smb,mom",mkt,14,5,172,10,1,mom
2013-07-01_to_2016-07-01,2013-07-01,2016-07-01,"hml,smb,mom",mkt,14,5,172,10,2,mom
2013-07-01_to_2016-07-01,2013-07-01,2016-07-01,"hml,smb,mom",mkt,14,5,172,10,3,mom
2013-07-01_to_2016-07-01,2013-07-01,2016-07-01,"hml,smb,mom",mkt,14,5,172,10,4,mom
2013-07-01_to_2016-07-01,2013-07-01,2016-07-01,"hml,smb,mom",mkt,14,5,172,10,5,mom
2013-07-01_to_2016-07-01,2013-07-01,2016-07-01,"hml,smb,mom",mkt,14,5,172,10,6,mom
2013-07-01_to_2016-07-01,2013-07-01,2016-07-01,"hml,smb,mom",mkt,14,5,172,10,7,smb
2013-07-01_to_2016-07-01,2013-07-01,2016-07-01,"hml,smb,mom",mkt,14,5,172,10,8,smb
2013-07-01_to_2016-07-01,2013-07-01,2016-07-01,"hml,smb,mom",mkt,14,5,172,10,9,smb
2013-07-01_to_2016-07-01,2013-07-01,2016-07-01,"hml,smb,mom",mkt,14,5,172,10,10,mom
2013-07-01_to_2016-07-01,2013-07-01,2016-07-01,"hml,smb,mom",mkt,14,5,176,12,1,mom
2013-07-01_to_2016-07-01,2013-07-01,2016-07-01,"hml,smb,mom",mkt,14,5,176,12,2,mom
2013-07-01_to_2016-07-01,2013-07-01,2016-07-01,"hml,smb,mom",mkt,14,5,176,12,3,mom
2013-07-01_to_2016-07-01,2013-07-01,2016-07-01,"hml,smb,mom",mkt,14,5,176,12,4,mom
2013-07-01_to_2016-07-01,2013-07-01,2016-07-01,"hml,smb,mom",mkt,14,5,176,12,5,mom
2013-07-01_to_2016-07-01,2013-07-01,2016-07-01,"hml,smb,mom",mkt,14,5,176,12,6,mom
2013-07-01_to_2016-07-01,2013-07-01,2016-07-01,"hml,smb,mom",mkt,14,5,176,12,7,smb
2013-07-01_to_2016-07-01,2013-07-01,2016-07-01,"hml,smb,mom",mkt,14,5,176,12,8,smb
2013-07-01_to_2016-07-01,2013-07-01,2016-07-01,"hml,smb,mom",mkt,14,5,176,12,9,smb
2013-07-01_to_2016-07-01,2013-07-01,2016-07-01,"hml,smb,mom",mkt,14,5,176,12,10,smb
2013-07-01_to_2016-07-01,2013-07-01,2016-07-01,"hml,smb,mom",mkt,14,5,176,12,11,hml
2013-07-01_to_2016-07-01,2013-07-01,2016-07-01,"hml,smb,mom",mkt,14,5,176,12,12,hml
2013-07-01_to_2016-07-01,2013-07-01,2016-07-01,"hml,smb,mom",mkt,14,5,177,12,1,mom
2013-07-01_to_2016-07-01,2013-07-01,2016-07-01,"hml,smb,mom",mkt,14,5,177,12,2,mom
2013-07-01_to_2016-07-01,2013-07-01,2016-07-01,"hml,smb,mom",mkt,14,5,177,12,3,mom
2013-07-01_to_2016-07-01,2013-07-01,2016-07-01,"hml,smb,mom",mkt,14,5,177,12,4,mom
2013-07-01_to_2016-07-01,2013-07-01,2016-07-01,"hml,smb,mom",mkt,14,5,177,12,5,mom
2013-07-01_to_2016-07-01,2013-07-01,2016-07-01,"hml,smb,mom",mkt,14,5,177,12,6,mom
2013-07-01_to_2016-07-01,2013-07-01,2016-07-01,"hml,smb,mom",mkt,14,5,177,12,7,smb
2013-07-01_to_2016-07-01,2013-07-01,2016-07-01,"hml,smb,mom",mkt,14,5,177,12,8,smb
2013-07-01_to_2016-07-01,2013-07-01,2016-07-01,"hml,smb,mom",mkt,14,5,177,12,9,smb
2013-07-01_to_2016-07-01,2013-07-01,2016-07-01,"hml,smb,mom",mkt,14,5,177,12,10,smb
2013-07-01_to_2016-07-01,2013-07-01,2016-07-01,"hml,smb,mom",mkt,14,5,177,12,11,hml
2013-07-01_to_2016-07-01,2013-07-01,2016-07-01,"hml,smb,mom",mkt,14,5,177,12,12,hml
2013-07-01_to_2016-07-01,2013-07-01,2016-07-01,"hml,smb,mom",mkt,14,5,178,11,1,mom
2013-07-01_to_2016-07-01,2013-07-01,2016-07-01,"hml,smb,mom",mkt,14,5,178,11,2,mom
2013-07-01_to_2016-07-01,2013-07-01,2016-07-01,"hml,smb,mom",mkt,14,5,178,11,3,mom
2013-07-01_to_2016-07-01,2013-07-01,2016-07-01,"hml,smb,mom",mkt,14,5,178,11,4,mom
2013-07-01_to_2016-07-01,2013-07-01,2016-07-01,"hml,smb,mom",mkt,14,5,178,11,5,mom
2013-07-01_to_2016-07-01,2013-07-01,2016-07-01,"hml,smb,mom",mkt,14,5,178,11,6,mom
2013-07-01_to_2016-07-01,2013-07-01,2016-07-01,"hml,smb,mom",mkt,14,5,178,11,7,smb
2013-07-01_to_2016-07-01,2013-07-01,2016-07-01,"hml,smb,mom",mkt,14,5,178,11,8,smb
2013-07-01_to_2016-07-01,2013-07-01,2016-07-01,"hml,smb,mom",mkt,14,5,178,11,9,smb
2013-07-01_to_2016-07-01,2013-07-01,2016-07-01,"hml,smb,mom",mkt,14,5,178,11,10,smb
2013-07-01_to_2016-07-01,2013-07-01,2016-07-01,"hml,smb,mom",mkt,14,5,178,11,11,hml
2013-07-01_to_2016-07-01,2013-07-01,2016-07-01,"hml,smb,mom",mkt,14,5,179,10,1,mom
2013-07-01_to_2016-07-01,2013-07-01,2016-07-01,"hml,smb,mom",mkt,14,5,179,10,2,mom
2013-07-01_to_2016-07-01,2013-07-01,2016-07-01,"hml,smb,mom",mkt,14,5,179,10,3,mom
2013-07-01_to_2016-07-01,2013-07-01,2016-07-01,"hml,smb,mom",mkt,14,5,179,10,4,mom
2013-07-01_to_2016-07-01,2013-07-01,2016-07-01,"hml,smb,mom",mkt,14,5,179,10,5,mom
2013-07-01_to_2016-07-01,2013-07-01,2016-07-01,"hml,smb,mom",mkt,14,5,179,10,6,mom
2013-07-01_to_2016-07-01,2013-07-01,2016-07-01,"hml,smb,mom",mkt,14,5,179,10,7,smb
2013-07-01_to_2016-07-01,2013-07-01,2016-07-01,"hml,smb,mom",mkt,14,5,179,10,8,smb
2013-07-01_to_2016-07-01,2013-07-01,2016-07-01,"hml,smb,mom",mkt,14,5,179,10,9,smb
2013-07-01_to_2016-07-01,2013-07-01,2016-07-01,"hml,smb,mom",mkt,14,5,179,10,10,smb
2013-07-01_to_2016-07-01,2013-07-01,2016-07-01,"hml,smb,mom",mkt,14,5,182,7,1,mom
2013-07-01_to_2016-07-01,2013-07-01,2016-07-01,"hml,smb,mom",mkt,14,5,182,7,2,mom
2013-07-01_to_2016-07-01,2013-07-01,2016-07-01,"hml,smb,mom",mkt,14,5,182,7,3,mom
2013-07-01_to_2016-07-01,2013-07-01,2016-07-01,"hml,smb,mom",mkt,14,5,182,7,4,mom
2013-07-01_to_2016-07-01,2013-07-01,2016-07-01,"hml,smb,mom",mkt,14,5,182,7,5,mom
2013-07-01_to_2016-07-01,2013-07-01,2016-07-01,"hml,smb,mom",mkt,14,5,182,7,6,smb
2013-07-01_to_2016-07-01,2013-07-01,2016-07-01,"hml,smb,mom",mkt,14,5,182,7,7,smb
2013-07-01_to_2016-07-01,2013-07-01,2016-07-01,"hml,smb,mom",mkt,14,5,183,7,1,mom
2013-07-01_to_2016-07-01,2013-07-01,2016-07-01,"hml,smb,mom",mkt,14,5,183,7,2,mom
2013-07-01_to_2016-07-01,2013-07-01,2016-07-01,"hml,smb,mom",mkt,14,5,183,7,3,mom
2013-07-01_to_2016-07-01,2013-07-01,2016-07-01,"hml,smb,mom",mkt,14,5,183,7,4,mom
2013-07-01_to_2016-07-01,2013-07-01,2016-07-01,"hml,smb,mom",mkt,14,5,183,7,5,mom
2013-07-01_to_2016-07-01,2013-07-01,2016-07-01,"hml,smb,mom",mkt,14,5,183,7,6,smb
2013-07-01_to_2016-07-01,2013-07-01,2016-07-01,"hml,smb,mom",mkt,14,5,183,7,7,smb
2013-07-01_to_2016-07-01,2013-07-01,2016-07-01,"hml,smb,mom",mkt,14,5,189,11,1,mom
2013-07-01_to_2016-07-01,2013-07-01,2016-07-01,"hml,smb,mom",mkt,14,5,189,11,2,mom
2013-07-01_to_2016-07-01,2013-07-01,2016-07-01,"hml,smb,mom",mkt,14,5,189,11,3,mom
2013-07-01_to_2016-07-01,2013-07-01,2016-07-01,"hml,smb,mom",mkt,14,5,189,11,4,mom
2013-07-01_to_2016-07-01,2013-07-01,2016-07-01,"hml,smb,mom",mkt,14,5,189,11,5,mom
2013-07-01_to_2016-07-01,2013-07-01,2016-07-01,"hml,smb,mom",mkt,14,5,189,11,6,smb
2013-07-01_to_2016-07-01,2013-07-01,2016-07-01,"hml,smb,mom",mkt,14,5,189,11,7,smb
2013-07-01_to_2016-07-01,2013-07-01,2016-07-01,"hml,smb,mom",mkt,14,5,189,11,8,hml
2013-07-01_to_2016-07-01,2013-07-01,2016-07-01,"hml,smb,mom",mkt,14,5,189,11,9,mom
2013-07-01_to_2016-07-01,2013-07-01,2016-07-01,"hml,smb,mom",mkt,14,5,189,11,10,mom
2013-07-01_to_2016-07-01,2013-07-01,2016-07-01,"hml,smb,mom",mkt,14,5,189,11,11,hml
2013-07-01_to_2016-07-01,2013-07-01,2016-07-01,"hml,smb,mom",mkt,14,5,190,11,1,mom
2013-07-01_to_2016-07-01,2013-07-01,2016-07-01,"hml,smb,mom",mkt,14,5,190,11,2,mom
2013-07-01_to_2016-07-01,2013-07-01,2016-07-01,"hml,smb,mom",mkt,14,5,190,11,3,mom
2013-07-01_to_2016-07-01,2013-07-01,2016-07-01,"hml,smb,mom",mkt,14,5,190,11,4,mom
2013-07-01_to_2016-07-01,2013-07-01,2016-07-01,"hml,smb,mom",mkt,14,5,190,11,5,mom
2013-07-01_to_2016-07-01,2013-07-01,2016-07-01,"hml,smb,mom",mkt,14,5,190,11,6,smb
2013-07-01_to_2016-07-01,2013-07-01,2016-07-01,"hml,smb,mom",mkt,14,5,190,11,7,smb
2013-07-01_to_2016-07-01,2013-07-01,2016-07-01,"hml,smb,mom",mkt,14,5,190,11,8,hml
2013-07-01_to_2016-07-01,2013-07-01,2016-07-01,"hml,smb,mom",mkt,14,5,190,11,9,mom
2013-07-01_to_2016-07-01,2013-07-01,2016-07-01,"hml,smb,mom",mkt,14,5,190,11,10,mom
2013-07-01_to_2016-07-01,2013-07-01,2016-07-01,"hml,smb,mom",mkt,14,5,190,11,11,hml
2013-07-01_to_2016-07-01,2013-07-01,2016-07-01,"hml,smb,mom",mkt,14,5,191,10,1,mom
2013-07-01_to_2016-07-01,2013-07-01,2016-07-01,"hml,smb,mom",mkt,14,5,191,10,2,mom
2013-07-01_to_2016-07-01,2013-07-01,2016-07-01,"hml,smb,mom",mkt,14,5,191,10,3,mom
2013-07-01_to_2016-07-01,2013-07-01,2016-07-01,"hml,smb,mom",mkt,14,5,191,10,4,mom
2013-07-01_to_2016-07-01,2013-07-01,2016-07-01,"hml,smb,mom",mkt,14,5,191,10,5,mom
2013-07-01_to_2016-07-01,2013-07-01,2016-07-01,"hml,smb,mom",mkt,14,5,191,10,6,smb
2013-07-01_to_2016-07-01,2013-07-01,2016-07-01,"hml,smb,mom",mkt,14,5,191,10,7,smb
2013-07-01_to_2016-07-01,2013-07-01,2016-07-01,"hml,smb,mom",mkt,14,5,191,10,8,hml
2013-07-01_to_2016-07-01,2013-07-01,2016-07-01,"hml,smb,mom",mkt,14,5,191,10,9,mom
2013-07-01_to_2016-07-01,2013-07-01,2016-07-01,"hml,smb,mom",mkt,14,5,191,10,10,mom
2013-07-01_to_2016-07-01,2013-07-01,2016-07-01,"hml,smb,mom",mkt,14,5,193,10,1,mom
2013-07-01_to_2016-07-01,2013-07-01,2016-07-01,"hml,smb,mom",mkt,14,5,193,10,2,mom
2013-07-01_to_2016-07-01,2013-07-01,2016-07-01,"hml,smb,mom",mkt,14,5,193,10,3,mom
2013-07-01_to_2016-07-01,2013-07-01,2016-07-01,"hml,smb,mom",mkt,14,5,193,10,4,mom
2013-07-01_to_2016-07-01,2013-07-01,2016-07-01,"hml,smb,mom",mkt,14,5,193,10,5,mom
2013-07-01_to_2016-07-01,2013-07-01,2016-07-01,"hml,smb,mom",mkt,14,5,193,10,6,smb
2013-07-01_to_2016-07-01,2013-07-01,2016-07-01,"hml,smb,mom",mkt,14,5,193,10,7,smb
2013-07-01_to_2016-07-01,2013-07-01,2016-07-01,"hml,smb,mom",mkt,14,5,193,10,8,hml
2013-07-01_to_2016-07-01,2013-07-01,2016-07-01,"hml,smb,mom",mkt,14,5,193,10,9,mom
2013-07-01_to_2016-07-01,2013-07-01,2016-07-01,"hml,smb,mom",mkt,14,5,193,10,10,hml
2013-07-01_to_2016-07-01,2013-07-01,2016-07-01,"hml,smb,mom",mkt,14,5,194,10,1,mom
2013-07-01_to_2016-07-01,2013-07-01,2016-07-01,"hml,smb,mom",mkt,14,5,194,10,2,mom
2013-07-01_to_2016-07-01,2013-07-01,2016-07-01,"hml,smb,mom",mkt,14,5,194,10,3,mom
2013-07-01_to_2016-07-01,2013-07-01,2016-07-01,"hml,smb,mom",mkt,14,5,194,10,4,mom
2013-07-01_to_2016-07-01,2013-07-01,2016-07-01,"hml,smb,mom",mkt,14,5,194,10,5,mom
2013-07-01_to_2016-07-01,2013-07-01,2016-07-01,"hml,smb,mom",mkt,14,5,194,10,6,smb
2013-07-01_to_2016-07-01,2013-07-01,2016-07-01,"hml,smb,mom",mkt,14,5,194,10,7,smb
2013-07-01_to_2016-07-01,2013-07-01,2016-07-01,"hml,smb,mom",mkt,14,5,194,10,8,hml
2013-07-01_to_2016-07-01,2013-07-01,2016-07-01,"hml,smb,mom",mkt,14,5,194,10,9,mom
2013-07-01_to_2016-07-01,2013-07-01,2016-07-01,"hml,smb,mom",mkt,14,5,194,10,10,hml
2013-07-01_to_2016-07-01,2013-07-01,2016-07-01,"hml,smb,mom",mkt,14,5,196,9,1,mom
2013-07-01_to_2016-07-01,2013-07-01,2016-07-01,"hml,smb,mom",mkt,14,5,196,9,2,mom
2013-07-01_to_2016-07-01,2013-07-01,2016-07-01,"hml,smb,mom",mkt,14,5,196,9,3,mom
2013-07-01_to_2016-07-01,2013-07-01,2016-07-01,"hml,smb,mom",mkt,14,5,196,9,4,mom
2013-07-01_to_2016-07-01,2013-07-01,2016-07-01,"hml,smb,mom",mkt,14,5,196,9,5,mom
2013-07-01_to_2016-07-01,2013-07-01,2016-07-01,"hml,smb,mom",mkt,14,5,196,9,6,smb
2013-07-01_to_2016-07-01,2013-07-01,2016-07-01,"hml,smb,mom",mkt,14,5,196,9,7,smb
2013-07-01_to_2016-07-01,2013-07-01,2016-07-01,"hml,smb,mom",mkt,14,5,196,9,8,hml
2013-07-01_to_2016-07-01,2013-07-01,2016-07-01,"hml,smb,mom",mkt,14,5,196,9,9,hml
2013-07-01_to_2016-07-01,2013-07-01,2016-07-01,"hml,smb,mom",mkt,14,5,197,9,1,mom
2013-07-01_to_2016-07-01,2013-07-01,2016-07-01,"hml,smb,mom",mkt,14,5,197,9,2,mom
2013-07-01_to_2016-07-01,2013-07-01,2016-07-01,"hml,smb,mom",mkt,14,5,197,9,3,mom
2013-07-01_to_2016-07-01,2013-07-01,2016-07-01,"hml,smb,mom",mkt,14,5,197,9,4,mom
2013-07-01_to_2016-07-01,2013-07-01,2016-07-01,"hml,smb,mom",mkt,14,5,197,9,5,mom
2013-07-01_to_2016-07-01,2013-07-01,2016-07-01,"hml,smb,mom",mkt,14,5,197,9,6,smb
2013-07-01_to_2016-07-01,2013-07-01,2016-07-01,"hml,smb,mom",mkt,14,5,197,9,7,smb
2013-07-01_to_2016-07-01,2013-07-01,2016-07-01,"hml,smb,mom",mkt,14,5,197,9,8,hml
2013-07-01_to_2016-07-01,2013-07-01,2016-07-01,"hml,smb,mom",mkt,14,5,197,9,9,hml
2013-07-01_to_2016-07-01,2013-07-01,2016-07-01,"hml,smb,mom",mkt,14,5,200,9,1,mom
2013-07-01_to_2016-07-01,2013-07-01,2016-07-01,"hml,smb,mom",mkt,14,5,200,9,2,mom
2013-07-01_to_2016-07-01,2013-07-01,2016-07-01,"hml,smb,mom",mkt,14,5,200,9,3,mom
2013-07-01_to_2016-07-01,2013-07-01,2016-07-01,"hml,smb,mom",mkt,14,5,200,9,4,mom
2013-07-01_to_2016-07-01,2013-07-01,2016-07-01,"hml,smb,mom",mkt,14,5,200,9,5,mom
2013-07-01_to_2016-07-01,2013-07-01,2016-07-01,"hml,smb,mom",mkt,14,5,200,9,6,smb
2013-07-01_to_2016-07-01,2013-07-01,2016-07-01,"hml,smb,mom",mkt,14,5,200,9,7,smb
2013-07-01_to_2016-07-01,2013-07-01,2016-07-01,"hml,smb,mom",mkt,14,5,200,9,8,mom
2013-07-01_to_2016-07-01,2013-07-01,2016-07-01,"hml,smb,mom",mkt,14,5,200,9,9,smb
2013-07-01_to_2016-07-01,2013-07-01,2016-07-01,"hml,smb,mom",mkt,14,5,202,10,1,mom
2013-07-01_to_2016-07-01,2013-07-01,2016-07-01,"hml,smb,mom",mkt,14,5,202,10,2,mom
2013-07-01_to_2016-07-01,2013-07-01,2016-07-01,"hml,smb,mom",mkt,14,5,202,10,3,mom
2013-07-01_to_2016-07-01,2013-07-01,2016-07-01,"hml,smb,mom",mkt,14,5,202,10,4,mom
2013-07-01_to_2016-07-01,2013-07-01,2016-07-01,"hml,smb,mom",mkt,14,5,202,10,5,mom
2013-07-01_to_2016-07-01,2013-07-01,2016-07-01,"hml,smb,mom",mkt,14,5,202,10,6,smb
2013-07-01_to_2016-07-01,2013-07-01,2016-07-01,"hml,smb,mom",mkt,14,5,202,10,7,smb
2013-07-01_to_2016-07-01,2013-07-01,2016-07-01,"hml,smb,mom",mkt,14,5,202,10,8,mom
2013-07-01_to_2016-07-01,2013-07-01,2016-07-01,"hml,smb,mom",mkt,14,5,202,10,9,smb
2013-07-01_to_2016-07-01,2013-07-01,2016-07-01,"hml,smb,mom",mkt,14,5,202,10,10,smb
2013-07-01_to_2016-07-01,2013-07-01,2016-07-01,"hml,smb,mom",mkt,14,5,203,10,1,mom
2013-07-01_to_2016-07-01,2013-07-01,2016-07-01,"hml,smb,mom",mkt,14,5,203,10,2,mom
2013-07-01_to_2016-07-01,2013-07-01,2016-07-01,"hml,smb,mom",mkt,14,5,203,10,3,mom
2013-07-01_to_2016-07-01,2013-07-01,2016-07-01,"hml,smb,mom",mkt,14,5,203,10,4,mom
2013-07-01_to_2016-07-01,2013-07-01,2016-07-01,"hml,smb,mom",mkt,14,5,203,10,5,mom
2013-07-01_to_2016-07-01,2013-07-01,2016-07-01,"hml,smb,mom",mkt,14,5,203,10,6,smb
2013-07-01_to_2016-07-01,2013-07-01,2016-07-01,"hml,smb,mom",mkt,14,5,203,10,7,smb
2013-07-01_to_2016-07-01,2013-07-01,2016-07-01,"hml,smb,mom",mkt,14,5,203,10,8,mom
2013-07-01_to_2016-07-01,2013-07-01,2016-07-01,"hml,smb,mom",mkt,14,5,203,10,9,smb
2013-07-01_to_2016-07-01,2013-07-01,2016-07-01,"hml,smb,mom",mkt,14,5,203,10,10,smb
2013-07-01_to_2016-07-01,2013-07-01,2016-07-01,"hml,smb,mom",mkt,14,5,204,8,1,mom
2013-07-01_to_2016-07-01,2013-07-01,2016-07-01,"hml,smb,mom",mkt,14,5,204,8,2,mom
2013-07-01_to_2016-07-01,2013-07-01,2016-07-01,"hml,smb,mom",mkt,14,5,204,8,3,mom
2013-07-01_to_2016-07-01,2013-07-01,2016-07-01,"hml,smb,mom",mkt,14,5,204,8,4,mom
2013-07-01_to_2016-07-01,2013-07-01,2016-07-01,"hml,smb,mom",mkt,14,5,204,8,5,mom
2013-07-01_to_2016-07-01,2013-07-01,2016-07-01,"hml,smb,mom",mkt,14,5,204,8,6,smb
2013-07-01_to_2016-07-01,2013-07-01,2016-07-01,"hml,smb,mom",mkt,14,5,204,8,7,smb
2013-07-01_to_2016-07-01,2013-07-01,2016-07-01,"hml,smb,mom",mkt,14,5,204,8,8,mom
2013-07-01_to_2016-07-01,2013-07-01,2016-07-01,"hml,smb,mom",mkt,14,5,209,6,1,mom
2013-07-01_to_2016-07-01,2013-07-01,2016-07-01,"hml,smb,mom",mkt,14,5,209,6,2,mom
2013-07-01_to_2016-07-01,2013-07-01,2016-07-01,"hml,smb,mom",mkt,14,5,209,6,3,mom
2013-07-01_to_2016-07-01,2013-07-01,2016-07-01,"hml,smb,mom",mkt,14,5,209,6,4,mom
2013-07-01_to_2016-07-01,2013-07-01,2016-07-01,"hml,smb,mom",mkt,14,5,209,6,5,mom
2013-07-01_to_2016-07-01,2013-07-01,2016-07-01,"hml,smb,mom",mkt,14,5,209,6,6,smb
2013-07-01_to_2016-07-01,2013-07-01,2016-07-01,"hml,smb,mom",mkt,14,5,213,9,1,mom
2013-07-01_to_2016-07-01,2013-07-01,2016-07-01,"hml,smb,mom",mkt,14,5,213,9,2,mom
2013-07-01_to_2016-07-01,2013-07-01,2016-07-01,"hml,smb,mom",mkt,14,5,213,9,3,mom
2013-07-01_to_2016-07-01,2013-07-01,2016-07-01,"hml,smb,mom",mkt,14,5,213,9,4,mom
2013-07-01_to_2016-07-01,2013-07-01,2016-07-01,"hml,smb,mom",mkt,14,5,213,9,5,mom
2013-07-01_to_2016-07-01,2013-07-01,2016-07-01,"hml,smb,mom",mkt,14,5,213,9,6,smb
2013-07-01_to_2016-07-01,2013-07-01,2016-07-01,"hml,smb,mom",mkt,14,5,213,9,7,smb
2013-07-01_to_2016-07-01,2013-07-01,2016-07-01,"hml,smb,mom",mkt,14,5,213,9,8,mom
2013-07-01_to_2016-07-01,2013-07-01,2016-07-01,"hml,smb,mom",mkt,14,5,213,9,9,smb
2013-07-01_to_2016-07-01,2013-07-01,2016-07-01,"hml,smb,mom",mkt,14,5,217,12,1,mom
2013-07-01_to_2016-07-01,2013-07-01,2016-07-01,"hml,smb,mom",mkt,14,5,217,12,2,mom
2013-07-01_to_2016-07-01,2013-07-01,2016-07-01,"hml,smb,mom",mkt,14,5,217,12,3,mom
2013-07-01_to_2016-07-01,2013-07-01,2016-07-01,"hml,smb,mom",mkt,14,5,217,12,4,mom
2013-07-01_to_2016-07-01,2013-07-01,2016-07-01,"hml,smb,mom",mkt,14,5,217,12,5,mom
2013-07-01_to_2016-07-01,2013-07-01,2016-07-01,"hml,smb,mom",mkt,14,5,217,12,6,smb
2013-07-01_to_2016-07-01,2013-07-01,2016-07-01,"hml,smb,mom",mkt,14,5,217,12,7,smb
2013-07-01_to_2016-07-01,2013-07-01,2016-07-01,"hml,smb,mom",mkt,14,5,217,12,8,mom
2013-07-01_to_2016-07-01,2013-07-01,2016-07-01,"hml,smb,mom",mkt,14,5,217,12,9,smb
2013-07-01_to_2016-07-01,2013-07-01,2016-07-01,"hml,smb,mom",mkt,14,5,217,12,10,smb
2013-07-01_to_2016-07-01,2013-07-01,2016-07-01,"hml,smb,mom",mkt,14,5,217,12,11,mom
2013-07-01_to_2016-07-01,2013-07-01,2016-07-01,"hml,smb,mom",mkt,14,5,217,12,12,hml
2013-07-01_to_2016-07-01,2013-07-01,2016-07-01,"hml,smb,mom",mkt,14,5,218,12,1,mom
2013-07-01_to_2016-07-01,2013-07-01,2016-07-01,"hml,smb,mom",mkt,14,5,218,12,2,mom
2013-07-01_to_2016-07-01,2013-07-01,2016-07-01,"hml,smb,mom",mkt,14,5,218,12,3,mom
2013-07-01_to_2016-07-01,2013-07-01,2016-07-01,"hml,smb,mom",mkt,14,5,218,12,4,mom
2013-07-01_to_2016-07-01,2013-07-01,2016-07-01,"hml,smb,mom",mkt,14,5,218,12,5,mom
2013-07-01_to_2016-07-01,2013-07-01,2016-07-01,"hml,smb,mom",mkt,14,5,218,12,6,smb
2013-07-01_to_2016-07-01,2013-07-01,2016-07-01,"hml,smb,mom",mkt,14,5,218,12,7,smb
2013-07-01_to_2016-07-01,2013-07-01,2016-07-01,"hml,smb,mom",mkt,14,5,218,12,8,mom
2013-07-01_to_2016-07-01,2013-07-01,2016-07-01,"hml,smb,mom",mkt,14,5,218,12,9,smb
2013-07-01_to_2016-07-01,2013-07-01,2016-07-01,"hml,smb,mom",mkt,14,5,218,12,10,smb
2013-07-01_to_2016-07-01,2013-07-01,2016-07-01,"hml,smb,mom",mkt,14,5,218,12,11,mom
2013-07-01_to_2016-07-01,2013-07-01,2016-07-01,"hml,smb,mom",mkt,14,5,218,12,12,hml
2013-07-01_to_2016-07-01,2013-07-01,2016-07-01,"hml,smb,mom",mkt,14,5,220,12,1,mom
2013-07-01_to_2016-07-01,2013-07-01,2016-07-01,"hml,smb,mom",mkt,14,5,220,12,2,mom
2013-07-01_to_2016-07-01,2013-07-01,2016-07-01,"hml,smb,mom",mkt,14,5,220,12,3,mom
2013-07-01_to_2016-07-01,2013-07-01,2016-07-01,"hml,smb,mom",mkt,14,5,220,12,4,mom
2013-07-01_to_2016-07-01,2013-07-01,2016-07-01,"hml,smb,mom",mkt,14,5,220,12,5,mom
2013-07-01_to_2016-07-01,2013-07-01,2016-07-01,"hml,smb,mom",mkt,14,5,220,12,6,smb
2013-07-01_to_2016-07-01,2013-07-01,2016-07-01,"hml,smb,mom",mkt,14,5,220,12,7,smb
2013-07-01_to_2016-07-01,2013-07-01,2016-07-01,"hml,smb,mom",mkt,14,5,220,12,8,mom
2013-07-01_to_2016-07-01,2013-07-01,2016-07-01,"hml,smb,mom",mkt,14,5,220,12,9,smb
2013-07-01_to_2016-07-01,2013-07-01,2016-07-01,"hml,smb,mom",mkt,14,5,220,12,10,smb
2013-07-01_to_2016-07-01,2013-07-01,2016-07-01,"hml,smb,mom",mkt,14,5,220,12,11,mom
2013-07-01_to_2016-07-01,2013-07-01,2016-07-01,"hml,smb,mom",mkt,14,5,220,12,12,mom
2013-07-01_to_2016-07-01,2013-07-01,2016-07-01,"hml,smb,mom",mkt,14,5,221,12,1,mom
2013-07-01_to_2016-07-01,2013-07-01,2016-07-01,"hml,smb,mom",mkt,14,5,221,12,2,mom
2013-07-01_to_2016-07-01,2013-07-01,2016-07-01,"hml,smb,mom",mkt,14,5,221,12,3,mom
2013-07-01_to_2016-07-01,2013-07-01,2016-07-01,"hml,smb,mom",mkt,14,5,221,12,4,mom
2013-07-01_to_2016-07-01,2013-07-01,2016-07-01,"hml,smb,mom",mkt,14,5,221,12,5,mom
2013-07-01_to_2016-07-01,2013-07-01,2016-07-01,"hml,smb,mom",mkt,14,5,221,12,6,smb
2013-07-01_to_2016-07-01,2013-07-01,2016-07-01,"hml,smb,mom",mkt,14,5,221,12,7,smb
2013-07-01_to_2016-07-01,2013-07-01,2016-07-01,"hml,smb,mom",mkt,14,5,221,12,8,mom
2013-07-01_to_2016-07-01,2013-07-01,2016-07-01,"hml,smb,mom",mkt,14,5,221,12,9,smb
2013-07-01_to_2016-07-01,2013-07-01,2016-07-01,"hml,smb,mom",mkt,14,5,221,12,10,smb
2013-07-01_to_2016-07-01,2013-07-01,2016-07-01,"hml,smb,mom",mkt,14,5,221,12,11,mom
2013-07-01_to_2016-07-01,2013-07-01,2016-07-01,"hml,smb,mom",mkt,14,5,221,12,12,mom
2013-07-01_to_2016-07-01,2013-07-01,2016-07-01,"hml,smb,mom",mkt,14,5,223,11,1,mom
2013-07-01_to_2016-07-01,2013-07-01,2016-07-01,"hml,smb,mom",mkt,14,5,223,11,2,mom
2013-07-01_to_2016-07-01,2013-07-01,2016-07-01,"hml,smb,mom",mkt,14,5,223,11,3,mom
2013-07-01_to_2016-07-01,2013-07-01,2016-07-01,"hml,smb,mom",mkt,14,5,223,11,4,mom
2013-07-01_to_2016-07-01,2013-07-01,2016-07-01,"hml,smb,mom",mkt,14,5,223,11,5,mom
2013-07-01_to_2016-07-01,2013-07-01,2016-07-01,"hml,smb,mom",mkt,14,5,223,11,6,smb
2013-07-01_to_2016-07-01,2013-07-01,2016-07-01,"hml,smb,mom",mkt,14,5,223,11,7,smb
2013-07-01_to_2016-07-01,2013-07-01,2016-07-01,"hml,smb,mom",mkt,14,5,223,11,8,mom
2013-07-01_to_2016-07-01,2013-07-01,2016-07-01,"hml,smb,mom",mkt,14,5,223,11,9,smb
2013-07-01_to_2016-07-01,2013-07-01,2016-07-01,"hml,smb,mom",mkt,14,5,223,11,10,smb
2013-07-01_to_2016-07-01,2013-07-01,2016-07-01,"hml,smb,mom",mkt,14,5,223,11,11,mom
2013-07-01_to_2016-07-01,2013-07-01,2016-07-01,"hml,smb,mom",mkt,14,5,224,11,1,mom
2013-07-01_to_2016-07-01,2013-07-01,2016-07-01,"hml,smb,mom",mkt,14,5,224,11,2,mom
2013-07-01_to_2016-07-01,2013-07-01,2016-07-01,"hml,smb,mom",mkt,14,5,224,11,3,mom
2013-07-01_to_2016-07-01,2013-07-01,2016-07-01,"hml,smb,mom",mkt,14,5,224,11,4,mom
2013-07-01_to_2016-07-01,2013-07-01,2016-07-01,"hml,smb,mom",mkt,14,5,224,11,5,mom
2013-07-01_to_2016-07-01,2013-07-01,2016-07-01,"hml,smb,mom",mkt,14,5,224,11,6,smb
2013-07-01_to_2016-07-01,2013-07-01,2016-07-01,"hml,smb,mom",mkt,14,5,224,11,7,smb
2013-07-01_to_2016-07-01,2013-07-01,2016-07-01,"hml,smb,mom",mkt,14,5,224,11,8,mom
2013-07-01_to_2016-07-01,2013-07-01,2016-07-01,"hml,smb,mom",mkt,14,5,224,11,9,smb
2013-07-01_to_2016-07-01,2013-07-01,2016-07-01,"hml,smb,mom",mkt,14,5,224,11,10,smb
2013-07-01_to_2016-07-01,2013-07-01,2016-07-01,"hml,smb,mom",mkt,14,5,224,11,11,mom
2013-07-01_to_2016-07-01,2013-07-01,2016-07-01,"hml,smb,mom",mkt,14,5,225,8,1,mom
2013-07-01_to_2016-07-01,2013-07-01,2016-07-01,"hml,smb,mom",mkt,14,5,225,8,2,mom
2013-07-01_to_2016-07-01,2013-07-01,2016-07-01,"hml,smb,mom",mkt,14,5,225,8,3,mom
2013-07-01_to_2016-07-01,2013-07-01,2016-07-01,"hml,smb,mom",mkt,14,5,225,8,4,mom
2013-07-01_to_2016-07-01,2013-07-01,2016-07-01,"hml,smb,mom",mkt,14,5,225,8,5,mom
2013-07-01_to_2016-07-01,2013-07-01,2016-07-01,"hml,smb,mom",mkt,14,5,225,8,6,smb
2013-07-01_to_2016-07-01,2013-07-01,2016-07-01,"hml,smb,mom",mkt,14,5,225,8,7,smb
2013-07-01_to_2016-07-01,2013-07-01,2016-07-01,"hml,smb,mom",mkt,14,5,225,8,8,mom
2013-07-01_to_2016-07-01,2013-07-01,2016-07-01,"hml,smb,mom",mkt,14,5,227,8,1,mom
2013-07-01_to_2016-07-01,2013-07-01,2016-07-01,"hml,smb,mom",mkt,14,5,227,8,2,mom
2013-07-01_to_2016-07-01,2013-07-01,2016-07-01,"hml,smb,mom",mkt,14,5,227,8,3,mom
2013-07-01_to_2016-07-01,2013-07-01,2016-07-01,"hml,smb,mom",mkt,14,5,227,8,4,mom
2013-07-01_to_2016-07-01,2013-07-01,2016-07-01,"hml,smb,mom",mkt,14,5,227,8,5,mom
2013-07-01_to_2016-07-01,2013-07-01,2016-07-01,"hml,smb,mom",mkt,14,5,227,8,6,smb
2013-07-01_to_2016-07-01,2013-07-01,2016-07-01,"hml,smb,mom",mkt,14,5,227,8,7,smb
2013-07-01_to_2016-07-01,2013-07-01,2016-07-01,"hml,smb,mom",mkt,14,5,227,8,8,smb
2013-07-01_to_2016-07-01,2013-07-01,2016-07-01,"hml,smb,mom",mkt,14,5,230,10,1,mom
2013-07-01_to_2016-07-01,2013-07-01,2016-07-01,"hml,smb,mom",mkt,14,5,230,10,2,mom
2013-07-01_to_2016-07-01,2013-07-01,2016-07-01,"hml,smb,mom",mkt,14,5,230,10,3,mom
2013-07-01_to_2016-07-01,2013-07-01,2016-07-01,"hml,smb,mom",mkt,14,5,230,10,4,mom
2013-07-01_to_2016-07-01,2013-07-01,2016-07-01,"hml,smb,mom",mkt,14,5,230,10,5,mom
2013-07-01_to_2016-07-01,2013-07-01,2016-07-01,"hml,smb,mom",mkt,14,5,230,10,6,smb
2013-07-01_to_2016-07-01,2013-07-01,2016-07-01,"hml,smb,mom",mkt,14,5,230,10,7,smb
2013-07-01_to_2016-07-01,2013-07-01,2016-07-01,"hml,smb,mom",mkt,14,5,230,10,8,smb
2013-07-01_to_2016-07-01,2013-07-01,2016-07-01,"hml,smb,mom",mkt,14,5,230,10,9,hml
2013-07-01_to_2016-07-01,2013-07-01,2016-07-01,"hml,smb,mom",mkt,14,5,230,10,10,hml
2013-07-01_to_2016-07-01,2013-07-01,2016-07-01,"hml,smb,mom",mkt,14,5,231,10,1,mom
2013-07-01_to_2016-07-01,2013-07-01,2016-07-01,"hml,smb,mom",mkt,14,5,231,10,2,mom
2013-07-01_to_2016-07-01,2013-07-01,2016-07-01,"hml,smb,mom",mkt,14,5,231,10,3,mom
2013-07-01_to_2016-07-01,2013-07-01,2016-07-01,"hml,smb,mom",mkt,14,5,231,10,4,mom
2013-07-01_to_2016-07-01,2013-07-01,2016-07-01,"hml,smb,mom",mkt,14,5,231,10,5,mom
2013-07-01_to_2016-07-01,2013-07-01,2016-07-01,"hml,smb,mom",mkt,14,5,231,10,6,smb
2013-07-01_to_2016-07-01,2013-07-01,2016-07-01,"hml,smb,mom",mkt,14,5,231,10,7,smb
2013-07-01_to_2016-07-01,2013-07-01,2016-07-01,"hml,smb,mom",mkt,14,5,231,10,8,smb
2013-07-01_to_2016-07-01,2013-07-01,2016-07-01,"hml,smb,mom",mkt,14,5,231,10,9,hml
2013-07-01_to_2016-07-01,2013-07-01,2016-07-01,"hml,smb,mom",mkt,14,5,231,10,10,hml
2013-07-01_to_2016-07-01,2013-07-01,2016-07-01,"hml,smb,mom",mkt,14,5,236,13,1,mom
2013-07-01_to_2016-07-01,2013-07-01,2016-07-01,"hml,smb,mom",mkt,14,5,236,13,2,mom
2013-07-01_to_2016-07-01,2013-07-01,2016-07-01,"hml,smb,mom",mkt,14,5,236,13,3,mom
2013-07-01_to_2016-07-01,2013-07-01,2016-07-01,"hml,smb,mom",mkt,14,5,236,13,4,mom
2013-07-01_to_2016-07-01,2013-07-01,2016-07-01,"hml,smb,mom",mkt,14,5,236,13,5,mom
2013-07-01_to_2016-07-01,2013-07-01,2016-07-01,"hml,smb,mom",mkt,14,5,236,13,6,smb
2013-07-01_to_2016-07-01,2013-07-01,2016-07-01,"hml,smb,mom",mkt,14,5,236,13,7,smb
2013-07-01_to_2016-07-01,2013-07-01,2016-07-01,"hml,smb,mom",mkt,14,5,236,13,8,smb
2013-07-01_to_2016-07-01,2013-07-01,2016-07-01,"hml,smb,mom",mkt,14,5,236,13,9,hml
2013-07-01_to_2016-07-01,2013-07-01,2016-07-01,"hml,smb,mom",mkt,14,5,236,13,10,smb
2013-07-01_to_2016-07-01,2013-07-01,2016-07-01,"hml,smb,mom",mkt,14,5,236,13,11,hml
2013-07-01_to_2016-07-01,2013-07-01,2016-07-01,"hml,smb,mom",mkt,14,5,236,13,12,hml
2013-07-01_to_2016-07-01,2013-07-01,2016-07-01,"hml,smb,mom",mkt,14,5,236,13,13,hml
2013-07-01_to_2016-07-01,2013-07-01,2016-07-01,"hml,smb,mom",mkt,14,5,237,13,1,mom
2013-07-01_to_2016-07-01,2013-07-01,2016-07-01,"hml,smb,mom",mkt,14,5,237,13,2,mom
2013-07-01_to_2016-07-01,2013-07-01,2016-07-01,"hml,smb,mom",mkt,14,5,237,13,3,mom
2013-07-01_to_2016-07-01,2013-07-01,2016-07-01,"hml,smb,mom",mkt,14,5,237,13,4,mom
2013-07-01_to_2016-07-01,2013-07-01,2016-07-01,"hml,smb,mom",mkt,14,5,237,13,5,mom
2013-07-01_to_2016-07-01,2013-07-01,2016-07-01,"hml,smb,mom",mkt,14,5,237,13,6,smb
2013-07-01_to_2016-07-01,2013-07-01,2016-07-01,"hml,smb,mom",mkt,14,5,237,13,7,smb
2013-07-01_to_2016-07-01,2013-07-01,2016-07-01,"hml,smb,mom",mkt,14,5,237,13,8,smb
2013-07-01_to_2016-07-01,2013-07-01,2016-07-01,"hml,smb,mom",mkt,14,5,237,13,9,hml
2013-07-01_to_2016-07-01,2013-07-01,2016-07-01,"hml,smb,mom",mkt,14,5,237,13,10,smb
2013-07-01_to_2016-07-01,2013-07-01,2016-07-01,"hml,smb,mom",mkt,14,5,237,13,11,hml
2013-07-01_to_2016-07-01,2013-07-01,2016-07-01,"hml,smb,mom",mkt,14,5,237,13,12,hml
2013-07-01_to_2016-07-01,2013-07-01,2016-07-01,"hml,smb,mom",mkt,14,5,237,13,13,hml
2013-07-01_to_2016-07-01,2013-07-01,2016-07-01,"hml,smb,mom",mkt,14,5,238,12,1,mom
2013-07-01_to_2016-07-01,2013-07-01,2016-07-01,"hml,smb,mom",mkt,14,5,238,12,2,mom
2013-07-01_to_2016-07-01,2013-07-01,2016-07-01,"hml,smb,mom",mkt,14,5,238,12,3,mom
2013-07-01_to_2016-07-01,2013-07-01,2016-07-01,"hml,smb,mom",mkt,14,5,238,12,4,mom
2013-07-01_to_2016-07-01,2013-07-01,2016-07-01,"hml,smb,mom",mkt,14,5,238,12,5,mom
2013-07-01_to_2016-07-01,2013-07-01,2016-07-01,"hml,smb,mom",mkt,14,5,238,12,6,smb
2013-07-01_to_2016-07-01,2013-07-01,2016-07-01,"hml,smb,mom",mkt,14,5,238,12,7,smb
2013-07-01_to_2016-07-01,2013-07-01,2016-07-01,"hml,smb,mom",mkt,14,5,238,12,8,smb
2013-07-01_to_2016-07-01,2013-07-01,2016-07-01,"hml,smb,mom",mkt,14,5,238,12,9,hml
2013-07-01_to_2016-07-01,2013-07-01,2016-07-01,"hml,smb,mom",mkt,14,5,238,12,10,smb
2013-07-01_to_2016-07-01,2013-07-01,2016-07-01,"hml,smb,mom",mkt,14,5,238,12,11,hml
2013-07-01_to_2016-07-01,2013-07-01,2016-07-01,"hml,smb,mom",mkt,14,5,238,12,12,hml
2013-07-01_to_2016-07-01,2013-07-01,2016-07-01,"hml,smb,mom",mkt,14,5,240,12,1,mom
2013-07-01_to_2016-07-01,2013-07-01,2016-07-01,"hml,smb,mom",mkt,14,5,240,12,2,mom
2013-07-01_to_2016-07-01,2013-07-01,2016-07-01,"hml,smb,mom",mkt,14,5,240,12,3,mom
2013-07-01_to_2016-07-01,2013-07-01,2016-07-01,"hml,smb,mom",mkt,14,5,240,12,4,mom
2013-07-01_to_2016-07-01,2013-07-01,2016-07-01,"hml,smb,mom",mkt,14,5,240,12,5,mom
2013-07-01_to_2016-07-01,2013-07-01,2016-07-01,"hml,smb,mom",mkt,14,5,240,12,6,smb
2013-07-01_to_2016-07-01,2013-07-01,2016-07-01,"hml,smb,mom",mkt,14,5,240,12,7,smb
2013-07-01_to_2016-07-01,2013-07-01,2016-07-01,"hml,smb,mom",mkt,14,5,240,12,8,smb
2013-07-01_to_2016-07-01,2013-07-01,2016-07-01,"hml,smb,mom",mkt,14,5,240,12,9,hml
2013-07-01_to_2016-07-01,2013-07-01,2016-07-01,"hml,smb,mom",mkt,14,5,240,12,10,smb
2013-07-01_to_2016-07-01,2013-07-01,2016-07-01,"hml,smb,mom",mkt,14,5,240,12,11,hml
2013-07-01_to_2016-07-01,2013-07-01,2016-07-01,"hml,smb,mom",mkt,14,5,240,12,12,mom
2013-07-01_to_2016-07-01,2013-07-01,2016-07-01,"hml,smb,mom",mkt,14,5,241,12,1,mom
2013-07-01_to_2016-07-01,2013-07-01,2016-07-01,"hml,smb,mom",mkt,14,5,241,12,2,mom
2013-07-01_to_2016-07-01,2013-07-01,2016-07-01,"hml,smb,mom",mkt,14,5,241,12,3,mom
2013-07-01_to_2016-07-01,2013-07-01,2016-07-01,"hml,smb,mom",mkt,14,5,241,12,4,mom
2013-07-01_to_2016-07-01,2013-07-01,2016-07-01,"hml,smb,mom",mkt,14,5,241,12,5,mom
2013-07-01_to_2016-07-01,2013-07-01,2016-07-01,"hml,smb,mom",mkt,14,5,241,12,6,smb
2013-07-01_to_2016-07-01,2013-07-01,2016-07-01,"hml,smb,mom",mkt,14,5,241,12,7,smb
2013-07-01_to_2016-07-01,2013-07-01,2016-07-01,"hml,smb,mom",mkt,14,5,241,12,8,smb
2013-07-01_to_2016-07-01,2013-07-01,2016-07-01,"hml,smb,mom",mkt,14,5,241,12,9,hml
2013-07-01_to_2016-07-01,2013-07-01,2016-07-01,"hml,smb,mom",mkt,14,5,241,12,10,smb
2013-07-01_to_2016-07-01,2013-07-01,2016-07-01,"hml,smb,mom",mkt,14,5,241,12,11,hml
2013-07-01_to_2016-07-01,2013-07-01,2016-07-01,"hml,smb,mom",mkt,14,5,241,12,12,mom
2013-07-01_to_2016-07-01,2013-07-01,2016-07-01,"hml,smb,mom",mkt,14,5,242,10,1,mom
2013-07-01_to_2016-07-01,2013-07-01,2016-07-01,"hml,smb,mom",mkt,14,5,242,10,2,mom
2013-07-01_to_2016-07-01,2013-07-01,2016-07-01,"hml,smb,mom",mkt,14,5,242,10,3,mom
2013-07-01_to_2016-07-01,2013-07-01,2016-07-01,"hml,smb,mom",mkt,14,5,242,10,4,mom
2013-07-01_to_2016-07-01,2013-07-01,2016-07-01,"hml,smb,mom",mkt,14,5,242,10,5,mom
2013-07-01_to_2016-07-01,2013-07-01,2016-07-01,"hml,smb,mom",mkt,14,5,242,10,6,smb
2013-07-01_to_2016-07-01,2013-07-01,2016-07-01,"hml,smb,mom",mkt,14,5,242,10,7,smb
2013-07-01_to_2016-07-01,2013-07-01,2016-07-01,"hml,smb,mom",mkt,14,5,242,10,8,smb
2013-07-01_to_2016-07-01,2013-07-01,2016-07-01,"hml,smb,mom",mkt,14,5,242,10,9,hml
2013-07-01_to_2016-07-01,2013-07-01,2016-07-01,"hml,smb,mom",mkt,14,5,242,10,10,smb
2013-07-01_to_2016-07-01,2013-07-01,2016-07-01,"hml,smb,mom",mkt,14,5,244,6,1,mom
2013-07-01_to_2016-07-01,2013-07-01,2016-07-01,"hml,smb,mom",mkt,14,5,244,6,2,mom
2013-07-01_to_2016-07-01,2013-07-01,2016-07-01,"hml,smb,mom",mkt,14,5,244,6,3,mom
2013-07-01_to_2016-07-01,2013-07-01,2016-07-01,"hml,smb,mom",mkt,14,5,244,6,4,mom
2013-07-01_to_2016-07-01,2013-07-01,2016-07-01,"hml,smb,mom",mkt,14,5,244,6,5,mom
2013-07-01_to_2016-07-01,2013-07-01,2016-07-01,"hml,smb,mom",mkt,14,5,244,6,6,smb
2013-07-01_to_2016-07-01,2013-07-01,2016-07-01,"hml,smb,mom",mkt,14,5,247,8,1,mom
2013-07-01_to_2016-07-01,2013-07-01,2016-07-01,"hml,smb,mom",mkt,14,5,247,8,2,mom
2013-07-01_to_2016-07-01,2013-07-01,2016-07-01,"hml,smb,mom",mkt,14,5,247,8,3,mom
2013-07-01_to_2016-07-01,2013-07-01,2016-07-01,"hml,smb,mom",mkt,14,5,247,8,4,mom
2013-07-01_to_2016-07-01,2013-07-01,2016-07-01,"hml,smb,mom",mkt,14,5,247,8,5,mom
2013-07-01_to_2016-07-01,2013-07-01,2016-07-01,"hml,smb,mom",mkt,14,5,247,8,6,smb
2013-07-01_to_2016-07-01,2013-07-01,2016-07-01,"hml,smb,mom",mkt,14,5,247,8,7,smb
2013-07-01_to_2016-07-01,2013-07-01,2016-07-01,"hml,smb,mom",mkt,14,5,247,8,8,mom
2013-07-01_to_2016-07-01,2013-07-01,2016-07-01,"hml,smb,mom",mkt,14,5,248,8,1,mom
2013-07-01_to_2016-07-01,2013-07-01,2016-07-01,"hml,smb,mom",mkt,14,5,248,8,2,mom
2013-07-01_to_2016-07-01,2013-07-01,2016-07-01,"hml,smb,mom",mkt,14,5,248,8,3,mom
2013-07-01_to_2016-07-01,2013-07-01,2016-07-01,"hml,smb,mom",mkt,14,5,248,8,4,mom
2013-07-01_to_2016-07-01,2013-07-01,2016-07-01,"hml,smb,mom",mkt,14,5,248,8,5,mom
2013-07-01_to_2016-07-01,2013-07-01,2016-07-01,"hml,smb,mom",mkt,14,5,248,8,6,smb
2013-07-01_to_2016-07-01,2013-07-01,2016-07-01,"hml,smb,mom",mkt,14,5,248,8,7,smb
2013-07-01_to_2016-07-01,2013-07-01,2016-07-01,"hml,smb,mom",mkt,14,5,248,8,8,mom
2013-07-01_to_2016-07-01,2013-07-01,2016-07-01,"hml,smb,mom",mkt,14,5,250,8,1,mom
2013-07-01_to_2016-07-01,2013-07-01,2016-07-01,"hml,smb,mom",mkt,14,5,250,8,2,mom
2013-07-01_to_2016-07-01,2013-07-01,2016-07-01,"hml,smb,mom",mkt,14,5,250,8,3,mom
2013-07-01_to_2016-07-01,2013-07-01,2016-07-01,"hml,smb,mom",mkt,14,5,250,8,4,mom
2013-07-01_to_2016-07-01,2013-07-01,2016-07-01,"hml,smb,mom",mkt,14,5,250,8,5,mom
2013-07-01_to_2016-07-01,2013-07-01,2016-07-01,"hml,smb,mom",mkt,14,5,250,8,6,smb
2013-07-01_to_2016-07-01,2013-07-01,2016-07-01,"hml,smb,mom",mkt,14,5,250,8,7,smb
2013-07-01_to_2016-07-01,2013-07-01,2016-07-01,"hml,smb,mom",mkt,14,5,250,8,8,hml
2013-07-01_to_2016-07-01,2013-07-01,2016-07-01,"hml,smb,mom",mkt,14,5,251,8,1,mom
2013-07-01_to_2016-07-01,2013-07-01,2016-07-01,"hml,smb,mom",mkt,14,5,251,8,2,mom
2013-07-01_to_2016-07-01,2013-07-01,2016-07-01,"hml,smb,mom",mkt,14,5,251,8,3,mom
2013-07-01_to_2016-07-01,2013-07-01,2016-07-01,"hml,smb,mom",mkt,14,5,251,8,4,mom
2013-07-01_to_2016-07-01,2013-07-01,2016-07-01,"hml,smb,mom",mkt,14,5,251,8,5,mom
2013-07-01_to_2016-07-01,2013-07-01,2016-07-01,"hml,smb,mom",mkt,14,5,251,8,6,smb
2013-07-01_to_2016-07-01,2013-07-01,2016-07-01,"hml,smb,mom",mkt,14,5,251,8,7,smb
2013-07-01_to_2016-07-01,2013-07-01,2016-07-01,"hml,smb,mom",mkt,14,5,251,8,8,hml
2013-07-01_to_2016-07-01,2013-07-01,2016-07-01,"hml,smb,mom",mkt,14,5,256,8,1,mom
2013-07-01_to_2016-07-01,2013-07-01,2016-07-01,"hml,smb,mom",mkt,14,5,256,8,2,mom
2013-07-01_to_2016-07-01,2013-07-01,2016-07-01,"hml,smb,mom",mkt,14,5,256,8,3,mom
2013-07-01_to_2016-07-01,2013-07-01,2016-07-01,"hml,smb,mom",mkt,14,5,256,8,4,mom
2013-07-01_to_2016-07-01,2013-07-01,2016-07-01,"hml,smb,mom",mkt,14,5,256,8,5,mom
2013-07-01_to_2016-07-01,2013-07-01,2016-07-01,"hml,smb,mom",mkt,14,5,256,8,6,smb
2013-07-01_to_2016-07-01,2013-07-01,2016-07-01,"hml,smb,mom",mkt,14,5,256,8,7,mom
2013-07-01_to_2016-07-01,2013-07-01,2016-07-01,"hml,smb,mom",mkt,14,5,256,8,8,hml
2013-07-01_to_2016-07-01,2013-07-01,2016-07-01,"hml,smb,mom",mkt,14,5,258,9,1,mom
2013-07-01_to_2016-07-01,2013-07-01,2016-07-01,"hml,smb,mom",mkt,14,5,258,9,2,mom
2013-07-01_to_2016-07-01,2013-07-01,2016-07-01,"hml,smb,mom",mkt,14,5,258,9,3,mom
2013-07-01_to_2016-07-01,2013-07-01,2016-07-01,"hml,smb,mom",mkt,14,5,258,9,4,mom
2013-07-01_to_2016-07-01,2013-07-01,2016-07-01,"hml,smb,mom",mkt,14,5,258,9,5,mom
2013-07-01_to_2016-07-01,2013-07-01,2016-07-01,"hml,smb,mom",mkt,14,5,258,9,6,smb
2013-07-01_to_2016-07-01,2013-07-01,2016-07-01,"hml,smb,mom",mkt,14,5,258,9,7,mom
2013-07-01_to_2016-07-01,2013-07-01,2016-07-01,"hml,smb,mom",mkt,14,5,258,9,8,hml
2013-07-01_to_2016-07-01,2013-07-01,2016-07-01,"hml,smb,mom",mkt,14,5,258,9,9,smb
2013-07-01_to_2016-07-01,2013-07-01,2016-07-01,"hml,smb,mom",mkt,14,5,260,10,1,mom
2013-07-01_to_2016-07-01,2013-07-01,2016-07-01,"hml,smb,mom",mkt,14,5,260,10,2,mom
2013-07-01_to_2016-07-01,2013-07-01,2016-07-01,"hml,smb,mom",mkt,14,5,260,10,3,mom
2013-07-01_to_2016-07-01,2013-07-01,2016-07-01,"hml,smb,mom",mkt,14,5,260,10,4,mom
2013-07-01_to_2016-07-01,2013-07-01,2016-07-01,"hml,smb,mom",mkt,14,5,260,10,5,mom
2013-07-01_to_2016-07-01,2013-07-01,2016-07-01,"hml,smb,mom",mkt,14,5,260,10,6,smb
2013-07-01_to_2016-07-01,2013-07-01,2016-07-01,"hml,smb,mom",mkt,14,5,260,10,7,mom
2013-07-01_to_2016-07-01,2013-07-01,2016-07-01,"hml,smb,mom",mkt,14,5,260,10,8,hml
2013-07-01_to_2016-07-01,2013-07-01,2016-07-01,"hml,smb,mom",mkt,14,5,260,10,9,smb
2013-07-01_to_2016-07-01,2013-07-01,2016-07-01,"hml,smb,mom",mkt,14,5,260,10,10,smb
2013-07-01_to_2016-07-01,2013-07-01,2016-07-01,"hml,smb,mom",mkt,14,5,263,12,1,mom
2013-07-01_to_2016-07-01,2013-07-01,2016-07-01,"hml,smb,mom",mkt,14,5,263,12,2,mom
2013-07-01_to_2016-07-01,2013-07-01,2016-07-01,"hml,smb,mom",mkt,14,5,263,12,3,mom
2013-07-01_to_2016-07-01,2013-07-01,2016-07-01,"hml,smb,mom",mkt,14,5,263,12,4,mom
2013-07-01_to_2016-07-01,2013-07-01,2016-07-01,"hml,smb,mom",mkt,14,5,263,12,5,mom
2013-07-01_to_2016-07-01,2013-07-01,2016-07-01,"hml,smb,mom",mkt,14,5,263,12,6,smb
2013-07-01_to_2016-07-01,2013-07-01,2016-07-01,"hml,smb,mom",mkt,14,5,263,12,7,mom
2013-07-01_to_2016-07-01,2013-07-01,2016-07-01,"hml,smb,mom",mkt,14,5,263,12,8,hml
2013-07-01_to_2016-07-01,2013-07-01,2016-07-01,"hml,smb,mom",mkt,14,5,263,12,9,smb
2013-07-01_to_2016-07-01,2013-07-01,2016-07-01,"hml,smb,mom",mkt,14,5,263,12,10,smb
2013-07-01_to_2016-07-01,2013-07-01,2016-07-01,"hml,smb,mom",mkt,14,5,263,12,11,smb
2013-07-01_to_2016-07-01,2013-07-01,2016-07-01,"hml,smb,mom",mkt,14,5,263,12,12,mom
2013-07-01_to_2016-07-01,2013-07-01,2016-07-01,"hml,smb,mom",mkt,14,5,264,12,1,mom
2013-07-01_to_2016-07-01,2013-07-01,2016-07-01,"hml,smb,mom",mkt,14,5,264,12,2,mom
2013-07-01_to_2016-07-01,2013-07-01,2016-07-01,"hml,smb,mom",mkt,14,5,264,12,3,mom
2013-07-01_to_2016-07-01,2013-07-01,2016-07-01,"hml,smb,mom",mkt,14,5,264,12,4,mom
2013-07-01_to_2016-07-01,2013-07-01,2016-07-01,"hml,smb,mom",mkt,14,5,264,12,5,mom
2013-07-01_to_2016-07-01,2013-07-01,2016-07-01,"hml,smb,mom",mkt,14,5,264,12,6,smb
2013-07-01_to_2016-07-01,2013-07-01,2016-07-01,"hml,smb,mom",mkt,14,5,264,12,7,mom
2013-07-01_to_2016-07-01,2013-07-01,2016-07-01,"hml,smb,mom",mkt,14,5,264,12,8,hml
2013-07-01_to_2016-07-01,2013-07-01,2016-07-01,"hml,smb,mom",mkt,14,5,264,12,9,smb
2013-07-01_to_2016-07-01,2013-07-01,2016-07-01,"hml,smb,mom",mkt,14,5,264,12,10,smb
2013-07-01_to_2016-07-01,2013-07-01,2016-07-01,"hml,smb,mom",mkt,14,5,264,12,11,smb
2013-07-01_to_2016-07-01,2013-07-01,2016-07-01,"hml,smb,mom",mkt,14,5,264,12,12,mom
2013-07-01_to_2016-07-01,2013-07-01,2016-07-01,"hml,smb,mom",mkt,14,5,265,11,1,mom
2013-07-01_to_2016-07-01,2013-07-01,2016-07-01,"hml,smb,mom",mkt,14,5,265,11,2,mom
2013-07-01_to_2016-07-01,2013-07-01,2016-07-01,"hml,smb,mom",mkt,14,5,265,11,3,mom
2013-07-01_to_2016-07-01,2013-07-01,2016-07-01,"hml,smb,mom",mkt,14,5,265,11,4,mom
2013-07-01_to_2016-07-01,2013-07-01,2016-07-01,"hml,smb,mom",mkt,14,5,265,11,5,mom
2013-07-01_to_2016-07-01,2013-07-01,2016-07-01,"hml,smb,mom",mkt,14,5,265,11,6,smb
2013-07-01_to_2016-07-01,2013-07-01,2016-07-01,"hml,smb,mom",mkt,14,5,265,11,7,mom
2013-07-01_to_2016-07-01,2013-07-01,2016-07-01,"hml,smb,mom",mkt,14,5,265,11,8,hml
2013-07-01_to_2016-07-01,2013-07-01,2016-07-01,"hml,smb,mom",mkt,14,5,265,11,9,smb
2013-07-01_to_2016-07-01,2013-07-01,2016-07-01,"hml,smb,mom",mkt,14,5,265,11,10,smb
2013-07-01_to_2016-07-01,2013-07-01,2016-07-01,"hml,smb,mom",mkt,14,5,265,11,11,smb
2013-07-01_to_2016-07-01,2013-07-01,2016-07-01,"hml,smb,mom",mkt,14,5,268,9,1,mom
2013-07-01_to_2016-07-01,2013-07-01,2016-07-01,"hml,smb,mom",mkt,14,5,268,9,2,mom
2013-07-01_to_2016-07-01,2013-07-01,2016-07-01,"hml,smb,mom",mkt,14,5,268,9,3,mom
2013-07-01_to_2016-07-01,2013-07-01,2016-07-01,"hml,smb,mom",mkt,14,5,268,9,4,mom
2013-07-01_to_2016-07-01,2013-07-01,2016-07-01,"hml,smb,mom",mkt,14,5,268,9,5,mom
2013-07-01_to_2016-07-01,2013-07-01,2016-07-01,"hml,smb,mom",mkt,14,5,268,9,6,smb
2013-07-01_to_2016-07-01,2013-07-01,2016-07-01,"hml,smb,mom",mkt,14,5,268,9,7,mom
2013-07-01_to_2016-07-01,2013-07-01,2016-07-01,"hml,smb,mom",mkt,14,5,268,9,8,mom
2013-07-01_to_2016-07-01,2013-07-01,2016-07-01,"hml,smb,mom",mkt,14,5,268,9,9,smb
2013-07-01_to_2016-07-01,2013-07-01,2016-07-01,"hml,smb,mom",mkt,14,5,272,12,1,mom
2013-07-01_to_2016-07-01,2013-07-01,2016-07-01,"hml,smb,mom",mkt,14,5,272,12,2,mom
2013-07-01_to_2016-07-01,2013-07-01,2016-07-01,"hml,smb,mom",mkt,14,5,272,12,3,mom
2013-07-01_to_2016-07-01,2013-07-01,2016-07-01,"hml,smb,mom",mkt,14,5,272,12,4,mom
2013-07-01_to_2016-07-01,2013-07-01,2016-07-01,"hml,smb,mom",mkt,14,5,272,12,5,mom
2013-07-01_to_2016-07-01,2013-07-01,2016-07-01,"hml,smb,mom",mkt,14,5,272,12,6,smb
2013-07-01_to_2016-07-01,2013-07-01,2016-07-01,"hml,smb,mom",mkt,14,5,272,12,7,mom
2013-07-01_to_2016-07-01,2013-07-01,2016-07-01,"hml,smb,mom",mkt,14,5,272,12,8,mom
2013-07-01_to_2016-07-01,2013-07-01,2016-07-01,"hml,smb,mom",mkt,14,5,272,12,9,smb
2013-07-01_to_2016-07-01,2013-07-01,2016-07-01,"hml,smb,mom",mkt,14,5,272,12,10,hml
2013-07-01_to_2016-07-01,2013-07-01,2016-07-01,"hml,smb,mom",mkt,14,5,272,12,11,smb
2013-07-01_to_2016-07-01,2013-07-01,2016-07-01,"hml,smb,mom",mkt,14,5,272,12,12,smb
2013-07-01_to_2016-07-01,2013-07-01,2016-07-01,"hml,smb,mom",mkt,14,5,273,12,1,mom
2013-07-01_to_2016-07-01,2013-07-01,2016-07-01,"hml,smb,mom",mkt,14,5,273,12,2,mom
2013-07-01_to_2016-07-01,2013-07-01,2016-07-01,"hml,smb,mom",mkt,14,5,273,12,3,mom
2013-07-01_to_2016-07-01,2013-07-01,2016-07-01,"hml,smb,mom",mkt,14,5,273,12,4,mom
2013-07-01_to_2016-07-01,2013-07-01,2016-07-01,"hml,smb,mom",mkt,14,5,273,12,5,mom
2013-07-01_to_2016-07-01,2013-07-01,2016-07-01,"hml,smb,mom",mkt,14,5,273,12,6,smb
2013-07-01_to_2016-07-01,2013-07-01,2016-07-01,"hml,smb,mom",mkt,14,5,273,12,7,mom
2013-07-01_to_2016-07-01,2013-07-01,2016-07-01,"hml,smb,mom",mkt,14,5,273,12,8,mom
2013-07-01_to_2016-07-01,2013-07-01,2016-07-01,"hml,smb,mom",mkt,14,5,273,12,9,smb
2013-07-01_to_2016-07-01,2013-07-01,2016-07-01,"hml,smb,mom",mkt,14,5,273,12,10,hml
2013-07-01_to_2016-07-01,2013-07-01,2016-07-01,"hml,smb,mom",mkt,14,5,273,12,11,smb
2013-07-01_to_2016-07-01,2013-07-01,2016-07-01,"hml,smb,mom",mkt,14,5,273,12,12,smb
2013-07-01_to_2016-07-01,2013-07-01,2016-07-01,"hml,smb,mom",mkt,14,5,274,11,1,mom
2013-07-01_to_2016-07-01,2013-07-01,2016-07-01,"hml,smb,mom",mkt,14,5,274,11,2,mom
2013-07-01_to_2016-07-01,2013-07-01,2016-07-01,"hml,smb,mom",mkt,14,5,274,11,3,mom
2013-07-01_to_2016-07-01,2013-07-01,2016-07-01,"hml,smb,mom",mkt,14,5,274,11,4,mom
2013-07-01_to_2016-07-01,2013-07-01,2016-07-01,"hml,smb,mom",mkt,14,5,274,11,5,mom
2013-07-01_to_2016-07-01,2013-07-01,2016-07-01,"hml,smb,mom",mkt,14,5,274,11,6,smb
2013-07-01_to_2016-07-01,2013-07-01,2016-07-01,"hml,smb,mom",mkt,14,5,274,11,7,mom
2013-07-01_to_2016-07-01,2013-07-01,2016-07-01,"hml,smb,mom",mkt,14,5,274,11,8,mom
2013-07-01_to_2016-07-01,2013-07-01,2016-07-01,"hml,smb,mom",mkt,14,5,274,11,9,smb
2013-07-01_to_2016-07-01,2013-07-01,2016-07-01,"hml,smb,mom",mkt,14,5,274,11,10,hml
2013-07-01_to_2016-07-01,2013-07-01,2016-07-01,"hml,smb,mom",mkt,14,5,274,11,11,smb
2013-07-01_to_2016-07-01,2013-07-01,2016-07-01,"hml,smb,mom",mkt,14,5,275,10,1,mom
2013-07-01_to_2016-07-01,2013-07-01,2016-07-01,"hml,smb,mom",mkt,14,5,275,10,2,mom
2013-07-01_to_2016-07-01,2013-07-01,2016-07-01,"hml,smb,mom",mkt,14,5,275,10,3,mom
2013-07-01_to_2016-07-01,2013-07-01,2016-07-01,"hml,smb,mom",mkt,14,5,275,10,4,mom
2013-07-01_to_2016-07-01,2013-07-01,2016-07-01,"hml,smb,mom",mkt,14,5,275,10,5,mom
2013-07-01_to_2016-07-01,2013-07-01,2016-07-01,"hml,smb,mom",mkt,14,5,275,10,6,smb
2013-07-01_to_2016-07-01,2013-07-01,2016-07-01,"hml,smb,mom",mkt,14,5,275,10,7,mom
2013-07-01_to_2016-07-01,2013-07-01,2016-07-01,"hml,smb,mom",mkt,14,5,275,10,8,mom
2013-07-01_to_2016-07-01,2013-07-01,2016-07-01,"hml,smb,mom",mkt,14,5,275,10,9,smb
2013-07-01_to_2016-07-01,2013-07-01,2016-07-01,"hml,smb,mom",mkt,14,5,275,10,10,hml
2013-07-01_to_2016-07-01,2013-07-01,2016-07-01,"hml,smb,mom",mkt,14,5,279,11,1,mom
2013-07-01_to_2016-07-01,2013-07-01,2016-07-01,"hml,smb,mom",mkt,14,5,279,11,2,mom
2013-07-01_to_2016-07-01,2013-07-01,2016-07-01,"hml,smb,mom",mkt,14,5,279,11,3,mom
2013-07-01_to_2016-07-01,2013-07-01,2016-07-01,"hml,smb,mom",mkt,14,5,279,11,4,mom
2013-07-01_to_2016-07-01,2013-07-01,2016-07-01,"hml,smb,mom",mkt,14,5,279,11,5,mom
2013-07-01_to_2016-07-01,2013-07-01,2016-07-01,"hml,smb,mom",mkt,14,5,279,11,6,smb
2013-07-01_to_2016-07-01,2013-07-01,2016-07-01,"hml,smb,mom",mkt,14,5,279,11,7,mom
2013-07-01_to_2016-07-01,2013-07-01,2016-07-01,"hml,smb,mom",mkt,14,5,279,11,8,mom
2013-07-01_to_2016-07-01,2013-07-01,2016-07-01,"hml,smb,mom",mkt,14,5,279,11,9,smb
2013-07-01_to_2016-07-01,2013-07-01,2016-07-01,"hml,smb,mom",mkt,14,5,279,11,10,hml
2013-07-01_to_2016-07-01,2013-07-01,2016-07-01,"hml,smb,mom",mkt,14,5,279,11,11,smb
2013-07-01_to_2016-07-01,2013-07-01,2016-07-01,"hml,smb,mom",mkt,14,5,280,11,1,mom
2013-07-01_to_2016-07-01,2013-07-01,2016-07-01,"hml,smb,mom",mkt,14,5,280,11,2,mom
2013-07-01_to_2016-07-01,2013-07-01,2016-07-01,"hml,smb,mom",mkt,14,5,280,11,3,mom
2013-07-01_to_2016-07-01,2013-07-01,2016-07-01,"hml,smb,mom",mkt,14,5,280,11,4,mom
2013-07-01_to_2016-07-01,2013-07-01,2016-07-01,"hml,smb,mom",mkt,14,5,280,11,5,mom
2013-07-01_to_2016-07-01,2013-07-01,2016-07-01,"hml,smb,mom",mkt,14,5,280,11,6,smb
2013-07-01_to_2016-07-01,2013-07-01,2016-07-01,"hml,smb,mom",mkt,14,5,280,11,7,mom
2013-07-01_to_2016-07-01,2013-07-01,2016-07-01,"hml,smb,mom",mkt,14,5,280,11,8,mom
2013-07-01_to_2016-07-01,2013-07-01,2016-07-01,"hml,smb,mom",mkt,14,5,280,11,9,smb
2013-07-01_to_2016-07-01,2013-07-01,2016-07-01,"hml,smb,mom",mkt,14,5,280,11,10,hml
2013-07-01_to_2016-07-01,2013-07-01,2016-07-01,"hml,smb,mom",mkt,14,5,280,11,11,smb
2013-07-01_to_2016-07-01,2013-07-01,2016-07-01,"hml,smb,mom",mkt,14,5,281,10,1,mom
2013-07-01_to_2016-07-01,2013-07-01,2016-07-01,"hml,smb,mom",mkt,14,5,281,10,2,mom
2013-07-01_to_2016-07-01,2013-07-01,2016-07-01,"hml,smb,mom",mkt,14,5,281,10,3,mom
2013-07-01_to_2016-07-01,2013-07-01,2016-07-01,"hml,smb,mom",mkt,14,5,281,10,4,mom
2013-07-01_to_2016-07-01,2013-07-01,2016-07-01,"hml,smb,mom",mkt,14,5,281,10,5,mom
2013-07-01_to_2016-07-01,2013-07-01,2016-07-01,"hml,smb,mom",mkt,14,5,281,10,6,smb
2013-07-01_to_2016-07-01,2013-07-01,2016-07-01,"hml,smb,mom",mkt,14,5,281,10,7,mom
2013-07-01_to_2016-07-01,2013-07-01,2016-07-01,"hml,smb,mom",mkt,14,5,281,10,8,mom
2013-07-01_to_2016-07-01,2013-07-01,2016-07-01,"hml,smb,mom",mkt,14,5,281,10,9,smb
2013-07-01_to_2016-07-01,2013-07-01,2016-07-01,"hml,smb,mom",mkt,14,5,281,10,10,hml
2013-07-01_to_2016-07-01,2013-07-01,2016-07-01,"hml,smb,mom",mkt,14,5,282,9,1,mom
2013-07-01_to_2016-07-01,2013-07-01,2016-07-01,"hml,smb,mom",mkt,14,5,282,9,2,mom
2013-07-01_to_2016-07-01,2013-07-01,2016-07-01,"hml,smb,mom",mkt,14,5,282,9,3,mom
2013-07-01_to_2016-07-01,2013-07-01,2016-07-01,"hml,smb,mom",mkt,14,5,282,9,4,mom
2013-07-01_to_2016-07-01,2013-07-01,2016-07-01,"hml,smb,mom",mkt,14,5,282,9,5,mom
2013-07-01_to_2016-07-01,2013-07-01,2016-07-01,"hml,smb,mom",mkt,14,5,282,9,6,smb
2013-07-01_to_2016-07-01,2013-07-01,2016-07-01,"hml,smb,mom",mkt,14,5,282,9,7,mom
2013-07-01_to_2016-07-01,2013-07-01,2016-07-01,"hml,smb,mom",mkt,14,5,282,9,8,mom
2013-07-01_to_2016-07-01,2013-07-01,2016-07-01,"hml,smb,mom",mkt,14,5,282,9,9,smb
2013-07-01_to_2016-07-01,2013-07-01,2016-07-01,"hml,smb,mom",mkt,14,5,286,9,1,mom
2013-07-01_to_2016-07-01,2013-07-01,2016-07-01,"hml,smb,mom",mkt,14,5,286,9,2,mom
2013-07-01_to_2016-07-01,2013-07-01,2016-07-01,"hml,smb,mom",mkt,14,5,286,9,3,mom
2013-07-01_to_2016-07-01,2013-07-01,2016-07-01,"hml,smb,mom",mkt,14,5,286,9,4,mom
2013-07-01_to_2016-07-01,2013-07-01,2016-07-01,"hml,smb,mom",mkt,14,5,286,9,5,mom
2013-07-01_to_2016-07-01,2013-07-01,2016-07-01,"hml,smb,mom",mkt,14,5,286,9,6,smb
2013-07-01_to_2016-07-01,2013-07-01,2016-07-01,"hml,smb,mom",mkt,14,5,286,9,7,mom
2013-07-01_to_2016-07-01,2013-07-01,2016-07-01,"hml,smb,mom",mkt,14,5,286,9,8,mom
2013-07-01_to_2016-07-01,2013-07-01,2016-07-01,"hml,smb,mom",mkt,14,5,286,9,9,hml
2013-07-01_to_2016-07-01,2013-07-01,2016-07-01,"hml,smb,mom",mkt,14,5,287,9,1,mom
2013-07-01_to_2016-07-01,2013-07-01,2016-07-01,"hml,smb,mom",mkt,14,5,287,9,2,mom
2013-07-01_to_2016-07-01,2013-07-01,2016-07-01,"hml,smb,mom",mkt,14,5,287,9,3,mom
2013-07-01_to_2016-07-01,2013-07-01,2016-07-01,"hml,smb,mom",mkt,14,5,287,9,4,mom
2013-07-01_to_2016-07-01,2013-07-01,2016-07-01,"hml,smb,mom",mkt,14,5,287,9,5,mom
2013-07-01_to_2016-07-01,2013-07-01,2016-07-01,"hml,smb,mom",mkt,14,5,287,9,6,smb
2013-07-01_to_2016-07-01,2013-07-01,2016-07-01,"hml,smb,mom",mkt,14,5,287,9,7,mom
2013-07-01_to_2016-07-01,2013-07-01,2016-07-01,"hml,smb,mom",mkt,14,5,287,9,8,mom
2013-07-01_to_2016-07-01,2013-07-01,2016-07-01,"hml,smb,mom",mkt,14,5,287,9,9,hml
2013-07-01_to_2016-07-01,2013-07-01,2016-07-01,"hml,smb,mom",mkt,14,5,290,10,1,mom
2013-07-01_to_2016-07-01,2013-07-01,2016-07-01,"hml,smb,mom",mkt,14,5,290,10,2,mom
2013-07-01_to_2016-07-01,2013-07-01,2016-07-01,"hml,smb,mom",mkt,14,5,290,10,3,mom
2013-07-01_to_2016-07-01,2013-07-01,2016-07-01,"hml,smb,mom",mkt,14,5,290,10,4,mom
2013-07-01_to_2016-07-01,2013-07-01,2016-07-01,"hml,smb,mom",mkt,14,5,290,10,5,mom
2013-07-01_to_2016-07-01,2013-07-01,2016-07-01,"hml,smb,mom",mkt,14,5,290,10,6,smb
2013-07-01_to_2016-07-01,2013-07-01,2016-07-01,"hml,smb,mom",mkt,14,5,290,10,7,mom
2013-07-01_to_2016-07-01,2013-07-01,2016-07-01,"hml,smb,mom",mkt,14,5,290,10,8,mom
2013-07-01_to_2016-07-01,2013-07-01,2016-07-01,"hml,smb,mom",mkt,14,5,290,10,9,hml
2013-07-01_to_2016-07-01,2013-07-01,2016-07-01,"hml,smb,mom",mkt,14,5,290,10,10,smb
2013-07-01_to_2016-07-01,2013-07-01,2016-07-01,"hml,smb,mom",mkt,14,5,291,10,1,mom
2013-07-01_to_2016-07-01,2013-07-01,2016-07-01,"hml,smb,mom",mkt,14,5,291,10,2,mom
2013-07-01_to_2016-07-01,2013-07-01,2016-07-01,"hml,smb,mom",mkt,14,5,291,10,3,mom
2013-07-01_to_2016-07-01,2013-07-01,2016-07-01,"hml,smb,mom",mkt,14,5,291,10,4,mom
2013-07-01_to_2016-07-01,2013-07-01,2016-07-01,"hml,smb,mom",mkt,14,5,291,10,5,mom
2013-07-01_to_2016-07-01,2013-07-01,2016-07-01,"hml,smb,mom",mkt,14,5,291,10,6,smb
2013-07-01_to_2016-07-01,2013-07-01,2016-07-01,"hml,smb,mom",mkt,14,5,291,10,7,mom
2013-07-01_to_2016-07-01,2013-07-01,2016-07-01,"hml,smb,mom",mkt,14,5,291,10,8,mom
2013-07-01_to_2016-07-01,2013-07-01,2016-07-01,"hml,smb,mom",mkt,14,5,291,10,9,hml
2013-07-01_to_2016-07-01,2013-07-01,2016-07-01,"hml,smb,mom",mkt,14,5,291,10,10,smb
2013-07-01_to_2016-07-01,2013-07-01,2016-07-01,"hml,smb,mom",mkt,14,5,292,9,1,mom
2013-07-01_to_2016-07-01,2013-07-01,2016-07-01,"hml,smb,mom",mkt,14,5,292,9,2,mom
2013-07-01_to_2016-07-01,2013-07-01,2016-07-01,"hml,smb,mom",mkt,14,5,292,9,3,mom
2013-07-01_to_2016-07-01,2013-07-01,2016-07-01,"hml,smb,mom",mkt,14,5,292,9,4,mom
2013-07-01_to_2016-07-01,2013-07-01,2016-07-01,"hml,smb,mom",mkt,14,5,292,9,5,mom
2013-07-01_to_2016-07-01,2013-07-01,2016-07-01,"hml,smb,mom",mkt,14,5,292,9,6,smb
2013-07-01_to_2016-07-01,2013-07-01,2016-07-01,"hml,smb,mom",mkt,14,5,292,9,7,mom
2013-07-01_to_2016-07-01,2013-07-01,2016-07-01,"hml,smb,mom",mkt,14,5,292,9,8,mom
2013-07-01_to_2016-07-01,2013-07-01,2016-07-01,"hml,smb,mom",mkt,14,5,292,9,9,hml
2013-07-01_to_2016-07-01,2013-07-01,2016-07-01,"hml,smb,mom",mkt,14,5,293,7,1,mom
2013-07-01_to_2016-07-01,2013-07-01,2016-07-01,"hml,smb,mom",mkt,14,5,293,7,2,mom
2013-07-01_to_2016-07-01,2013-07-01,2016-07-01,"hml,smb,mom",mkt,14,5,293,7,3,mom
2013-07-01_to_2016-07-01,2013-07-01,2016-07-01,"hml,smb,mom",mkt,14,5,293,7,4,mom
2013-07-01_to_2016-07-01,2013-07-01,2016-07-01,"hml,smb,mom",mkt,14,5,293,7,5,mom
2013-07-01_to_2016-07-01,2013-07-01,2016-07-01,"hml,smb,mom",mkt,14,5,293,7,6,smb
2013-07-01_to_2016-07-01,2013-07-01,2016-07-01,"hml,smb,mom",mkt,14,5,293,7,7,mom
2013-07-01_to_2016-07-01,2013-07-01,2016-07-01,"hml,smb,mom",mkt,14,5,297,8,1,mom
2013-07-01_to_2016-07-01,2013-07-01,2016-07-01,"hml,smb,mom",mkt,14,5,297,8,2,mom
2013-07-01_to_2016-07-01,2013-07-01,2016-07-01,"hml,smb,mom",mkt,14,5,297,8,3,mom
2013-07-01_to_2016-07-01,2013-07-01,2016-07-01,"hml,smb,mom",mkt,14,5,297,8,4,mom
2013-07-01_to_2016-07-01,2013-07-01,2016-07-01,"hml,smb,mom",mkt,14,5,297,8,5,mom
2013-07-01_to_2016-07-01,2013-07-01,2016-07-01,"hml,smb,mom",mkt,14,5,297,8,6,hml
2013-07-01_to_2016-07-01,2013-07-01,2016-07-01,"hml,smb,mom",mkt,14,5,297,8,7,mom
2013-07-01_to_2016-07-01,2013-07-01,2016-07-01,"hml,smb,mom",mkt,14,5,297,8,8,smb
2013-07-01_to_2016-07-01,2013-07-01,2016-07-01,"hml,smb,mom",mkt,14,5,298,8,1,mom
2013-07-01_to_2016-07-01,2013-07-01,2016-07-01,"hml,smb,mom",mkt,14,5,298,8,2,mom
2013-07-01_to_2016-07-01,2013-07-01,2016-07-01,"hml,smb,mom",mkt,14,5,298,8,3,mom
2013-07-01_to_2016-07-01,2013-07-01,2016-07-01,"hml,smb,mom",mkt,14,5,298,8,4,mom
2013-07-01_to_2016-07-01,2013-07-01,2016-07-01,"hml,smb,mom",mkt,14,5,298,8,5,mom
2013-07-01_to_2016-07-01,2013-07-01,2016-07-01,"hml,smb,mom",mkt,14,5,298,8,6,hml
2013-07-01_to_2016-07-01,2013-07-01,2016-07-01,"hml,smb,mom",mkt,14,5,298,8,7,mom
2013-07-01_to_2016-07-01,2013-07-01,2016-07-01,"hml,smb,mom",mkt,14,5,298,8,8,smb
2013-07-01_to_2016-07-01,2013-07-01,2016-07-01,"hml,smb,mom",mkt,14,5,299,7,1,mom
2013-07-01_to_2016-07-01,2013-07-01,2016-07-01,"hml,smb,mom",mkt,14,5,299,7,2,mom
2013-07-01_to_2016-07-01,2013-07-01,2016-07-01,"hml,smb,mom",mkt,14,5,299,7,3,mom
2013-07-01_to_2016-07-01,2013-07-01,2016-07-01,"hml,smb,mom",mkt,14,5,299,7,4,mom
2013-07-01_to_2016-07-01,2013-07-01,2016-07-01,"hml,smb,mom",mkt,14,5,299,7,5,mom
2013-07-01_to_2016-07-01,2013-07-01,2016-07-01,"hml,smb,mom",mkt,14,5,299,7,6,hml
2013-07-01_to_2016-07-01,2013-07-01,2016-07-01,"hml,smb,mom",mkt,14,5,299,7,7,mom
2013-07-01_to_2016-07-01,2013-07-01,2016-07-01,"hml,smb,mom",mkt,14,5,302,8,1,mom
2013-07-01_to_2016-07-01,2013-07-01,2016-07-01,"hml,smb,mom",mkt,14,5,302,8,2,mom
2013-07-01_to_2016-07-01,2013-07-01,2016-07-01,"hml,smb,mom",mkt,14,5,302,8,3,mom
2013-07-01_to_2016-07-01,2013-07-01,2016-07-01,"hml,smb,mom",mkt,14,5,302,8,4,mom
2013-07-01_to_2016-07-01,2013-07-01,2016-07-01,"hml,smb,mom",mkt,14,5,302,8,5,mom
2013-07-01_to_2016-07-01,2013-07-01,2016-07-01,"hml,smb,mom",mkt,14,5,302,8,6,hml
2013-07-01_to_2016-07-01,2013-07-01,2016-07-01,"hml,smb,mom",mkt,14,5,302,8,7,smb
2013-07-01_to_2016-07-01,2013-07-01,2016-07-01,"hml,smb,mom",mkt,14,5,302,8,8,hml
2013-07-01_to_2016-07-01,2013-07-01,2016-07-01,"hml,smb,mom",mkt,14,5,303,8,1,mom
2013-07-01_to_2016-07-01,2013-07-01,2016-07-01,"hml,smb,mom",mkt,14,5,303,8,2,mom
2013-07-01_to_2016-07-01,2013-07-01,2016-07-01,"hml,smb,mom",mkt,14,5,303,8,3,mom
2013-07-01_to_2016-07-01,2013-07-01,2016-07-01,"hml,smb,mom",mkt,14,5,303,8,4,mom
2013-07-01_to_2016-07-01,2013-07-01,2016-07-01,"hml,smb,mom",mkt,14,5,303,8,5,mom
2013-07-01_to_2016-07-01,2013-07-01,2016-07-01,"hml,smb,mom",mkt,14,5,303,8,6,hml
2013-07-01_to_2016-07-01,2013-07-01,2016-07-01,"hml,smb,mom",mkt,14,5,303,8,7,smb
2013-07-01_to_2016-07-01,2013-07-01,2016-07-01,"hml,smb,mom",mkt,14,5,303,8,8,hml
2013-07-01_to_2016-07-01,2013-07-01,2016-07-01,"hml,smb,mom",mkt,14,5,306,9,1,mom
2013-07-01_to_2016-07-01,2013-07-01,2016-07-01,"hml,smb,mom",mkt,14,5,306,9,2,mom
2013-07-01_to_2016-07-01,2013-07-01,2016-07-01,"hml,smb,mom",mkt,14,5,306,9,3,mom
2013-07-01_to_2016-07-01,2013-07-01,2016-07-01,"hml,smb,mom",mkt,14,5,306,9,4,mom
2013-07-01_to_2016-07-01,2013-07-01,2016-07-01,"hml,smb,mom",mkt,14,5,306,9,5,mom
2013-07-01_to_2016-07-01,2013-07-01,2016-07-01,"hml,smb,mom",mkt,14,5,306,9,6,hml
2013-07-01_to_2016-07-01,2013-07-01,2016-07-01,"hml,smb,mom",mkt,14,5,306,9,7,smb
2013-07-01_to_2016-07-01,2013-07-01,2016-07-01,"hml,smb,mom",mkt,14,5,306,9,8,smb
2013-07-01_to_2016-07-01,2013-07-01,2016-07-01,"hml,smb,mom",mkt,14,5,306,9,9,hml
2013-07-01_to_2016-07-01,2013-07-01,2016-07-01,"hml,smb,mom",mkt,14,5,307,9,1,mom
2013-07-01_to_2016-07-01,2013-07-01,2016-07-01,"hml,smb,mom",mkt,14,5,307,9,2,mom
2013-07-01_to_2016-07-01,2013-07-01,2016-07-01,"hml,smb,mom",mkt,14,5,307,9,3,mom
2013-07-01_to_2016-07-01,2013-07-01,2016-07-01,"hml,smb,mom",mkt,14,5,307,9,4,mom
2013-07-01_to_2016-07-01,2013-07-01,2016-07-01,"hml,smb,mom",mkt,14,5,307,9,5,mom
2013-07-01_to_2016-07-01,2013-07-01,2016-07-01,"hml,smb,mom",mkt,14,5,307,9,6,hml
2013-07-01_to_2016-07-01,2013-07-01,2016-07-01,"hml,smb,mom",mkt,14,5,307,9,7,smb
2013-07-01_to_2016-07-01,2013-07-01,2016-07-01,"hml,smb,mom",mkt,14,5,307,9,8,smb
2013-07-01_to_2016-07-01,2013-07-01,2016-07-01,"hml,smb,mom",mkt,14,5,307,9,9,hml
2013-07-01_to_2016-07-01,2013-07-01,2016-07-01,"hml,smb,mom",mkt,14,5,308,8,1,mom
2013-07-01_to_2016-07-01,2013-07-01,2016-07-01,"hml,smb,mom",mkt,14,5,308,8,2,mom
2013-07-01_to_2016-07-01,2013-07-01,2016-07-01,"hml,smb,mom",mkt,14,5,308,8,3,mom
2013-07-01_to_2016-07-01,2013-07-01,2016-07-01,"hml,smb,mom",mkt,14,5,308,8,4,mom
2013-07-01_to_2016-07-01,2013-07-01,2016-07-01,"hml,smb,mom",mkt,14,5,308,8,5,mom
2013-07-01_to_2016-07-01,2013-07-01,2016-07-01,"hml,smb,mom",mkt,14,5,308,8,6,hml
2013-07-01_to_2016-07-01,2013-07-01,2016-07-01,"hml,smb,mom",mkt,14,5,308,8,7,smb
2013-07-01_to_2016-07-01,2013-07-01,2016-07-01,"hml,smb,mom",mkt,14,5,308,8,8,smb
2013-07-01_to_2016-07-01,2013-07-01,2016-07-01,"hml,smb,mom",mkt,14,5,314,8,1,mom
2013-07-01_to_2016-07-01,2013-07-01,2016-07-01,"hml,smb,mom",mkt,14,5,314,8,2,mom
2013-07-01_to_2016-07-01,2013-07-01,2016-07-01,"hml,smb,mom",mkt,14,5,314,8,3,mom
2013-07-01_to_2016-07-01,2013-07-01,2016-07-01,"hml,smb,mom",mkt,14,5,314,8,4,mom
2013-07-01_to_2016-07-01,2013-07-01,2016-07-01,"hml,smb,mom",mkt,14,5,314,8,5,mom
2013-07-01_to_2016-07-01,2013-07-01,2016-07-01,"hml,smb,mom",mkt,14,5,314,8,6,mom
2013-07-01_to_2016-07-01,2013-07-01,2016-07-01,"hml,smb,mom",mkt,14,5,314,8,7,hml
2013-07-01_to_2016-07-01,2013-07-01,2016-07-01,"hml,smb,mom",mkt,14,5,314,8,8,mom
2013-07-01_to_2016-07-01,2013-07-01,2016-07-01,"hml,smb,mom",mkt,14,5,315,8,1,mom
2013-07-01_to_2016-07-01,2013-07-01,2016-07-01,"hml,smb,mom",mkt,14,5,315,8,2,mom
2013-07-01_to_2016-07-01,2013-07-01,2016-07-01,"hml,smb,mom",mkt,14,5,315,8,3,mom
2013-07-01_to_2016-07-01,2013-07-01,2016-07-01,"hml,smb,mom",mkt,14,5,315,8,4,mom
2013-07-01_to_2016-07-01,2013-07-01,2016-07-01,"hml,smb,mom",mkt,14,5,315,8,5,mom
2013-07-01_to_2016-07-01,2013-07-01,2016-07-01,"hml,smb,mom",mkt,14,5,315,8,6,mom
2013-07-01_to_2016-07-01,2013-07-01,2016-07-01,"hml,smb,mom",mkt,14,5,315,8,7,hml
2013-07-01_to_2016-07-01,2013-07-01,2016-07-01,"hml,smb,mom",mkt,14,5,315,8,8,mom
2013-07-01_to_2016-07-01,2013-07-01,2016-07-01,"hml,smb,mom",mkt,14,5,316,7,1,mom
2013-07-01_to_2016-07-01,2013-07-01,2016-07-01,"hml,smb,mom",mkt,14,5,316,7,2,mom
2013-07-01_to_2016-07-01,2013-07-01,2016-07-01,"hml,smb,mom",mkt,14,5,316,7,3,mom
2013-07-01_to_2016-07-01,2013-07-01,2016-07-01,"hml,smb,mom",mkt,14,5,316,7,4,mom
2013-07-01_to_2016-07-01,2013-07-01,2016-07-01,"hml,smb,mom",mkt,14,5,316,7,5,mom
2013-07-01_to_2016-07-01,2013-07-01,2016-07-01,"hml,smb,mom",mkt,14,5,316,7,6,mom
2013-07-01_to_2016-07-01,2013-07-01,2016-07-01,"hml,smb,mom",mkt,14,5,316,7,7,hml
2013-07-01_to_2016-07-01,2013-07-01,2016-07-01,"hml,smb,mom",mkt,14,5,320,9,1,mom
2013-07-01_to_2016-07-01,2013-07-01,2016-07-01,"hml,smb,mom",mkt,14,5,320,9,2,mom
2013-07-01_to_2016-07-01,2013-07-01,2016-07-01,"hml,smb,mom",mkt,14,5,320,9,3,mom
2013-07-01_to_2016-07-01,2013-07-01,2016-07-01,"hml,smb,mom",mkt,14,5,320,9,4,mom
2013-07-01_to_2016-07-01,2013-07-01,2016-07-01,"hml,smb,mom",mkt,14,5,320,9,5,mom
2013-07-01_to_2016-07-01,2013-07-01,2016-07-01,"hml,smb,mom",mkt,14,5,320,9,6,mom
2013-07-01_to_2016-07-01,2013-07-01,2016-07-01,"hml,smb,mom",mkt,14,5,320,9,7,hml
2013-07-01_to_2016-07-01,2013-07-01,2016-07-01,"hml,smb,mom",mkt,14,5,320,9,8,hml
2013-07-01_to_2016-07-01,2013-07-01,2016-07-01,"hml,smb,mom",mkt,14,5,320,9,9,hml
2013-07-01_to_2016-07-01,2013-07-01,2016-07-01,"hml,smb,mom",mkt,14,5,322,10,1,mom
2013-07-01_to_2016-07-01,2013-07-01,2016-07-01,"hml,smb,mom",mkt,14,5,322,10,2,mom
2013-07-01_to_2016-07-01,2013-07-01,2016-07-01,"hml,smb,mom",mkt,14,5,322,10,3,mom
2013-07-01_to_2016-07-01,2013-07-01,2016-07-01,"hml,smb,mom",mkt,14,5,322,10,4,mom
2013-07-01_to_2016-07-01,2013-07-01,2016-07-01,"hml,smb,mom",mkt,14,5,322,10,5,mom
2013-07-01_to_2016-07-01,2013-07-01,2016-07-01,"hml,smb,mom",mkt,14,5,322,10,6,mom
2013-07-01_to_2016-07-01,2013-07-01,2016-07-01,"hml,smb,mom",mkt,14,5,322,10,7,hml
2013-07-01_to_2016-07-01,2013-07-01,2016-07-01,"hml,smb,mom",mkt,14,5,322,10,8,hml
2013-07-01_to_2016-07-01,2013-07-01,2016-07-01,"hml,smb,mom",mkt,14,5,322,10,9,hml
2013-07-01_to_2016-07-01,2013-07-01,2016-07-01,"hml,smb,mom",mkt,14,5,322,10,10,smb
2013-07-01_to_2016-07-01,2013-07-01,2016-07-01,"hml,smb,mom",mkt,14,5,323,10,1,mom
2013-07-01_to_2016-07-01,2013-07-01,2016-07-01,"hml,smb,mom",mkt,14,5,323,10,2,mom
2013-07-01_to_2016-07-01,2013-07-01,2016-07-01,"hml,smb,mom",mkt,14,5,323,10,3,mom
2013-07-01_to_2016-07-01,2013-07-01,2016-07-01,"hml,smb,mom",mkt,14,5,323,10,4,mom
2013-07-01_to_2016-07-01,2013-07-01,2016-07-01,"hml,smb,mom",mkt,14,5,323,10,5,mom
2013-07-01_to_2016-07-01,2013-07-01,2016-07-01,"hml,smb,mom",mkt,14,5,323,10,6,mom
2013-07-01_to_2016-07-01,2013-07-01,2016-07-01,"hml,smb,mom",mkt,14,5,323,10,7,hml
2013-07-01_to_2016-07-01,2013-07-01,2016-07-01,"hml,smb,mom",mkt,14,5,323,10,8,hml
2013-07-01_to_2016-07-01,2013-07-01,2016-07-01,"hml,smb,mom",mkt,14,5,323,10,9,hml
2013-07-01_to_2016-07-01,2013-07-01,2016-07-01,"hml,smb,mom",mkt,14,5,323,10,10,smb
2013-07-01_to_2016-07-01,2013-07-01,2016-07-01,"hml,smb,mom",mkt,14,5,324,8,1,mom
2013-07-01_to_2016-07-01,2013-07-01,2016-07-01,"hml,smb,mom",mkt,14,5,324,8,2,mom
2013-07-01_to_2016-07-01,2013-07-01,2016-07-01,"hml,smb,mom",mkt,14,5,324,8,3,mom
2013-07-01_to_2016-07-01,2013-07-01,2016-07-01,"hml,smb,mom",mkt,14,5,324,8,4,mom
2013-07-01_to_2016-07-01,2013-07-01,2016-07-01,"hml,smb,mom",mkt,14,5,324,8,5,mom
2013-07-01_to_2016-07-01,2013-07-01,2016-07-01,"hml,smb,mom",mkt,14,5,324,8,6,mom
2013-07-01_to_2016-07-01,2013-07-01,2016-07-01,"hml,smb,mom",mkt,14,5,324,8,7,hml
2013-07-01_to_2016-07-01,2013-07-01,2016-07-01,"hml,smb,mom",mkt,14,5,324,8,8,hml
2013-07-01_to_2016-07-01,2013-07-01,2016-07-01,"hml,smb,mom",mkt,14,5,325,7,1,mom
2013-07-01_to_2016-07-01,2013-07-01,2016-07-01,"hml,smb,mom",mkt,14,5,325,7,2,mom
2013-07-01_to_2016-07-01,2013-07-01,2016-07-01,"hml,smb,mom",mkt,14,5,325,7,3,mom
2013-07-01_to_2016-07-01,2013-07-01,2016-07-01,"hml,smb,mom",mkt,14,5,325,7,4,mom
2013-07-01_to_2016-07-01,2013-07-01,2016-07-01,"hml,smb,mom",mkt,14,5,325,7,5,mom
2013-07-01_to_2016-07-01,2013-07-01,2016-07-01,"hml,smb,mom",mkt,14,5,325,7,6,mom
2013-07-01_to_2016-07-01,2013-07-01,2016-07-01,"hml,smb,mom",mkt,14,5,325,7,7,hml
2013-07-01_to_2016-07-01,2013-07-01,2016-07-01,"hml,smb,mom",mkt,14,5,329,8,1,mom
2013-07-01_to_2016-07-01,2013-07-01,2016-07-01,"hml,smb,mom",mkt,14,5,329,8,2,mom
2013-07-01_to_2016-07-01,2013-07-01,2016-07-01,"hml,smb,mom",mkt,14,5,329,8,3,mom
2013-07-01_to_2016-07-01,2013-07-01,2016-07-01,"hml,smb,mom",mkt,14,5,329,8,4,mom
2013-07-01_to_2016-07-01,2013-07-01,2016-07-01,"hml,smb,mom",mkt,14,5,329,8,5,mom
2013-07-01_to_2016-07-01,2013-07-01,2016-07-01,"hml,smb,mom",mkt,14,5,329,8,6,hml
2013-07-01_to_2016-07-01,2013-07-01,2016-07-01,"hml,smb,mom",mkt,14,5,329,8,7,hml
2013-07-01_to_2016-07-01,2013-07-01,2016-07-01,"hml,smb,mom",mkt,14,5,329,8,8,smb
2013-07-01_to_2016-07-01,2013-07-01,2016-07-01,"hml,smb,mom",mkt,14,5,330,8,1,mom
2013-07-01_to_2016-07-01,2013-07-01,2016-07-01,"hml,smb,mom",mkt,14,5,330,8,2,mom
2013-07-01_to_2016-07-01,2013-07-01,2016-07-01,"hml,smb,mom",mkt,14,5,330,8,3,mom
2013-07-01_to_2016-07-01,2013-07-01,2016-07-01,"hml,smb,mom",mkt,14,5,330,8,4,mom
2013-07-01_to_2016-07-01,2013-07-01,2016-07-01,"hml,smb,mom",mkt,14,5,330,8,5,mom
2013-07-01_to_2016-07-01,2013-07-01,2016-07-01,"hml,smb,mom",mkt,14,5,330,8,6,hml
2013-07-01_to_2016-07-01,2013-07-01,2016-07-01,"hml,smb,mom",mkt,14,5,330,8,7,hml
2013-07-01_to_2016-07-01,2013-07-01,2016-07-01,"hml,smb,mom",mkt,14,5,330,8,8,smb
2013-07-01_to_2016-07-01,2013-07-01,2016-07-01,"hml,smb,mom",mkt,14,5,331,7,1,mom
2013-07-01_to_2016-07-01,2013-07-01,2016-07-01,"hml,smb,mom",mkt,14,5,331,7,2,mom
2013-07-01_to_2016-07-01,2013-07-01,2016-07-01,"hml,smb,mom",mkt,14,5,331,7,3,mom
2013-07-01_to_2016-07-01,2013-07-01,2016-07-01,"hml,smb,mom",mkt,14,5,331,7,4,mom
2013-07-01_to_2016-07-01,2013-07-01,2016-07-01,"hml,smb,mom",mkt,14,5,331,7,5,mom
2013-07-01_to_2016-07-01,2013-07-01,2016-07-01,"hml,smb,mom",mkt,14,5,331,7,6,hml
2013-07-01_to_2016-07-01,2013-07-01,2016-07-01,"hml,smb,mom",mkt,14,5,331,7,7,hml
2013-07-01_to_2016-07-01,2013-07-01,2016-07-01,"hml,smb,mom",mkt,14,5,333,7,1,mom
2013-07-01_to_2016-07-01,2013-07-01,2016-07-01,"hml,smb,mom",mkt,14,5,333,7,2,mom
2013-07-01_to_2016-07-01,2013-07-01,2016-07-01,"hml,smb,mom",mkt,14,5,333,7,3,mom
2013-07-01_to_2016-07-01,2013-07-01,2016-07-01,"hml,smb,mom",mkt,14,5,333,7,4,mom
2013-07-01_to_2016-07-01,2013-07-01,2016-07-01,"hml,smb,mom",mkt,14,5,333,7,5,mom
2013-07-01_to_2016-07-01,2013-07-01,2016-07-01,"hml,smb,mom",mkt,14,5,333,7,6,hml
2013-07-01_to_2016-07-01,2013-07-01,2016-07-01,"hml,smb,mom",mkt,14,5,333,7,7,hml
2013-07-01_to_2016-07-01,2013-07-01,2016-07-01,"hml,smb,mom",mkt,14,5,334,7,1,mom
2013-07-01_to_2016-07-01,2013-07-01,2016-07-01,"hml,smb,mom",mkt,14,5,334,7,2,mom
2013-07-01_to_2016-07-01,2013-07-01,2016-07-01,"hml,smb,mom",mkt,14,5,334,7,3,mom
2013-07-01_to_2016-07-01,2013-07-01,2016-07-01,"hml,smb,mom",mkt,14,5,334,7,4,mom
2013-07-01_to_2016-07-01,2013-07-01,2016-07-01,"hml,smb,mom",mkt,14,5,334,7,5,mom
2013-07-01_to_2016-07-01,2013-07-01,2016-07-01,"hml,smb,mom",mkt,14,5,334,7,6,hml
2013-07-01_to_2016-07-01,2013-07-01,2016-07-01,"hml,smb,mom",mkt,14,5,334,7,7,hml
2013-07-01_to_2016-07-01,2013-07-01,2016-07-01,"hml,smb,mom",mkt,14,5,335,4,1,mom
2013-07-01_to_2016-07-01,2013-07-01,2016-07-01,"hml,smb,mom",mkt,14,5,335,4,2,mom
2013-07-01_to_2016-07-01,2013-07-01,2016-07-01,"hml,smb,mom",mkt,14,5,335,4,3,mom
2013-07-01_to_2016-07-01,2013-07-01,2016-07-01,"hml,smb,mom",mkt,14,5,335,4,4,mom
2013-07-01_to_2016-07-01,2013-07-01,2016-07-01,"hml,smb,mom",mkt,14,5,336,1,1,mom
2014-01-01_to_2017-01-01,2014-01-01,2017-01-01,"hml,smb,mom",mkt,14,5,5,5,1,mom
2014-01-01_to_2017-01-01,2014-01-01,2017-01-01,"hml,smb,mom",mkt,14,5,5,5,2,mom
2014-01-01_to_2017-01-01,2014-01-01,2017-01-01,"hml,smb,mom",mkt,14,5,5,5,3,mom
2014-01-01_to_2017-01-01,2014-01-01,2017-01-01,"hml,smb,mom",mkt,14,5,5,5,4,mom
2014-01-01_to_2017-01-01,2014-01-01,2017-01-01,"hml,smb,mom",mkt,14,5,5,5,5,mom
2014-01-01_to_2017-01-01,2014-01-01,2017-01-01,"hml,smb,mom",mkt,14,5,7,6,1,mom
2014-01-01_to_2017-01-01,2014-01-01,2017-01-01,"hml,smb,mom",mkt,14,5,7,6,2,mom
2014-01-01_to_2017-01-01,2014-01-01,2017-01-01,"hml,smb,mom",mkt,14,5,7,6,3,mom
2014-01-01_to_2017-01-01,2014-01-01,2017-01-01,"hml,smb,mom",mkt,14,5,7,6,4,mom
2014-01-01_to_2017-01-01,2014-01-01,2017-01-01,"hml,smb,mom",mkt,14,5,7,6,5,mom
2014-01-01_to_2017-01-01,2014-01-01,2017-01-01,"hml,smb,mom",mkt,14,5,7,6,6,hml
2014-01-01_to_2017-01-01,2014-01-01,2017-01-01,"hml,smb,mom",mkt,14,5,8,6,1,mom
2014-01-01_to_2017-01-01,2014-01-01,2017-01-01,"hml,smb,mom",mkt,14,5,8,6,2,mom
2014-01-01_to_2017-01-01,2014-01-01,2017-01-01,"hml,smb,mom",mkt,14,5,8,6,3,mom
2014-01-01_to_2017-01-01,2014-01-01,2017-01-01,"hml,smb,mom",mkt,14,5,8,6,4,mom
2014-01-01_to_2017-01-01,2014-01-01,2017-01-01,"hml,smb,mom",mkt,14,5,8,6,5,mom
2014-01-01_to_2017-01-01,2014-01-01,2017-01-01,"hml,smb,mom",mkt,14,5,8,6,6,hml
2014-01-01_to_2017-01-01,2014-01-01,2017-01-01,"hml,smb,mom",mkt,14,5,10,5,1,mom
2014-01-01_to_2017-01-01,2014-01-01,2017-01-01,"hml,smb,mom",mkt,14,5,10,5,2,mom
2014-01-01_to_2017-01-01,2014-01-01,2017-01-01,"hml,smb,mom",mkt,14,5,10,5,3,mom
2014-01-01_to_2017-01-01,2014-01-01,2017-01-01,"hml,smb,mom",mkt,14,5,10,5,4,mom
2014-01-01_to_2017-01-01,2014-01-01,2017-01-01,"hml,smb,mom",mkt,14,5,10,5,5,mom
2014-01-01_to_2017-01-01,2014-01-01,2017-01-01,"hml,smb,mom",mkt,14,5,13,7,1,mom
2014-01-01_to_2017-01-01,2014-01-01,2017-01-01,"hml,smb,mom",mkt,14,5,13,7,2,mom
2014-01-01_to_2017-01-01,2014-01-01,2017-01-01,"hml,smb,mom",mkt,14,5,13,7,3,mom
2014-01-01_to_2017-01-01,2014-01-01,2017-01-01,"hml,smb,mom",mkt,14,5,13,7,4,mom
2014-01-01_to_2017-01-01,2014-01-01,2017-01-01,"hml,smb,mom",mkt,14,5,13,7,5,mom
2014-01-01_to_2017-01-01,2014-01-01,2017-01-01,"hml,smb,mom",mkt,14,5,13,7,6,mom
2014-01-01_to_2017-01-01,2014-01-01,2017-01-01,"hml,smb,mom",mkt,14,5,13,7,7,smb
2014-01-01_to_2017-01-01,2014-01-01,2017-01-01,"hml,smb,mom",mkt,14,5,14,7,1,mom
2014-01-01_to_2017-01-01,2014-01-01,2017-01-01,"hml,smb,mom",mkt,14,5,14,7,2,mom
2014-01-01_to_2017-01-01,2014-01-01,2017-01-01,"hml,smb,mom",mkt,14,5,14,7,3,mom
2014-01-01_to_2017-01-01,2014-01-01,2017-01-01,"hml,smb,mom",mkt,14,5,14,7,4,mom
2014-01-01_to_2017-01-01,2014-01-01,2017-01-01,"hml,smb,mom",mkt,14,5,14,7,5,mom
2014-01-01_to_2017-01-01,2014-01-01,2017-01-01,"hml,smb,mom",mkt,14,5,14,7,6,mom
2014-01-01_to_2017-01-01,2014-01-01,2017-01-01,"hml,smb,mom",mkt,14,5,14,7,7,smb
2014-01-01_to_2017-01-01,2014-01-01,2017-01-01,"hml,smb,mom",mkt,14,5,15,6,1,mom
2014-01-01_to_2017-01-01,2014-01-01,2017-01-01,"hml,smb,mom",mkt,14,5,15,6,2,mom
2014-01-01_to_2017-01-01,2014-01-01,2017-01-01,"hml,smb,mom",mkt,14,5,15,6,3,mom
2014-01-01_to_2017-01-01,2014-01-01,2017-01-01,"hml,smb,mom",mkt,14,5,15,6,4,mom
2014-01-01_to_2017-01-01,2014-01-01,2017-01-01,"hml,smb,mom",mkt,14,5,15,6,5,mom
2014-01-01_to_2017-01-01,2014-01-01,2017-01-01,"hml,smb,mom",mkt,14,5,15,6,6,mom
2014-01-01_to_2017-01-01,2014-01-01,2017-01-01,"hml,smb,mom",mkt,14,5,19,6,1,mom
2014-01-01_to_2017-01-01,2014-01-01,2017-01-01,"hml,smb,mom",mkt,14,5,19,6,2,mom
2014-01-01_to_2017-01-01,2014-01-01,2017-01-01,"hml,smb,mom",mkt,14,5,19,6,3,mom
2014-01-01_to_2017-01-01,2014-01-01,2017-01-01,"hml,smb,mom",mkt,14,5,19,6,4,mom
2014-01-01_to_2017-01-01,2014-01-01,2017-01-01,"hml,smb,mom",mkt,14,5,19,6,5,mom
2014-01-01_to_2017-01-01,2014-01-01,2017-01-01,"hml,smb,mom",mkt,14,5,19,6,6,hml
2014-01-01_to_2017-01-01,2014-01-01,2017-01-01,"hml,smb,mom",mkt,14,5,20,6,1,mom
2014-01-01_to_2017-01-01,2014-01-01,2017-01-01,"hml,smb,mom",mkt,14,5,20,6,2,mom
2014-01-01_to_2017-01-01,2014-01-01,2017-01-01,"hml,smb,mom",mkt,14,5,20,6,3,mom
2014-01-01_to_2017-01-01,2014-01-01,2017-01-01,"hml,smb,mom",mkt,14,5,20,6,4,mom
2014-01-01_to_2017-01-01,2014-01-01,2017-01-01,"hml,smb,mom",mkt,14,5,20,6,5,mom
2014-01-01_to_2017-01-01,2014-01-01,2017-01-01,"hml,smb,mom",mkt,14,5,20,6,6,hml
2014-01-01_to_2017-01-01,2014-01-01,2017-01-01,"hml,smb,mom",mkt,14,5,25,9,1,mom
2014-01-01_to_2017-01-01,2014-01-01,2017-01-01,"hml,smb,mom",mkt,14,5,25,9,2,mom
2014-01-01_to_2017-01-01,2014-01-01,2017-01-01,"hml,smb,mom",mkt,14,5,25,9,3,mom
2014-01-01_to_2017-01-01,2014-01-01,2017-01-01,"hml,smb,mom",mkt,14,5,25,9,4,mom
2014-01-01_to_2017-01-01,2014-01-01,2017-01-01,"hml,smb,mom",mkt,14,5,25,9,5,mom
2014-01-01_to_2017-01-01,2014-01-01,2017-01-01,"hml,smb,mom",mkt,14,5,25,9,6,smb
2014-01-01_to_2017-01-01,2014-01-01,2017-01-01,"hml,smb,mom",mkt,14,5,25,9,7,smb
2014-01-01_to_2017-01-01,2014-01-01,2017-01-01,"hml,smb,mom",mkt,14,5,25,9,8,smb
2014-01-01_to_2017-01-01,2014-01-01,2017-01-01,"hml,smb,mom",mkt,14,5,25,9,9,hml
2014-01-01_to_2017-01-01,2014-01-01,2017-01-01,"hml,smb,mom",mkt,14,5,26,9,1,mom
2014-01-01_to_2017-01-01,2014-01-01,2017-01-01,"hml,smb,mom",mkt,14,5,26,9,2,mom
2014-01-01_to_2017-01-01,2014-01-01,2017-01-01,"hml,smb,mom",mkt,14,5,26,9,3,mom
2014-01-01_to_2017-01-01,2014-01-01,2017-01-01,"hml,smb,mom",mkt,14,5,26,9,4,mom
2014-01-01_to_2017-01-01,2014-01-01,2017-01-01,"hml,smb,mom",mkt,14,5,26,9,5,mom
2014-01-01_to_2017-01-01,2014-01-01,2017-01-01,"hml,smb,mom",mkt,14,5,26,9,6,smb
2014-01-01_to_2017-01-01,2014-01-01,2017-01-01,"hml,smb,mom",mkt,14,5,26,9,7,smb
2014-01-01_to_2017-01-01,2014-01-01,2017-01-01,"hml,smb,mom",mkt,14,5,26,9,8,smb
2014-01-01_to_2017-01-01,2014-01-01,2017-01-01,"hml,smb,mom",mkt,14,5,26,9,9,hml
2014-01-01_to_2017-01-01,2014-01-01,2017-01-01,"hml,smb,mom",mkt,14,5,27,8,1,mom
2014-01-01_to_2017-01-01,2014-01-01,2017-01-01,"hml,smb,mom",mkt,14,5,27,8,2,mom
2014-01-01_to_2017-01-01,2014-01-01,2017-01-01,"hml,smb,mom",mkt,14,5,27,8,3,mom
2014-01-01_to_2017-01-01,2014-01-01,2017-01-01,"hml,smb,mom",mkt,14,5,27,8,4,mom
2014-01-01_to_2017-01-01,2014-01-01,2017-01-01,"hml,smb,mom",mkt,14,5,27,8,5,mom
2014-01-01_to_2017-01-01,2014-01-01,2017-01-01,"hml,smb,mom",mkt,14,5,27,8,6,smb
2014-01-01_to_2017-01-01,2014-01-01,2017-01-01,"hml,smb,mom",mkt,14,5,27,8,7,smb
2014-01-01_to_2017-01-01,2014-01-01,2017-01-01,"hml,smb,mom",mkt,14,5,27,8,8,smb
2014-01-01_to_2017-01-01,2014-01-01,2017-01-01,"hml,smb,mom",mkt,14,5,29,8,1,mom
2014-01-01_to_2017-01-01,2014-01-01,2017-01-01,"hml,smb,mom",mkt,14,5,29,8,2,mom
2014-01-01_to_2017-01-01,2014-01-01,2017-01-01,"hml,smb,mom",mkt,14,5,29,8,3,mom
2014-01-01_to_2017-01-01,2014-01-01,2017-01-01,"hml,smb,mom",mkt,14,5,29,8,4,mom
2014-01-01_to_2017-01-01,2014-01-01,2017-01-01,"hml,smb,mom",mkt,14,5,29,8,5,mom
2014-01-01_to_2017-01-01,2014-01-01,2017-01-01,"hml,smb,mom",mkt,14,5,29,8,6,smb
2014-01-01_to_2017-01-01,2014-01-01,2017-01-01,"hml,smb,mom",mkt,14,5,29,8,7,smb
2014-01-01_to_2017-01-01,2014-01-01,2017-01-01,"hml,smb,mom",mkt,14,5,29,8,8,hml
2014-01-01_to_2017-01-01,2014-01-01,2017-01-01,"hml,smb,mom",mkt,14,5,30,8,1,mom
2014-01-01_to_2017-01-01,2014-01-01,2017-01-01,"hml,smb,mom",mkt,14,5,30,8,2,mom
2014-01-01_to_2017-01-01,2014-01-01,2017-01-01,"hml,smb,mom",mkt,14,5,30,8,3,mom
2014-01-01_to_2017-01-01,2014-01-01,2017-01-01,"hml,smb,mom",mkt,14,5,30,8,4,mom
2014-01-01_to_2017-01-01,2014-01-01,2017-01-01,"hml,smb,mom",mkt,14,5,30,8,5,mom
2014-01-01_to_2017-01-01,2014-01-01,2017-01-01,"hml,smb,mom",mkt,14,5,30,8,6,smb
2014-01-01_to_2017-01-01,2014-01-01,2017-01-01,"hml,smb,mom",mkt,14,5,30,8,7,smb
2014-01-01_to_2017-01-01,2014-01-01,2017-01-01,"hml,smb,mom",mkt,14,5,30,8,8,hml
2014-01-01_to_2017-01-01,2014-01-01,2017-01-01,"hml,smb,mom",mkt,14,5,32,7,1,mom
2014-01-01_to_2017-01-01,2014-01-01,2017-01-01,"hml,smb,mom",mkt,14,5,32,7,2,mom
2014-01-01_to_2017-01-01,2014-01-01,2017-01-01,"hml,smb,mom",mkt,14,5,32,7,3,mom
2014-01-01_to_2017-01-01,2014-01-01,2017-01-01,"hml,smb,mom",mkt,14,5,32,7,4,mom
2014-01-01_to_2017-01-01,2014-01-01,2017-01-01,"hml,smb,mom",mkt,14,5,32,7,5,mom
2014-01-01_to_2017-01-01,2014-01-01,2017-01-01,"hml,smb,mom",mkt,14,5,32,7,6,smb
2014-01-01_to_2017-01-01,2014-01-01,2017-01-01,"hml,smb,mom",mkt,14,5,32,7,7,hml
2014-01-01_to_2017-01-01,2014-01-01,2017-01-01,"hml,smb,mom",mkt,14,5,33,7,1,mom
2014-01-01_to_2017-01-01,2014-01-01,2017-01-01,"hml,smb,mom",mkt,14,5,33,7,2,mom
2014-01-01_to_2017-01-01,2014-01-01,2017-01-01,"hml,smb,mom",mkt,14,5,33,7,3,mom
2014-01-01_to_2017-01-01,2014-01-01,2017-01-01,"hml,smb,mom",mkt,14,5,33,7,4,mom
2014-01-01_to_2017-01-01,2014-01-01,2017-01-01,"hml,smb,mom",mkt,14,5,33,7,5,mom
2014-01-01_to_2017-01-01,2014-01-01,2017-01-01,"hml,smb,mom",mkt,14,5,33,7,6,smb
2014-01-01_to_2017-01-01,2014-01-01,2017-01-01,"hml,smb,mom",mkt,14,5,33,7,7,hml
2014-01-01_to_2017-01-01,2014-01-01,2017-01-01,"hml,smb,mom",mkt,14,5,36,6,1,mom
2014-01-01_to_2017-01-01,2014-01-01,2017-01-01,"hml,smb,mom",mkt,14,5,36,6,2,mom
2014-01-01_to_2017-01-01,2014-01-01,2017-01-01,"hml,smb,mom",mkt,14,5,36,6,3,mom
2014-01-01_to_2017-01-01,2014-01-01,2017-01-01,"hml,smb,mom",mkt,14,5,36,6,4,mom
2014-01-01_to_2017-01-01,2014-01-01,2017-01-01,"hml,smb,mom",mkt,14,5,36,6,5,smb
2014-01-01_to_2017-01-01,2014-01-01,2017-01-01,"hml,smb,mom",mkt,14,5,36,6,6,smb
2014-01-01_to_2017-01-01,2014-01-01,2017-01-01,"hml,smb,mom",mkt,14,5,37,6,1,mom
2014-01-01_to_2017-01-01,2014-01-01,2017-01-01,"hml,smb,mom",mkt,14,5,37,6,2,mom
2014-01-01_to_2017-01-01,2014-01-01,2017-01-01,"hml,smb,mom",mkt,14,5,37,6,3,mom
2014-01-01_to_2017-01-01,2014-01-01,2017-01-01,"hml,smb,mom",mkt,14,5,37,6,4,mom
2014-01-01_to_2017-01-01,2014-01-01,2017-01-01,"hml,smb,mom",mkt,14,5,37,6,5,smb
2014-01-01_to_2017-01-01,2014-01-01,2017-01-01,"hml,smb,mom",mkt,14,5,37,6,6,smb
2014-01-01_to_2017-01-01,2014-01-01,2017-01-01,"hml,smb,mom",mkt,14,5,40,7,1,mom
2014-01-01_to_2017-01-01,2014-01-01,2017-01-01,"hml,smb,mom",mkt,14,5,40,7,2,mom
2014-01-01_to_2017-01-01,2014-01-01,2017-01-01,"hml,smb,mom",mkt,14,5,40,7,3,mom
2014-01-01_to_2017-01-01,2014-01-01,2017-01-01,"hml,smb,mom",mkt,14,5,40,7,4,mom
2014-01-01_to_2017-01-01,2014-01-01,2017-01-01,"hml,smb,mom",mkt,14,5,40,7,5,smb
2014-01-01_to_2017-01-01,2014-01-01,2017-01-01,"hml,smb,mom",mkt,14,5,40,7,6,mom
2014-01-01_to_2017-01-01,2014-01-01,2017-01-01,"hml,smb,mom",mkt,14,5,40,7,7,hml
2014-01-01_to_2017-01-01,2014-01-01,2017-01-01,"hml,smb,mom",mkt,14,5,42,8,1,mom
2014-01-01_to_2017-01-01,2014-01-01,2017-01-01,"hml,smb,mom",mkt,14,5,42,8,2,mom
2014-01-01_to_2017-01-01,2014-01-01,2017-01-01,"hml,smb,mom",mkt,14,5,42,8,3,mom
2014-01-01_to_2017-01-01,2014-01-01,2017-01-01,"hml,smb,mom",mkt,14,5,42,8,4,mom
2014-01-01_to_2017-01-01,2014-01-01,2017-01-01,"hml,smb,mom",mkt,14,5,42,8,5,smb
2014-01-01_to_2017-01-01,2014-01-01,2017-01-01,"hml,smb,mom",mkt,14,5,42,8,6,mom
2014-01-01_to_2017-01-01,2014-01-01,2017-01-01,"hml,smb,mom",mkt,14,5,42,8,7,hml
2014-01-01_to_2017-01-01,2014-01-01,2017-01-01,"hml,smb,mom",mkt,14,5,42,8,8,hml
2014-01-01_to_2017-01-01,2014-01-01,2017-01-01,"hml,smb,mom",mkt,14,5,43,8,1,mom
2014-01-01_to_2017-01-01,2014-01-01,2017-01-01,"hml,smb,mom",mkt,14,5,43,8,2,mom
2014-01-01_to_2017-01-01,2014-01-01,2017-01-01,"hml,smb,mom",mkt,14,5,43,8,3,mom
2014-01-01_to_2017-01-01,2014-01-01,2017-01-01,"hml,smb,mom",mkt,14,5,43,8,4,mom
2014-01-01_to_2017-01-01,2014-01-01,2017-01-01,"hml,smb,mom",mkt,14,5,43,8,5,smb
2014-01-01_to_2017-01-01,2014-01-01,2017-01-01,"hml,smb,mom",mkt,14,5,43,8,6,mom
2014-01-01_to_2017-01-01,2014-01-01,2017-01-01,"hml,smb,mom",mkt,14,5,43,8,7,hml
2014-01-01_to_2017-01-01,2014-01-01,2017-01-01,"hml,smb,mom",mkt,14,5,43,8,8,hml
2014-01-01_to_2017-01-01,2014-01-01,2017-01-01,"hml,smb,mom",mkt,14,5,45,7,1,mom
2014-01-01_to_2017-01-01,2014-01-01,2017-01-01,"hml,smb,mom",mkt,14,5,45,7,2,mom
2014-01-01_to_2017-01-01,2014-01-01,2017-01-01,"hml,smb,mom",mkt,14,5,45,7,3,mom
2014-01-01_to_2017-01-01,2014-01-01,2017-01-01,"hml,smb,mom",mkt,14,5,45,7,4,mom
2014-01-01_to_2017-01-01,2014-01-01,2017-01-01,"hml,smb,mom",mkt,14,5,45,7,5,smb
2014-01-01_to_2017-01-01,2014-01-01,2017-01-01,"hml,smb,mom",mkt,14,5,45,7,6,mom
2014-01-01_to_2017-01-01,2014-01-01,2017-01-01,"hml,smb,mom",mkt,14,5,45,7,7,smb
2014-01-01_to_2017-01-01,2014-01-01,2017-01-01,"hml,smb,mom",mkt,14,5,49,10,1,mom
2014-01-01_to_2017-01-01,2014-01-01,2017-01-01,"hml,smb,mom",mkt,14,5,49,10,2,mom
2014-01-01_to_2017-01-01,2014-01-01,2017-01-01,"hml,smb,mom",mkt,14,5,49,10,3,mom
2014-01-01_to_2017-01-01,2014-01-01,2017-01-01,"hml,smb,mom",mkt,14,5,49,10,4,mom
2014-01-01_to_2017-01-01,2014-01-01,2017-01-01,"hml,smb,mom",mkt,14,5,49,10,5,smb
2014-01-01_to_2017-01-01,2014-01-01,2017-01-01,"hml,smb,mom",mkt,14,5,49,10,6,mom
2014-01-01_to_2017-01-01,2014-01-01,2017-01-01,"hml,smb,mom",mkt,14,5,49,10,7,smb
2014-01-01_to_2017-01-01,2014-01-01,2017-01-01,"hml,smb,mom",mkt,14,5,49,10,8,smb
2014-01-01_to_2017-01-01,2014-01-01,2017-01-01,"hml,smb,mom",mkt,14,5,49,10,9,hml
2014-01-01_to_2017-01-01,2014-01-01,2017-01-01,"hml,smb,mom",mkt,14,5,49,10,10,hml
2014-01-01_to_2017-01-01,2014-01-01,2017-01-01,"hml,smb,mom",mkt,14,5,50,10,1,mom
2014-01-01_to_2017-01-01,2014-01-01,2017-01-01,"hml,smb,mom",mkt,14,5,50,10,2,mom
2014-01-01_to_2017-01-01,2014-01-01,2017-01-01,"hml,smb,mom",mkt,14,5,50,10,3,mom
2014-01-01_to_2017-01-01,2014-01-01,2017-01-01,"hml,smb,mom",mkt,14,5,50,10,4,mom
2014-01-01_to_2017-01-01,2014-01-01,2017-01-01,"hml,smb,mom",mkt,14,5,50,10,5,smb
2014-01-01_to_2017-01-01,2014-01-01,2017-01-01,"hml,smb,mom",mkt,14,5,50,10,6,mom
2014-01-01_to_2017-01-01,2014-01-01,2017-01-01,"hml,smb,mom",mkt,14,5,50,10,7,smb
2014-01-01_to_2017-01-01,2014-01-01,2017-01-01,"hml,smb,mom",mkt,14,5,50,10,8,smb
2014-01-01_to_2017-01-01,2014-01-01,2017-01-01,"hml,smb,mom",mkt,14,5,50,10,9,hml
2014-01-01_to_2017-01-01,2014-01-01,2017-01-01,"hml,smb,mom",mkt,14,5,50,10,10,hml
2014-01-01_to_2017-01-01,2014-01-01,2017-01-01,"hml,smb,mom",mkt,14,5,51,9,1,mom
2014-01-01_to_2017-01-01,2014-01-01,2017-01-01,"hml,smb,mom",mkt,14,5,51,9,2,mom
2014-01-01_to_2017-01-01,2014-01-01,2017-01-01,"hml,smb,mom",mkt,14,5,51,9,3,mom
2014-01-01_to_2017-01-01,2014-01-01,2017-01-01,"hml,smb,mom",mkt,14,5,51,9,4,mom
2014-01-01_to_2017-01-01,2014-01-01,2017-01-01,"hml,smb,mom",mkt,14,5,51,9,5,smb
2014-01-01_to_2017-01-01,2014-01-01,2017-01-01,"hml,smb,mom",mkt,14,5,51,9,6,mom
2014-01-01_to_2017-01-01,2014-01-01,2017-01-01,"hml,smb,mom",mkt,14,5,51,9,7,smb
2014-01-01_to_2017-01-01,2014-01-01,2017-01-01,"hml,smb,mom",mkt,14,5,51,9,8,smb
2014-01-01_to_2017-01-01,2014-01-01,2017-01-01,"hml,smb,mom",mkt,14,5,51,9,9,hml
2014-01-01_to_2017-01-01,2014-01-01,2017-01-01,"hml,smb,mom",mkt,14,5,52,8,1,mom
2014-01-01_to_2017-01-01,2014-01-01,2017-01-01,"hml,smb,mom",mkt,14,5,52,8,2,mom
2014-01-01_to_2017-01-01,2014-01-01,2017-01-01,"hml,smb,mom",mkt,14,5,52,8,3,mom
2014-01-01_to_2017-01-01,2014-01-01,2017-01-01,"hml,smb,mom",mkt,14,5,52,8,4,mom
2014-01-01_to_2017-01-01,2014-01-01,2017-01-01,"hml,smb,mom",mkt,14,5,52,8,5,smb
2014-01-01_to_2017-01-01,2014-01-01,2017-01-01,"hml,smb,mom",mkt,14,5,52,8,6,mom
2014-01-01_to_2017-01-01,2014-01-01,2017-01-01,"hml,smb,mom",mkt,14,5,52,8,7,smb
2014-01-01_to_2017-01-01,2014-01-01,2017-01-01,"hml,smb,mom",mkt,14,5,52,8,8,smb
2014-01-01_to_2017-01-01,2014-01-01,2017-01-01,"hml,smb,mom",mkt,14,5,57,6,1,mom
2014-01-01_to_2017-01-01,2014-01-01,2017-01-01,"hml,smb,mom",mkt,14,5,57,6,2,mom
2014-01-01_to_2017-01-01,2014-01-01,2017-01-01,"hml,smb,mom",mkt,14,5,57,6,3,mom
2014-01-01_to_2017-01-01,2014-01-01,2017-01-01,"hml,smb,mom",mkt,14,5,57,6,4,mom
2014-01-01_to_2017-01-01,2014-01-01,2017-01-01,"hml,smb,mom",mkt,14,5,57,6,5,hml
2014-01-01_to_2017-01-01,2014-01-01,2017-01-01,"hml,smb,mom",mkt,14,5,57,6,6,mom
2014-01-01_to_2017-01-01,2014-01-01,2017-01-01,"hml,smb,mom",mkt,14,5,58,6,1,mom
2014-01-01_to_2017-01-01,2014-01-01,2017-01-01,"hml,smb,mom",mkt,14,5,58,6,2,mom
2014-01-01_to_2017-01-01,2014-01-01,2017-01-01,"hml,smb,mom",mkt,14,5,58,6,3,mom
2014-01-01_to_2017-01-01,2014-01-01,2017-01-01,"hml,smb,mom",mkt,14,5,58,6,4,mom
2014-01-01_to_2017-01-01,2014-01-01,2017-01-01,"hml,smb,mom",mkt,14,5,58,6,5,hml
2014-01-01_to_2017-01-01,2014-01-01,2017-01-01,"hml,smb,mom",mkt,14,5,58,6,6,mom
2014-01-01_to_2017-01-01,2014-01-01,2017-01-01,"hml,smb,mom",mkt,14,5,61,7,1,mom
2014-01-01_to_2017-01-01,2014-01-01,2017-01-01,"hml,smb,mom",mkt,14,5,61,7,2,mom
2014-01-01_to_2017-01-01,2014-01-01,2017-01-01,"hml,smb,mom",mkt,14,5,61,7,3,mom
2014-01-01_to_2017-01-01,2014-01-01,2017-01-01,"hml,smb,mom",mkt,14,5,61,7,4,mom
2014-01-01_to_2017-01-01,2014-01-01,2017-01-01,"hml,smb,mom",mkt,14,5,61,7,5,hml
2014-01-01_to_2017-01-01,2014-01-01,2017-01-01,"hml,smb,mom",mkt,14,5,61,7,6,hml
2014-01-01_to_2017-01-01,2014-01-01,2017-01-01,"hml,smb,mom",mkt,14,5,61,7,7,smb
2014-01-01_to_2017-01-01,2014-01-01,2017-01-01,"hml,smb,mom",mkt,14,5,62,7,1,mom
2014-01-01_to_2017-01-01,2014-01-01,2017-01-01,"hml,smb,mom",mkt,14,5,62,7,2,mom
2014-01-01_to_2017-01-01,2014-01-01,2017-01-01,"hml,smb,mom",mkt,14,5,62,7,3,mom
2014-01-01_to_2017-01-01,2014-01-01,2017-01-01,"hml,smb,mom",mkt,14,5,62,7,4,mom
2014-01-01_to_2017-01-01,2014-01-01,2017-01-01,"hml,smb,mom",mkt,14,5,62,7,5,hml
2014-01-01_to_2017-01-01,2014-01-01,2017-01-01,"hml,smb,mom",mkt,14,5,62,7,6,hml
2014-01-01_to_2017-01-01,2014-01-01,2017-01-01,"hml,smb,mom",mkt,14,5,62,7,7,smb
2014-01-01_to_2017-01-01,2014-01-01,2017-01-01,"hml,smb,mom",mkt,14,5,66,9,1,mom
2014-01-01_to_2017-01-01,2014-01-01,2017-01-01,"hml,smb,mom",mkt,14,5,66,9,2,mom
2014-01-01_to_2017-01-01,2014-01-01,2017-01-01,"hml,smb,mom",mkt,14,5,66,9,3,mom
2014-01-01_to_2017-01-01,2014-01-01,2017-01-01,"hml,smb,mom",mkt,14,5,66,9,4,mom
2014-01-01_to_2017-01-01,2014-01-01,2017-01-01,"hml,smb,mom",mkt,14,5,66,9,5,hml
2014-01-01_to_2017-01-01,2014-01-01,2017-01-01,"hml,smb,mom",mkt,14,5,66,9,6,hml
2014-01-01_to_2017-01-01,2014-01-01,2017-01-01,"hml,smb,mom",mkt,14,5,66,9,7,smb
2014-01-01_to_2017-01-01,2014-01-01,2017-01-01,"hml,smb,mom",mkt,14,5,66,9,8,mom
2014-01-01_to_2017-01-01,2014-01-01,2017-01-01,"hml,smb,mom",mkt,14,5,66,9,9,smb
2014-01-01_to_2017-01-01,2014-01-01,2017-01-01,"hml,smb,mom",mkt,14,5,67,9,1,mom
2014-01-01_to_2017-01-01,2014-01-01,2017-01-01,"hml,smb,mom",mkt,14,5,67,9,2,mom
2014-01-01_to_2017-01-01,2014-01-01,2017-01-01,"hml,smb,mom",mkt,14,5,67,9,3,mom
2014-01-01_to_2017-01-01,2014-01-01,2017-01-01,"hml,smb,mom",mkt,14,5,67,9,4,mom
2014-01-01_to_2017-01-01,2014-01-01,2017-01-01,"hml,smb,mom",mkt,14,5,67,9,5,hml
2014-01-01_to_2017-01-01,2014-01-01,2017-01-01,"hml,smb,mom",mkt,14,5,67,9,6,hml
2014-01-01_to_2017-01-01,2014-01-01,2017-01-01,"hml,smb,mom",mkt,14,5,67,9,7,smb
2014-01-01_to_2017-01-01,2014-01-01,2017-01-01,"hml,smb,mom",mkt,14,5,67,9,8,mom
2014-01-01_to_2017-01-01,2014-01-01,2017-01-01,"hml,smb,mom",mkt,14,5,67,9,9,smb
2014-01-01_to_2017-01-01,2014-01-01,2017-01-01,"hml,smb,mom",mkt,14,5,68,8,1,mom
2014-01-01_to_2017-01-01,2014-01-01,2017-01-01,"hml,smb,mom",mkt,14,5,68,8,2,mom
2014-01-01_to_2017-01-01,2014-01-01,2017-01-01,"hml,smb,mom",mkt,14,5,68,8,3,mom
2014-01-01_to_2017-01-01,2014-01-01,2017-01-01,"hml,smb,mom",mkt,14,5,68,8,4,mom
2014-01-01_to_2017-01-01,2014-01-01,2017-01-01,"hml,smb,mom",mkt,14,5,68,8,5,hml
2014-01-01_to_2017-01-01,2014-01-01,2017-01-01,"hml,smb,mom",mkt,14,5,68,8,6,hml
2014-01-01_to_2017-01-01,2014-01-01,2017-01-01,"hml,smb,mom",mkt,14,5,68,8,7,smb
2014-01-01_to_2017-01-01,2014-01-01,2017-01-01,"hml,smb,mom",mkt,14,5,68,8,8,mom
2014-01-01_to_2017-01-01,2014-01-01,2017-01-01,"hml,smb,mom",mkt,14,5,69,7,1,mom
2014-01-01_to_2017-01-01,2014-01-01,2017-01-01,"hml,smb,mom",mkt,14,5,69,7,2,mom
2014-01-01_to_2017-01-01,2014-01-01,2017-01-01,"hml,smb,mom",mkt,14,5,69,7,3,mom
2014-01-01_to_2017-01-01,2014-01-01,2017-01-01,"hml,smb,mom",mkt,14,5,69,7,4,mom
2014-01-01_to_2017-01-01,2014-01-01,2017-01-01,"hml,smb,mom",mkt,14,5,69,7,5,hml
2014-01-01_to_2017-01-01,2014-01-01,2017-01-01,"hml,smb,mom",mkt,14,5,69,7,6,hml
2014-01-01_to_2017-01-01,2014-01-01,2017-01-01,"hml,smb,mom",mkt,14,5,69,7,7,smb
2014-01-01_to_2017-01-01,2014-01-01,2017-01-01,"hml,smb,mom",mkt,14,5,72,6,1,mom
2014-01-01_to_2017-01-01,2014-01-01,2017-01-01,"hml,smb,mom",mkt,14,5,72,6,2,mom
2014-01-01_to_2017-01-01,2014-01-01,2017-01-01,"hml,smb,mom",mkt,14,5,72,6,3,mom
2014-01-01_to_2017-01-01,2014-01-01,2017-01-01,"hml,smb,mom",mkt,14,5,72,6,4,mom
2014-01-01_to_2017-01-01,2014-01-01,2017-01-01,"hml,smb,mom",mkt,14,5,72,6,5,hml
2014-01-01_to_2017-01-01,2014-01-01,2017-01-01,"hml,smb,mom",mkt,14,5,72,6,6,mom
2014-01-01_to_2017-01-01,2014-01-01,2017-01-01,"hml,smb,mom",mkt,14,5,73,6,1,mom
2014-01-01_to_2017-01-01,2014-01-01,2017-01-01,"hml,smb,mom",mkt,14,5,73,6,2,mom
2014-01-01_to_2017-01-01,2014-01-01,2017-01-01,"hml,smb,mom",mkt,14,5,73,6,3,mom
2014-01-01_to_2017-01-01,2014-01-01,2017-01-01,"hml,smb,mom",mkt,14,5,73,6,4,mom
2014-01-01_to_2017-01-01,2014-01-01,2017-01-01,"hml,smb,mom",mkt,14,5,73,6,5,hml
2014-01-01_to_2017-01-01,2014-01-01,2017-01-01,"hml,smb,mom",mkt,14,5,73,6,6,mom
2014-01-01_to_2017-01-01,2014-01-01,2017-01-01,"hml,smb,mom",mkt,14,5,77,8,1,mom
2014-01-01_to_2017-01-01,2014-01-01,2017-01-01,"hml,smb,mom",mkt,14,5,77,8,2,mom
2014-01-01_to_2017-01-01,2014-01-01,2017-01-01,"hml,smb,mom",mkt,14,5,77,8,3,mom
2014-01-01_to_2017-01-01,2014-01-01,2017-01-01,"hml,smb,mom",mkt,14,5,77,8,4,mom
2014-01-01_to_2017-01-01,2014-01-01,2017-01-01,"hml,smb,mom",mkt,14,5,77,8,5,hml
2014-01-01_to_2017-01-01,2014-01-01,2017-01-01,"hml,smb,mom",mkt,14,5,77,8,6,smb
2014-01-01_to_2017-01-01,2014-01-01,2017-01-01,"hml,smb,mom",mkt,14,5,77,8,7,smb
2014-01-01_to_2017-01-01,2014-01-01,2017-01-01,"hml,smb,mom",mkt,14,5,77,8,8,mom
2014-01-01_to_2017-01-01,2014-01-01,2017-01-01,"hml,smb,mom",mkt,14,5,78,8,1,mom
2014-01-01_to_2017-01-01,2014-01-01,2017-01-01,"hml,smb,mom",mkt,14,5,78,8,2,mom
2014-01-01_to_2017-01-01,2014-01-01,2017-01-01,"hml,smb,mom",mkt,14,5,78,8,3,mom
2014-01-01_to_2017-01-01,2014-01-01,2017-01-01,"hml,smb,mom",mkt,14,5,78,8,4,mom
2014-01-01_to_2017-01-01,2014-01-01,2017-01-01,"hml,smb,mom",mkt,14,5,78,8,5,hml
2014-01-01_to_2017-01-01,2014-01-01,2017-01-01,"hml,smb,mom",mkt,14,5,78,8,6,smb
2014-01-01_to_2017-01-01,2014-01-01,2017-01-01,"hml,smb,mom",mkt,14,5,78,8,7,smb
2014-01-01_to_2017-01-01,2014-01-01,2017-01-01,"hml,smb,mom",mkt,14,5,78,8,8,mom
2014-01-01_to_2017-01-01,2014-01-01,2017-01-01,"hml,smb,mom",mkt,14,5,79,7,1,mom
2014-01-01_to_2017-01-01,2014-01-01,2017-01-01,"hml,smb,mom",mkt,14,5,79,7,2,mom
2014-01-01_to_2017-01-01,2014-01-01,2017-01-01,"hml,smb,mom",mkt,14,5,79,7,3,mom
2014-01-01_to_2017-01-01,2014-01-01,2017-01-01,"hml,smb,mom",mkt,14,5,79,7,4,mom
2014-01-01_to_2017-01-01,2014-01-01,2017-01-01,"hml,smb,mom",mkt,14,5,79,7,5,hml
2014-01-01_to_2017-01-01,2014-01-01,2017-01-01,"hml,smb,mom",mkt,14,5,79,7,6,smb
2014-01-01_to_2017-01-01,2014-01-01,2017-01-01,"hml,smb,mom",mkt,14,5,79,7,7,smb
2014-01-01_to_2017-01-01,2014-01-01,2017-01-01,"hml,smb,mom",mkt,14,5,80,6,1,mom
2014-01-01_to_2017-01-01,2014-01-01,2017-01-01,"hml,smb,mom",mkt,14,5,80,6,2,mom
2014-01-01_to_2017-01-01,2014-01-01,2017-01-01,"hml,smb,mom",mkt,14,5,80,6,3,mom
2014-01-01_to_2017-01-01,2014-01-01,2017-01-01,"hml,smb,mom",mkt,14,5,80,6,4,mom
2014-01-01_to_2017-01-01,2014-01-01,2017-01-01,"hml,smb,mom",mkt,14,5,80,6,5,hml
2014-01-01_to_2017-01-01,2014-01-01,2017-01-01,"hml,smb,mom",mkt,14,5,80,6,6,smb
2014-01-01_to_2017-01-01,2014-01-01,2017-01-01,"hml,smb,mom",mkt,14,5,85,7,1,mom
2014-01-01_to_2017-01-01,2014-01-01,2017-01-01,"hml,smb,mom",mkt,14,5,85,7,2,mom
2014-01-01_to_2017-01-01,2014-01-01,2017-01-01,"hml,smb,mom",mkt,14,5,85,7,3,mom
2014-01-01_to_2017-01-01,2014-01-01,2017-01-01,"hml,smb,mom",mkt,14,5,85,7,4,mom
2014-01-01_to_2017-01-01,2014-01-01,2017-01-01,"hml,smb,mom",mkt,14,5,85,7,5,mom
2014-01-01_to_2017-01-01,2014-01-01,2017-01-01,"hml,smb,mom",mkt,14,5,85,7,6,smb
2014-01-01_to_2017-01-01,2014-01-01,2017-01-01,"hml,smb,mom",mkt,14,5,85,7,7,smb
2014-01-01_to_2017-01-01,2014-01-01,2017-01-01,"hml,smb,mom",mkt,14,5,86,7,1,mom
2014-01-01_to_2017-01-01,2014-01-01,2017-01-01,"hml,smb,mom",mkt,14,5,86,7,2,mom
2014-01-01_to_2017-01-01,2014-01-01,2017-01-01,"hml,smb,mom",mkt,14,5,86,7,3,mom
2014-01-01_to_2017-01-01,2014-01-01,2017-01-01,"hml,smb,mom",mkt,14,5,86,7,4,mom
2014-01-01_to_2017-01-01,2014-01-01,2017-01-01,"hml,smb,mom",mkt,14,5,86,7,5,mom
2014-01-01_to_2017-01-01,2014-01-01,2017-01-01,"hml,smb,mom",mkt,14,5,86,7,6,smb
2014-01-01_to_2017-01-01,2014-01-01,2017-01-01,"hml,smb,mom",mkt,14,5,86,7,7,smb
2014-01-01_to_2017-01-01,2014-01-01,2017-01-01,"hml,smb,mom",mkt,14,5,95,14,1,mom
2014-01-01_to_2017-01-01,2014-01-01,2017-01-01,"hml,smb,mom",mkt,14,5,95,14,2,mom
2014-01-01_to_2017-01-01,2014-01-01,2017-01-01,"hml,smb,mom",mkt,14,5,95,14,3,mom
2014-01-01_to_2017-01-01,2014-01-01,2017-01-01,"hml,smb,mom",mkt,14,5,95,14,4,mom
2014-01-01_to_2017-01-01,2014-01-01,2017-01-01,"hml,smb,mom",mkt,14,5,95,14,5,mom
2014-01-01_to_2017-01-01,2014-01-01,2017-01-01,"hml,smb,mom",mkt,14,5,95,14,6,smb
2014-01-01_to_2017-01-01,2014-01-01,2017-01-01,"hml,smb,mom",mkt,14,5,95,14,7,hml
2014-01-01_to_2017-01-01,2014-01-01,2017-01-01,"hml,smb,mom",mkt,14,5,95,14,8,smb
2014-01-01_to_2017-01-01,2014-01-01,2017-01-01,"hml,smb,mom",mkt,14,5,95,14,9,hml
2014-01-01_to_2017-01-01,2014-01-01,2017-01-01,"hml,smb,mom",mkt,14,5,95,14,10,hml
2014-01-01_to_2017-01-01,2014-01-01,2017-01-01,"hml,smb,mom",mkt,14,5,95,14,11,smb
2014-01-01_to_2017-01-01,2014-01-01,2017-01-01,"hml,smb,mom",mkt,14,5,95,14,12,smb
2014-01-01_to_2017-01-01,2014-01-01,2017-01-01,"hml,smb,mom",mkt,14,5,95,14,13,smb
2014-01-01_to_2017-01-01,2014-01-01,2017-01-01,"hml,smb,mom",mkt,14,5,95,14,14,hml
2014-01-01_to_2017-01-01,2014-01-01,2017-01-01,"hml,smb,mom",mkt,14,5,96,14,1,mom
2014-01-01_to_2017-01-01,2014-01-01,2017-01-01,"hml,smb,mom",mkt,14,5,96,14,2,mom
2014-01-01_to_2017-01-01,2014-01-01,2017-01-01,"hml,smb,mom",mkt,14,5,96,14,3,mom
2014-01-01_to_2017-01-01,2014-01-01,2017-01-01,"hml,smb,mom",mkt,14,5,96,14,4,mom
2014-01-01_to_2017-01-01,2014-01-01,2017-01-01,"hml,smb,mom",mkt,14,5,96,14,5,mom
2014-01-01_to_2017-01-01,2014-01-01,2017-01-01,"hml,smb,mom",mkt,14,5,96,14,6,smb
2014-01-01_to_2017-01-01,2014-01-01,2017-01-01,"hml,smb,mom",mkt,14,5,96,14,7,hml
2014-01-01_to_2017-01-01,2014-01-01,2017-01-01,"hml,smb,mom",mkt,14,5,96,14,8,smb
2014-01-01_to_2017-01-01,2014-01-01,2017-01-01,"hml,smb,mom",mkt,14,5,96,14,9,hml
2014-01-01_to_2017-01-01,2014-01-01,2017-01-01,"hml,smb,mom",mkt,14,5,96,14,10,hml
2014-01-01_to_2017-01-01,2014-01-01,2017-01-01,"hml,smb,mom",mkt,14,5,96,14,11,smb
2014-01-01_to_2017-01-01,2014-01-01,2017-01-01,"hml,smb,mom",mkt,14,5,96,14,12,smb
2014-01-01_to_2017-01-01,2014-01-01,2017-01-01,"hml,smb,mom",mkt,14,5,96,14,13,smb
2014-01-01_to_2017-01-01,2014-01-01,2017-01-01,"hml,smb,mom",mkt,14,5,96,14,14,hml
2014-01-01_to_2017-01-01,2014-01-01,2017-01-01,"hml,smb,mom",mkt,14,5,97,13,1,mom
2014-01-01_to_2017-01-01,2014-01-01,2017-01-01,"hml,smb,mom",mkt,14,5,97,13,2,mom
2014-01-01_to_2017-01-01,2014-01-01,2017-01-01,"hml,smb,mom",mkt,14,5,97,13,3,mom
2014-01-01_to_2017-01-01,2014-01-01,2017-01-01,"hml,smb,mom",mkt,14,5,97,13,4,mom
2014-01-01_to_2017-01-01,2014-01-01,2017-01-01,"hml,smb,mom",mkt,14,5,97,13,5,mom
2014-01-01_to_2017-01-01,2014-01-01,2017-01-01,"hml,smb,mom",mkt,14,5,97,13,6,smb
2014-01-01_to_2017-01-01,2014-01-01,2017-01-01,"hml,smb,mom",mkt,14,5,97,13,7,hml
2014-01-01_to_2017-01-01,2014-01-01,2017-01-01,"hml,smb,mom",mkt,14,5,97,13,8,smb
2014-01-01_to_2017-01-01,2014-01-01,2017-01-01,"hml,smb,mom",mkt,14,5,97,13,9,hml
2014-01-01_to_2017-01-01,2014-01-01,2017-01-01,"hml,smb,mom",mkt,14,5,97,13,10,hml
2014-01-01_to_2017-01-01,2014-01-01,2017-01-01,"hml,smb,mom",mkt,14,5,97,13,11,smb
2014-01-01_to_2017-01-01,2014-01-01,2017-01-01,"hml,smb,mom",mkt,14,5,97,13,12,smb
2014-01-01_to_2017-01-01,2014-01-01,2017-01-01,"hml,smb,mom",mkt,14,5,97,13,13,smb
2014-01-01_to_2017-01-01,2014-01-01,2017-01-01,"hml,smb,mom",mkt,14,5,98,12,1,mom
2014-01-01_to_2017-01-01,2014-01-01,2017-01-01,"hml,smb,mom",mkt,14,5,98,12,2,mom
2014-01-01_to_2017-01-01,2014-01-01,2017-01-01,"hml,smb,mom",mkt,14,5,98,12,3,mom
2014-01-01_to_2017-01-01,2014-01-01,2017-01-01,"hml,smb,mom",mkt,14,5,98,12,4,mom
2014-01-01_to_2017-01-01,2014-01-01,2017-01-01,"hml,smb,mom",mkt,14,5,98,12,5,mom
2014-01-01_to_2017-01-01,2014-01-01,2017-01-01,"hml,smb,mom",mkt,14,5,98,12,6,smb
2014-01-01_to_2017-01-01,2014-01-01,2017-01-01,"hml,smb,mom",mkt,14,5,98,12,7,hml
2014-01-01_to_2017-01-01,2014-01-01,2017-01-01,"hml,smb,mom",mkt,14,5,98,12,8,smb
2014-01-01_to_2017-01-01,2014-01-01,2017-01-01,"hml,smb,mom",mkt,14,5,98,12,9,hml
2014-01-01_to_2017-01-01,2014-01-01,2017-01-01,"hml,smb,mom",mkt,14,5,98,12,10,hml
2014-01-01_to_2017-01-01,2014-01-01,2017-01-01,"hml,smb,mom",mkt,14,5,98,12,11,smb
2014-01-01_to_2017-01-01,2014-01-01,2017-01-01,"hml,smb,mom",mkt,14,5,98,12,12,smb
2014-01-01_to_2017-01-01,2014-01-01,2017-01-01,"hml,smb,mom",mkt,14,5,99,11,1,mom
2014-01-01_to_2017-01-01,2014-01-01,2017-01-01,"hml,smb,mom",mkt,14,5,99,11,2,mom
2014-01-01_to_2017-01-01,2014-01-01,2017-01-01,"hml,smb,mom",mkt,14,5,99,11,3,mom
2014-01-01_to_2017-01-01,2014-01-01,2017-01-01,"hml,smb,mom",mkt,14,5,99,11,4,mom
2014-01-01_to_2017-01-01,2014-01-01,2017-01-01,"hml,smb,mom",mkt,14,5,99,11,5,mom
2014-01-01_to_2017-01-01,2014-01-01,2017-01-01,"hml,smb,mom",mkt,14,5,99,11,6,smb
2014-01-01_to_2017-01-01,2014-01-01,2017-01-01,"hml,smb,mom",mkt,14,5,99,11,7,hml
2014-01-01_to_2017-01-01,2014-01-01,2017-01-01,"hml,smb,mom",mkt,14,5,99,11,8,smb
2014-01-01_to_2017-01-01,2014-01-01,2017-01-01,"hml,smb,mom",mkt,14,5,99,11,9,hml
2014-01-01_to_2017-01-01,2014-01-01,2017-01-01,"hml,smb,mom",mkt,14,5,99,11,10,hml
2014-01-01_to_2017-01-01,2014-01-01,2017-01-01,"hml,smb,mom",mkt,14,5,99,11,11,smb
2014-01-01_to_2017-01-01,2014-01-01,2017-01-01,"hml,smb,mom",mkt,14,5,100,10,1,mom
2014-01-01_to_2017-01-01,2014-01-01,2017-01-01,"hml,smb,mom",mkt,14,5,100,10,2,mom
2014-01-01_to_2017-01-01,2014-01-01,2017-01-01,"hml,smb,mom",mkt,14,5,100,10,3,mom
2014-01-01_to_2017-01-01,2014-01-01,2017-01-01,"hml,smb,mom",mkt,14,5,100,10,4,mom
2014-01-01_to_2017-01-01,2014-01-01,2017-01-01,"hml,smb,mom",mkt,14,5,100,10,5,mom
2014-01-01_to_2017-01-01,2014-01-01,2017-01-01,"hml,smb,mom",mkt,14,5,100,10,6,smb
2014-01-01_to_2017-01-01,2014-01-01,2017-01-01,"hml,smb,mom",mkt,14,5,100,10,7,hml
2014-01-01_to_2017-01-01,2014-01-01,2017-01-01,"hml,smb,mom",mkt,14,5,100,10,8,smb
2014-01-01_to_2017-01-01,2014-01-01,2017-01-01,"hml,smb,mom",mkt,14,5,100,10,9,hml
2014-01-01_to_2017-01-01,2014-01-01,2017-01-01,"hml,smb,mom",mkt,14,5,100,10,10,hml
2014-01-01_to_2017-01-01,2014-01-01,2017-01-01,"hml,smb,mom",mkt,14,5,102,10,1,mom
2014-01-01_to_2017-01-01,2014-01-01,2017-01-01,"hml,smb,mom",mkt,14,5,102,10,2,mom
2014-01-01_to_2017-01-01,2014-01-01,2017-01-01,"hml,smb,mom",mkt,14,5,102,10,3,mom
2014-01-01_to_2017-01-01,2014-01-01,2017-01-01,"hml,smb,mom",mkt,14,5,102,10,4,mom
2014-01-01_to_2017-01-01,2014-01-01,2017-01-01,"hml,smb,mom",mkt,14,5,102,10,5,mom
2014-01-01_to_2017-01-01,2014-01-01,2017-01-01,"hml,smb,mom",mkt,14,5,102,10,6,smb
2014-01-01_to_2017-01-01,2014-01-01,2017-01-01,"hml,smb,mom",mkt,14,5,102,10,7,hml
2014-01-01_to_2017-01-01,2014-01-01,2017-01-01,"hml,smb,mom",mkt,14,5,102,10,8,smb
2014-01-01_to_2017-01-01,2014-01-01,2017-01-01,"hml,smb,mom",mkt,14,5,102,10,9,hml
2014-01-01_to_2017-01-01,2014-01-01,2017-01-01,"hml,smb,mom",mkt,14,5,102,10,10,hml
2014-01-01_to_2017-01-01,2014-01-01,2017-01-01,"hml,smb,mom",mkt,14,5,103,10,1,mom
2014-01-01_to_2017-01-01,2014-01-01,2017-01-01,"hml,smb,mom",mkt,14,5,103,10,2,mom
2014-01-01_to_2017-01-01,2014-01-01,2017-01-01,"hml,smb,mom",mkt,14,5,103,10,3,mom
2014-01-01_to_2017-01-01,2014-01-01,2017-01-01,"hml,smb,mom",mkt,14,5,103,10,4,mom
2014-01-01_to_2017-01-01,2014-01-01,2017-01-01,"hml,smb,mom",mkt,14,5,103,10,5,mom
2014-01-01_to_2017-01-01,2014-01-01,2017-01-01,"hml,smb,mom",mkt,14,5,103,10,6,smb
2014-01-01_to_2017-01-01,2014-01-01,2017-01-01,"hml,smb,mom",mkt,14,5,103,10,7,hml
2014-01-01_to_2017-01-01,2014-01-01,2017-01-01,"hml,smb,mom",mkt,14,5,103,10,8,smb
2014-01-01_to_2017-01-01,2014-01-01,2017-01-01,"hml,smb,mom",mkt,14,5,103,10,9,hml
2014-01-01_to_2017-01-01,2014-01-01,2017-01-01,"hml,smb,mom",mkt,14,5,103,10,10,hml
2014-01-01_to_2017-01-01,2014-01-01,2017-01-01,"hml,smb,mom",mkt,14,5,104,8,1,mom
2014-01-01_to_2017-01-01,2014-01-01,2017-01-01,"hml,smb,mom",mkt,14,5,104,8,2,mom
2014-01-01_to_2017-01-01,2014-01-01,2017-01-01,"hml,smb,mom",mkt,14,5,104,8,3,mom
2014-01-01_to_2017-01-01,2014-01-01,2017-01-01,"hml,smb,mom",mkt,14,5,104,8,4,mom
2014-01-01_to_2017-01-01,2014-01-01,2017-01-01,"hml,smb,mom",mkt,14,5,104,8,5,mom
2014-01-01_to_2017-01-01,2014-01-01,2017-01-01,"hml,smb,mom",mkt,14,5,104,8,6,smb
2014-01-01_to_2017-01-01,2014-01-01,2017-01-01,"hml,smb,mom",mkt,14,5,104,8,7,hml
2014-01-01_to_2017-01-01,2014-01-01,2017-01-01,"hml,smb,mom",mkt,14,5,104,8,8,smb
2014-01-01_to_2017-01-01,2014-01-01,2017-01-01,"hml,smb,mom",mkt,14,5,107,9,1,mom
2014-01-01_to_2017-01-01,2014-01-01,2017-01-01,"hml,smb,mom",mkt,14,5,107,9,2,mom
2014-01-01_to_2017-01-01,2014-01-01,2017-01-01,"hml,smb,mom",mkt,14,5,107,9,3,mom
2014-01-01_to_2017-01-01,2014-01-01,2017-01-01,"hml,smb,mom",mkt,14,5,107,9,4,mom
2014-01-01_to_2017-01-01,2014-01-01,2017-01-01,"hml,smb,mom",mkt,14,5,107,9,5,mom
2014-01-01_to_2017-01-01,2014-01-01,2017-01-01,"hml,smb,mom",mkt,14,5,107,9,6,smb
2014-01-01_to_2017-01-01,2014-01-01,2017-01-01,"hml,smb,mom",mkt,14,5,107,9,7,hml
2014-01-01_to_2017-01-01,2014-01-01,2017-01-01,"hml,smb,mom",mkt,14,5,107,9,8,mom
2014-01-01_to_2017-01-01,2014-01-01,2017-01-01,"hml,smb,mom",mkt,14,5,107,9,9,smb
2014-01-01_to_2017-01-01,2014-01-01,2017-01-01,"hml,smb,mom",mkt,14,5,108,9,1,mom
2014-01-01_to_2017-01-01,2014-01-01,2017-01-01,"hml,smb,mom",mkt,14,5,108,9,2,mom
2014-01-01_to_2017-01-01,2014-01-01,2017-01-01,"hml,smb,mom",mkt,14,5,108,9,3,mom
2014-01-01_to_2017-01-01,2014-01-01,2017-01-01,"hml,smb,mom",mkt,14,5,108,9,4,mom
2014-01-01_to_2017-01-01,2014-01-01,2017-01-01,"hml,smb,mom",mkt,14,5,108,9,5,mom
2014-01-01_to_2017-01-01,2014-01-01,2017-01-01,"hml,smb,mom",mkt,14,5,108,9,6,smb
2014-01-01_to_2017-01-01,2014-01-01,2017-01-01,"hml,smb,mom",mkt,14,5,108,9,7,hml
2014-01-01_to_2017-01-01,2014-01-01,2017-01-01,"hml,smb,mom",mkt,14,5,108,9,8,mom
2014-01-01_to_2017-01-01,2014-01-01,2017-01-01,"hml,smb,mom",mkt,14,5,108,9,9,smb
2014-01-01_to_2017-01-01,2014-01-01,2017-01-01,"hml,smb,mom",mkt,14,5,110,9,1,mom
2014-01-01_to_2017-01-01,2014-01-01,2017-01-01,"hml,smb,mom",mkt,14,5,110,9,2,mom
2014-01-01_to_2017-01-01,2014-01-01,2017-01-01,"hml,smb,mom",mkt,14,5,110,9,3,mom
2014-01-01_to_2017-01-01,2014-01-01,2017-01-01,"hml,smb,mom",mkt,14,5,110,9,4,mom
2014-01-01_to_2017-01-01,2014-01-01,2017-01-01,"hml,smb,mom",mkt,14,5,110,9,5,mom
2014-01-01_to_2017-01-01,2014-01-01,2017-01-01,"hml,smb,mom",mkt,14,5,110,9,6,smb
2014-01-01_to_2017-01-01,2014-01-01,2017-01-01,"hml,smb,mom",mkt,14,5,110,9,7,hml
2014-01-01_to_2017-01-01,2014-01-01,2017-01-01,"hml,smb,mom",mkt,14,5,110,9,8,mom
2014-01-01_to_2017-01-01,2014-01-01,2017-01-01,"hml,smb,mom",mkt,14,5,110,9,9,smb
2014-01-01_to_2017-01-01,2014-01-01,2017-01-01,"hml,smb,mom",mkt,14,5,112,10,1,mom
2014-01-01_to_2017-01-01,2014-01-01,2017-01-01,"hml,smb,mom",mkt,14,5,112,10,2,mom
2014-01-01_to_2017-01-01,2014-01-01,2017-01-01,"hml,smb,mom",mkt,14,5,112,10,3,mom
2014-01-01_to_2017-01-01,2014-01-01,2017-01-01,"hml,smb,mom",mkt,14,5,112,10,4,mom
2014-01-01_to_2017-01-01,2014-01-01,2017-01-01,"hml,smb,mom",mkt,14,5,112,10,5,mom
2014-01-01_to_2017-01-01,2014-01-01,2017-01-01,"hml,smb,mom",mkt,14,5,112,10,6,smb
2014-01-01_to_2017-01-01,2014-01-01,2017-01-01,"hml,smb,mom",mkt,14,5,112,10,7,hml
2014-01-01_to_2017-01-01,2014-01-01,2017-01-01,"hml,smb,mom",mkt,14,5,112,10,8,mom
2014-01-01_to_2017-01-01,2014-01-01,2017-01-01,"hml,smb,mom",mkt,14,5,112,10,9,smb
2014-01-01_to_2017-01-01,2014-01-01,2017-01-01,"hml,smb,mom",mkt,14,5,112,10,10,smb
2014-01-01_to_2017-01-01,2014-01-01,2017-01-01,"hml,smb,mom",mkt,14,5,113,10,1,mom
2014-01-01_to_2017-01-01,2014-01-01,2017-01-01,"hml,smb,mom",mkt,14,5,113,10,2,mom
2014-01-01_to_2017-01-01,2014-01-01,2017-01-01,"hml,smb,mom",mkt,14,5,113,10,3,mom
2014-01-01_to_2017-01-01,2014-01-01,2017-01-01,"hml,smb,mom",mkt,14,5,113,10,4,mom
2014-01-01_to_2017-01-01,2014-01-01,2017-01-01,"hml,smb,mom",mkt,14,5,113,10,5,mom
2014-01-01_to_2017-01-01,2014-01-01,2017-01-01,"hml,smb,mom",mkt,14,5,113,10,6,smb
2014-01-01_to_2017-01-01,2014-01-01,2017-01-01,"hml,smb,mom",mkt,14,5,113,10,7,hml
2014-01-01_to_2017-01-01,2014-01-01,2017-01-01,"hml,smb,mom",mkt,14,5,113,10,8,mom
2014-01-01_to_2017-01-01,2014-01-01,2017-01-01,"hml,smb,mom",mkt,14,5,113,10,9,smb
2014-01-01_to_2017-01-01,2014-01-01,2017-01-01,"hml,smb,mom",mkt,14,5,113,10,10,smb
2014-01-01_to_2017-01-01,2014-01-01,2017-01-01,"hml,smb,mom",mkt,14,5,116,7,1,mom
2014-01-01_to_2017-01-01,2014-01-01,2017-01-01,"hml,smb,mom",mkt,14,5,116,7,2,mom
2014-01-01_to_2017-01-01,2014-01-01,2017-01-01,"hml,smb,mom",mkt,14,5,116,7,3,mom
2014-01-01_to_2017-01-01,2014-01-01,2017-01-01,"hml,smb,mom",mkt,14,5,116,7,4,mom
2014-01-01_to_2017-01-01,2014-01-01,2017-01-01,"hml,smb,mom",mkt,14,5,116,7,5,mom
2014-01-01_to_2017-01-01,2014-01-01,2017-01-01,"hml,smb,mom",mkt,14,5,116,7,6,smb
2014-01-01_to_2017-01-01,2014-01-01,2017-01-01,"hml,smb,mom",mkt,14,5,116,7,7,smb
2014-01-01_to_2017-01-01,2014-01-01,2017-01-01,"hml,smb,mom",mkt,14,5,118,8,1,mom
2014-01-01_to_2017-01-01,2014-01-01,2017-01-01,"hml,smb,mom",mkt,14,5,118,8,2,mom
2014-01-01_to_2017-01-01,2014-01-01,2017-01-01,"hml,smb,mom",mkt,14,5,118,8,3,mom
2014-01-01_to_2017-01-01,2014-01-01,2017-01-01,"hml,smb,mom",mkt,14,5,118,8,4,mom
2014-01-01_to_2017-01-01,2014-01-01,2017-01-01,"hml,smb,mom",mkt,14,5,118,8,5,mom
2014-01-01_to_2017-01-01,2014-01-01,2017-01-01,"hml,smb,mom",mkt,14,5,118,8,6,smb
2014-01-01_to_2017-01-01,2014-01-01,2017-01-01,"hml,smb,mom",mkt,14,5,118,8,7,smb
2014-01-01_to_2017-01-01,2014-01-01,2017-01-01,"hml,smb,mom",mkt,14,5,118,8,8,hml
2014-01-01_to_2017-01-01,2014-01-01,2017-01-01,"hml,smb,mom",mkt,14,5,120,9,1,mom
2014-01-01_to_2017-01-01,2014-01-01,2017-01-01,"hml,smb,mom",mkt,14,5,120,9,2,mom
2014-01-01_to_2017-01-01,2014-01-01,2017-01-01,"hml,smb,mom",mkt,14,5,120,9,3,mom
2014-01-01_to_2017-01-01,2014-01-01,2017-01-01,"hml,smb,mom",mkt,14,5,120,9,4,mom
2014-01-01_to_2017-01-01,2014-01-01,2017-01-01,"hml,smb,mom",mkt,14,5,120,9,5,mom
2014-01-01_to_2017-01-01,2014-01-01,2017-01-01,"hml,smb,mom",mkt,14,5,120,9,6,smb
2014-01-01_to_2017-01-01,2014-01-01,2017-01-01,"hml,smb,mom",mkt,14,5,120,9,7,smb
2014-01-01_to_2017-01-01,2014-01-01,2017-01-01,"hml,smb,mom",mkt,14,5,120,9,8,hml
2014-01-01_to_2017-01-01,2014-01-01,2017-01-01,"hml,smb,mom",mkt,14,5,120,9,9,hml
2014-01-01_to_2017-01-01,2014-01-01,2017-01-01,"hml,smb,mom",mkt,14,5,121,9,1,mom
2014-01-01_to_2017-01-01,2014-01-01,2017-01-01,"hml,smb,mom",mkt,14,5,121,9,2,mom
2014-01-01_to_2017-01-01,2014-01-01,2017-01-01,"hml,smb,mom",mkt,14,5,121,9,3,mom
2014-01-01_to_2017-01-01,2014-01-01,2017-01-01,"hml,smb,mom",mkt,14,5,121,9,4,mom
2014-01-01_to_2017-01-01,2014-01-01,2017-01-01,"hml,smb,mom",mkt,14,5,121,9,5,mom
2014-01-01_to_2017-01-01,2014-01-01,2017-01-01,"hml,smb,mom",mkt,14,5,121,9,6,smb
2014-01-01_to_2017-01-01,2014-01-01,2017-01-01,"hml,smb,mom",mkt,14,5,121,9,7,smb
2014-01-01_to_2017-01-01,2014-01-01,2017-01-01,"hml,smb,mom",mkt,14,5,121,9,8,hml
2014-01-01_to_2017-01-01,2014-01-01,2017-01-01,"hml,smb,mom",mkt,14,5,121,9,9,hml
2014-01-01_to_2017-01-01,2014-01-01,2017-01-01,"hml,smb,mom",mkt,14,5,124,8,1,mom
2014-01-01_to_2017-01-01,2014-01-01,2017-01-01,"hml,smb,mom",mkt,14,5,124,8,2,mom
2014-01-01_to_2017-01-01,2014-01-01,2017-01-01,"hml,smb,mom",mkt,14,5,124,8,3,mom
2014-01-01_to_2017-01-01,2014-01-01,2017-01-01,"hml,smb,mom",mkt,14,5,124,8,4,mom
2014-01-01_to_2017-01-01,2014-01-01,2017-01-01,"hml,smb,mom",mkt,14,5,124,8,5,mom
2014-01-01_to_2017-01-01,2014-01-01,2017-01-01,"hml,smb,mom",mkt,14,5,124,8,6,smb
2014-01-01_to_2017-01-01,2014-01-01,2017-01-01,"hml,smb,mom",mkt,14,5,124,8,7,mom
2014-01-01_to_2017-01-01,2014-01-01,2017-01-01,"hml,smb,mom",mkt,14,5,124,8,8,hml
2014-01-01_to_2017-01-01,2014-01-01,2017-01-01,"hml,smb,mom",mkt,14,5,125,8,1,mom
2014-01-01_to_2017-01-01,2014-01-01,2017-01-01,"hml,smb,mom",mkt,14,5,125,8,2,mom
2014-01-01_to_2017-01-01,2014-01-01,2017-01-01,"hml,smb,mom",mkt,14,5,125,8,3,mom
2014-01-01_to_2017-01-01,2014-01-01,2017-01-01,"hml,smb,mom",mkt,14,5,125,8,4,mom
2014-01-01_to_2017-01-01,2014-01-01,2017-01-01,"hml,smb,mom",mkt,14,5,125,8,5,mom
2014-01-01_to_2017-01-01,2014-01-01,2017-01-01,"hml,smb,mom",mkt,14,5,125,8,6,smb
2014-01-01_to_2017-01-01,2014-01-01,2017-01-01,"hml,smb,mom",mkt,14,5,125,8,7,mom
2014-01-01_to_2017-01-01,2014-01-01,2017-01-01,"hml,smb,mom",mkt,14,5,125,8,8,hml
2014-01-01_to_2017-01-01,2014-01-01,2017-01-01,"hml,smb,mom",mkt,14,5,126,7,1,mom
2014-01-01_to_2017-01-01,2014-01-01,2017-01-01,"hml,smb,mom",mkt,14,5,126,7,2,mom
2014-01-01_to_2017-01-01,2014-01-01,2017-01-01,"hml,smb,mom",mkt,14,5,126,7,3,mom
2014-01-01_to_2017-01-01,2014-01-01,2017-01-01,"hml,smb,mom",mkt,14,5,126,7,4,mom
2014-01-01_to_2017-01-01,2014-01-01,2017-01-01,"hml,smb,mom",mkt,14,5,126,7,5,mom
2014-01-01_to_2017-01-01,2014-01-01,2017-01-01,"hml,smb,mom",mkt,14,5,126,7,6,smb
2014-01-01_to_2017-01-01,2014-01-01,2017-01-01,"hml,smb,mom",mkt,14,5,126,7,7,mom
2014-01-01_to_2017-01-01,2014-01-01,2017-01-01,"hml,smb,mom",mkt,14,5,132,9,1,mom
2014-01-01_to_2017-01-01,2014-01-01,2017-01-01,"hml,smb,mom",mkt,14,5,132,9,2,mom
2014-01-01_to_2017-01-01,2014-01-01,2017-01-01,"hml,smb,mom",mkt,14,5,132,9,3,mom
2014-01-01_to_2017-01-01,2014-01-01,2017-01-01,"hml,smb,mom",mkt,14,5,132,9,4,mom
2014-01-01_to_2017-01-01,2014-01-01,2017-01-01,"hml,smb,mom",mkt,14,5,132,9,5,mom
2014-01-01_to_2017-01-01,2014-01-01,2017-01-01,"hml,smb,mom",mkt,14,5,132,9,6,hml
2014-01-01_to_2017-01-01,2014-01-01,2017-01-01,"hml,smb,mom",mkt,14,5,132,9,7,smb
2014-01-01_to_2017-01-01,2014-01-01,2017-01-01,"hml,smb,mom",mkt,14,5,132,9,8,mom
2014-01-01_to_2017-01-01,2014-01-01,2017-01-01,"hml,smb,mom",mkt,14,5,132,9,9,hml
2014-01-01_to_2017-01-01,2014-01-01,2017-01-01,"hml,smb,mom",mkt,14,5,133,9,1,mom
2014-01-01_to_2017-01-01,2014-01-01,2017-01-01,"hml,smb,mom",mkt,14,5,133,9,2,mom
2014-01-01_to_2017-01-01,2014-01-01,2017-01-01,"hml,smb,mom",mkt,14,5,133,9,3,mom
2014-01-01_to_2017-01-01,2014-01-01,2017-01-01,"hml,smb,mom",mkt,14,5,133,9,4,mom
2014-01-01_to_2017-01-01,2014-01-01,2017-01-01,"hml,smb,mom",mkt,14,5,133,9,5,mom
2014-01-01_to_2017-01-01,2014-01-01,2017-01-01,"hml,smb,mom",mkt,14,5,133,9,6,hml
2014-01-01_to_2017-01-01,2014-01-01,2017-01-01,"hml,smb,mom",mkt,14,5,133,9,7,smb
2014-01-01_to_2017-01-01,2014-01-01,2017-01-01,"hml,smb,mom",mkt,14,5,133,9,8,mom
2014-01-01_to_2017-01-01,2014-01-01,2017-01-01,"hml,smb,mom",mkt,14,5,133,9,9,hml
2014-01-01_to_2017-01-01,2014-01-01,2017-01-01,"hml,smb,mom",mkt,14,5,135,9,1,mom
2014-01-01_to_2017-01-01,2014-01-01,2017-01-01,"hml,smb,mom",mkt,14,5,135,9,2,mom
2014-01-01_to_2017-01-01,2014-01-01,2017-01-01,"hml,smb,mom",mkt,14,5,135,9,3,mom
2014-01-01_to_2017-01-01,2014-01-01,2017-01-01,"hml,smb,mom",mkt,14,5,135,9,4,mom
2014-01-01_to_2017-01-01,2014-01-01,2017-01-01,"hml,smb,mom",mkt,14,5,135,9,5,mom
2014-01-01_to_2017-01-01,2014-01-01,2017-01-01,"hml,smb,mom",mkt,14,5,135,9,6,hml
2014-01-01_to_2017-01-01,2014-01-01,2017-01-01,"hml,smb,mom",mkt,14,5,135,9,7,smb
2014-01-01_to_2017-01-01,2014-01-01,2017-01-01,"hml,smb,mom",mkt,14,5,135,9,8,mom
2014-01-01_to_2017-01-01,2014-01-01,2017-01-01,"hml,smb,mom",mkt,14,5,135,9,9,smb
2014-01-01_to_2017-01-01,2014-01-01,2017-01-01,"hml,smb,mom",mkt,14,5,137,10,1,mom
2014-01-01_to_2017-01-01,2014-01-01,2017-01-01,"hml,smb,mom",mkt,14,5,137,10,2,mom
2014-01-01_to_2017-01-01,2014-01-01,2017-01-01,"hml,smb,mom",mkt,14,5,137,10,3,mom
2014-01-01_to_2017-01-01,2014-01-01,2017-01-01,"hml,smb,mom",mkt,14,5,137,10,4,mom
2014-01-01_to_2017-01-01,2014-01-01,2017-01-01,"hml,smb,mom",mkt,14,5,137,10,5,mom
2014-01-01_to_2017-01-01,2014-01-01,2017-01-01,"hml,smb,mom",mkt,14,5,137,10,6,hml
2014-01-01_to_2017-01-01,2014-01-01,2017-01-01,"hml,smb,mom",mkt,14,5,137,10,7,smb
2014-01-01_to_2017-01-01,2014-01-01,2017-01-01,"hml,smb,mom",mkt,14,5,137,10,8,mom
2014-01-01_to_2017-01-01,2014-01-01,2017-01-01,"hml,smb,mom",mkt,14,5,137,10,9,smb
2014-01-01_to_2017-01-01,2014-01-01,2017-01-01,"hml,smb,mom",mkt,14,5,137,10,10,mom
2014-01-01_to_2017-01-01,2014-01-01,2017-01-01,"hml,smb,mom",mkt,14,5,138,10,1,mom
2014-01-01_to_2017-01-01,2014-01-01,2017-01-01,"hml,smb,mom",mkt,14,5,138,10,2,mom
2014-01-01_to_2017-01-01,2014-01-01,2017-01-01,"hml,smb,mom",mkt,14,5,138,10,3,mom
2014-01-01_to_2017-01-01,2014-01-01,2017-01-01,"hml,smb,mom",mkt,14,5,138,10,4,mom
2014-01-01_to_2017-01-01,2014-01-01,2017-01-01,"hml,smb,mom",mkt,14,5,138,10,5,mom
2014-01-01_to_2017-01-01,2014-01-01,2017-01-01,"hml,smb,mom",mkt,14,5,138,10,6,hml
2014-01-01_to_2017-01-01,2014-01-01,2017-01-01,"hml,smb,mom",mkt,14,5,138,10,7,smb
2014-01-01_to_2017-01-01,2014-01-01,2017-01-01,"hml,smb,mom",mkt,14,5,138,10,8,mom
2014-01-01_to_2017-01-01,2014-01-01,2017-01-01,"hml,smb,mom",mkt,14,5,138,10,9,smb
2014-01-01_to_2017-01-01,2014-01-01,2017-01-01,"hml,smb,mom",mkt,14,5,138,10,10,mom
2014-01-01_to_2017-01-01,2014-01-01,2017-01-01,"hml,smb,mom",mkt,14,5,139,7,1,mom
2014-01-01_to_2017-01-01,2014-01-01,2017-01-01,"hml,smb,mom",mkt,14,5,139,7,2,mom
2014-01-01_to_2017-01-01,2014-01-01,2017-01-01,"hml,smb,mom",mkt,14,5,139,7,3,mom
2014-01-01_to_2017-01-01,2014-01-01,2017-01-01,"hml,smb,mom",mkt,14,5,139,7,4,mom
2014-01-01_to_2017-01-01,2014-01-01,2017-01-01,"hml,smb,mom",mkt,14,5,139,7,5,mom
2014-01-01_to_2017-01-01,2014-01-01,2017-01-01,"hml,smb,mom",mkt,14,5,139,7,6,hml
2014-01-01_to_2017-01-01,2014-01-01,2017-01-01,"hml,smb,mom",mkt,14,5,139,7,7,smb
2014-01-01_to_2017-01-01,2014-01-01,2017-01-01,"hml,smb,mom",mkt,14,5,142,8,1,mom
2014-01-01_to_2017-01-01,2014-01-01,2017-01-01,"hml,smb,mom",mkt,14,5,142,8,2,mom
2014-01-01_to_2017-01-01,2014-01-01,2017-01-01,"hml,smb,mom",mkt,14,5,142,8,3,mom
2014-01-01_to_2017-01-01,2014-01-01,2017-01-01,"hml,smb,mom",mkt,14,5,142,8,4,mom
2014-01-01_to_2017-01-01,2014-01-01,2017-01-01,"hml,smb,mom",mkt,14,5,142,8,5,mom
2014-01-01_to_2017-01-01,2014-01-01,2017-01-01,"hml,smb,mom",mkt,14,5,142,8,6,hml
2014-01-01_to_2017-01-01,2014-01-01,2017-01-01,"hml,smb,mom",mkt,14,5,142,8,7,smb
2014-01-01_to_2017-01-01,2014-01-01,2017-01-01,"hml,smb,mom",mkt,14,5,142,8,8,smb
2014-01-01_to_2017-01-01,2014-01-01,2017-01-01,"hml,smb,mom",mkt,14,5,143,8,1,mom
2014-01-01_to_2017-01-01,2014-01-01,2017-01-01,"hml,smb,mom",mkt,14,5,143,8,2,mom
2014-01-01_to_2017-01-01,2014-01-01,2017-01-01,"hml,smb,mom",mkt,14,5,143,8,3,mom
2014-01-01_to_2017-01-01,2014-01-01,2017-01-01,"hml,smb,mom",mkt,14,5,143,8,4,mom
2014-01-01_to_2017-01-01,2014-01-01,2017-01-01,"hml,smb,mom",mkt,14,5,143,8,5,mom
2014-01-01_to_2017-01-01,2014-01-01,2017-01-01,"hml,smb,mom",mkt,14,5,143,8,6,hml
2014-01-01_to_2017-01-01,2014-01-01,2017-01-01,"hml,smb,mom",mkt,14,5,143,8,7,smb
2014-01-01_to_2017-01-01,2014-01-01,2017-01-01,"hml,smb,mom",mkt,14,5,143,8,8,smb
2014-01-01_to_2017-01-01,2014-01-01,2017-01-01,"hml,smb,mom",mkt,14,5,146,9,1,mom
2014-01-01_to_2017-01-01,2014-01-01,2017-01-01,"hml,smb,mom",mkt,14,5,146,9,2,mom
2014-01-01_to_2017-01-01,2014-01-01,2017-01-01,"hml,smb,mom",mkt,14,5,146,9,3,mom
2014-01-01_to_2017-01-01,2014-01-01,2017-01-01,"hml,smb,mom",mkt,14,5,146,9,4,mom
2014-01-01_to_2017-01-01,2014-01-01,2017-01-01,"hml,smb,mom",mkt,14,5,146,9,5,mom
2014-01-01_to_2017-01-01,2014-01-01,2017-01-01,"hml,smb,mom",mkt,14,5,146,9,6,hml
2014-01-01_to_2017-01-01,2014-01-01,2017-01-01,"hml,smb,mom",mkt,14,5,146,9,7,smb
2014-01-01_to_2017-01-01,2014-01-01,2017-01-01,"hml,smb,mom",mkt,14,5,146,9,8,smb
2014-01-01_to_2017-01-01,2014-01-01,2017-01-01,"hml,smb,mom",mkt,14,5,146,9,9,hml
2014-01-01_to_2017-01-01,2014-01-01,2017-01-01,"hml,smb,mom",mkt,14,5,147,9,1,mom
2014-01-01_to_2017-01-01,2014-01-01,2017-01-01,"hml,smb,mom",mkt,14,5,147,9,2,mom
2014-01-01_to_2017-01-01,2014-01-01,2017-01-01,"hml,smb,mom",mkt,14,5,147,9,3,mom
2014-01-01_to_2017-01-01,2014-01-01,2017-01-01,"hml,smb,mom",mkt,14,5,147,9,4,mom
2014-01-01_to_2017-01-01,2014-01-01,2017-01-01,"hml,smb,mom",mkt,14,5,147,9,5,mom
2014-01-01_to_2017-01-01,2014-01-01,2017-01-01,"hml,smb,mom",mkt,14,5,147,9,6,hml
2014-01-01_to_2017-01-01,2014-01-01,2017-01-01,"hml,smb,mom",mkt,14,5,147,9,7,smb
2014-01-01_to_2017-01-01,2014-01-01,2017-01-01,"hml,smb,mom",mkt,14,5,147,9,8,smb
2014-01-01_to_2017-01-01,2014-01-01,2017-01-01,"hml,smb,mom",mkt,14,5,147,9,9,hml
2014-01-01_to_2017-01-01,2014-01-01,2017-01-01,"hml,smb,mom",mkt,14,5,150,10,1,mom
2014-01-01_to_2017-01-01,2014-01-01,2017-01-01,"hml,smb,mom",mkt,14,5,150,10,2,mom
2014-01-01_to_2017-01-01,2014-01-01,2017-01-01,"hml,smb,mom",mkt,14,5,150,10,3,mom
2014-01-01_to_2017-01-01,2014-01-01,2017-01-01,"hml,smb,mom",mkt,14,5,150,10,4,mom
2014-01-01_to_2017-01-01,2014-01-01,2017-01-01,"hml,smb,mom",mkt,14,5,150,10,5,mom
2014-01-01_to_2017-01-01,2014-01-01,2017-01-01,"hml,smb,mom",mkt,14,5,150,10,6,hml
2014-01-01_to_2017-01-01,2014-01-01,2017-01-01,"hml,smb,mom",mkt,14,5,150,10,7,smb
2014-01-01_to_2017-01-01,2014-01-01,2017-01-01,"hml,smb,mom",mkt,14,5,150,10,8,smb
2014-01-01_to_2017-01-01,2014-01-01,2017-01-01,"hml,smb,mom",mkt,14,5,150,10,9,mom
2014-01-01_to_2017-01-01,2014-01-01,2017-01-01,"hml,smb,mom",mkt,14,5,150,10,10,hml
2014-01-01_to_2017-01-01,2014-01-01,2017-01-01,"hml,smb,mom",mkt,14,5,153,12,1,mom
2014-01-01_to_2017-01-01,2014-01-01,2017-01-01,"hml,smb,mom",mkt,14,5,153,12,2,mom
2014-01-01_to_2017-01-01,2014-01-01,2017-01-01,"hml,smb,mom",mkt,14,5,153,12,3,mom
2014-01-01_to_2017-01-01,2014-01-01,2017-01-01,"hml,smb,mom",mkt,14,5,153,12,4,mom
2014-01-01_to_2017-01-01,2014-01-01,2017-01-01,"hml,smb,mom",mkt,14,5,153,12,5,mom
2014-01-01_to_2017-01-01,2014-01-01,2017-01-01,"hml,smb,mom",mkt,14,5,153,12,6,hml
2014-01-01_to_2017-01-01,2014-01-01,2017-01-01,"hml,smb,mom",mkt,14,5,153,12,7,smb
2014-01-01_to_2017-01-01,2014-01-01,2017-01-01,"hml,smb,mom",mkt,14,5,153,12,8,smb
2014-01-01_to_2017-01-01,2014-01-01,2017-01-01,"hml,smb,mom",mkt,14,5,153,12,9,mom
2014-01-01_to_2017-01-01,2014-01-01,2017-01-01,"hml,smb,mom",mkt,14,5,153,12,10,hml
2014-01-01_to_2017-01-01,2014-01-01,2017-01-01,"hml,smb,mom",mkt,14,5,153,12,11,mom
2014-01-01_to_2017-01-01,2014-01-01,2017-01-01,"hml,smb,mom",mkt,14,5,153,12,12,hml
2014-01-01_to_2017-01-01,2014-01-01,2017-01-01,"hml,smb,mom",mkt,14,5,154,12,1,mom
2014-01-01_to_2017-01-01,2014-01-01,2017-01-01,"hml,smb,mom",mkt,14,5,154,12,2,mom
2014-01-01_to_2017-01-01,2014-01-01,2017-01-01,"hml,smb,mom",mkt,14,5,154,12,3,mom
2014-01-01_to_2017-01-01,2014-01-01,2017-01-01,"hml,smb,mom",mkt,14,5,154,12,4,mom
2014-01-01_to_2017-01-01,2014-01-01,2017-01-01,"hml,smb,mom",mkt,14,5,154,12,5,mom
2014-01-01_to_2017-01-01,2014-01-01,2017-01-01,"hml,smb,mom",mkt,14,5,154,12,6,hml
2014-01-01_to_2017-01-01,2014-01-01,2017-01-01,"hml,smb,mom",mkt,14,5,154,12,7,smb
2014-01-01_to_2017-01-01,2014-01-01,2017-01-01,"hml,smb,mom",mkt,14,5,154,12,8,smb
2014-01-01_to_2017-01-01,2014-01-01,2017-01-01,"hml,smb,mom",mkt,14,5,154,12,9,mom
2014-01-01_to_2017-01-01,2014-01-01,2017-01-01,"hml,smb,mom",mkt,14,5,154,12,10,hml
2014-01-01_to_2017-01-01,2014-01-01,2017-01-01,"hml,smb,mom",mkt,14,5,154,12,11,mom
2014-01-01_to_2017-01-01,2014-01-01,2017-01-01,"hml,smb,mom",mkt,14,5,154,12,12,hml
2014-01-01_to_2017-01-01,2014-01-01,2017-01-01,"hml,smb,mom",mkt,14,5,155,11,1,mom
2014-01-01_to_2017-01-01,2014-01-01,2017-01-01,"hml,smb,mom",mkt,14,5,155,11,2,mom
2014-01-01_to_2017-01-01,2014-01-01,2017-01-01,"hml,smb,mom",mkt,14,5,155,11,3,mom
2014-01-01_to_2017-01-01,2014-01-01,2017-01-01,"hml,smb,mom",mkt,14,5,155,11,4,mom
2014-01-01_to_2017-01-01,2014-01-01,2017-01-01,"hml,smb,mom",mkt,14,5,155,11,5,mom
2014-01-01_to_2017-01-01,2014-01-01,2017-01-01,"hml,smb,mom",mkt,14,5,155,11,6,hml
2014-01-01_to_2017-01-01,2014-01-01,2017-01-01,"hml,smb,mom",mkt,14,5,155,11,7,smb
2014-01-01_to_2017-01-01,2014-01-01,2017-01-01,"hml,smb,mom",mkt,14,5,155,11,8,smb
2014-01-01_to_2017-01-01,2014-01-01,2017-01-01,"hml,smb,mom",mkt,14,5,155,11,9,mom
2014-01-01_to_2017-01-01,2014-01-01,2017-01-01,"hml,smb,mom",mkt,14,5,155,11,10,hml
2014-01-01_to_2017-01-01,2014-01-01,2017-01-01,"hml,smb,mom",mkt,14,5,155,11,11,mom
2014-01-01_to_2017-01-01,2014-01-01,2017-01-01,"hml,smb,mom",mkt,14,5,156,9,1,mom
2014-01-01_to_2017-01-01,2014-01-01,2017-01-01,"hml,smb,mom",mkt,14,5,156,9,2,mom
2014-01-01_to_2017-01-01,2014-01-01,2017-01-01,"hml,smb,mom",mkt,14,5,156,9,3,mom
2014-01-01_to_2017-01-01,2014-01-01,2017-01-01,"hml,smb,mom",mkt,14,5,156,9,4,mom
2014-01-01_to_2017-01-01,2014-01-01,2017-01-01,"hml,smb,mom",mkt,14,5,156,9,5,mom
2014-01-01_to_2017-01-01,2014-01-01,2017-01-01,"hml,smb,mom",mkt,14,5,156,9,6,hml
2014-01-01_to_2017-01-01,2014-01-01,2017-01-01,"hml,smb,mom",mkt,14,5,156,9,7,smb
2014-01-01_to_2017-01-01,2014-01-01,2017-01-01,"hml,smb,mom",mkt,14,5,156,9,8,smb
2014-01-01_to_2017-01-01,2014-01-01,2017-01-01,"hml,smb,mom",mkt,14,5,156,9,9,mom
2014-01-01_to_2017-01-01,2014-01-01,2017-01-01,"hml,smb,mom",mkt,14,5,159,7,1,mom
2014-01-01_to_2017-01-01,2014-01-01,2017-01-01,"hml,smb,mom",mkt,14,5,159,7,2,mom
2014-01-01_to_2017-01-01,2014-01-01,2017-01-01,"hml,smb,mom",mkt,14,5,159,7,3,mom
2014-01-01_to_2017-01-01,2014-01-01,2017-01-01,"hml,smb,mom",mkt,14,5,159,7,4,mom
2014-01-01_to_2017-01-01,2014-01-01,2017-01-01,"hml,smb,mom",mkt,14,5,159,7,5,mom
2014-01-01_to_2017-01-01,2014-01-01,2017-01-01,"hml,smb,mom",mkt,14,5,159,7,6,smb
2014-01-01_to_2017-01-01,2014-01-01,2017-01-01,"hml,smb,mom",mkt,14,5,159,7,7,hml
2014-01-01_to_2017-01-01,2014-01-01,2017-01-01,"hml,smb,mom",mkt,14,5,160,7,1,mom
2014-01-01_to_2017-01-01,2014-01-01,2017-01-01,"hml,smb,mom",mkt,14,5,160,7,2,mom
2014-01-01_to_2017-01-01,2014-01-01,2017-01-01,"hml,smb,mom",mkt,14,5,160,7,3,mom
2014-01-01_to_2017-01-01,2014-01-01,2017-01-01,"hml,smb,mom",mkt,14,5,160,7,4,mom
2014-01-01_to_2017-01-01,2014-01-01,2017-01-01,"hml,smb,mom",mkt,14,5,160,7,5,mom
2014-01-01_to_2017-01-01,2014-01-01,2017-01-01,"hml,smb,mom",mkt,14,5,160,7,6,smb
2014-01-01_to_2017-01-01,2014-01-01,2017-01-01,"hml,smb,mom",mkt,14,5,160,7,7,hml
2014-01-01_to_2017-01-01,2014-01-01,2017-01-01,"hml,smb,mom",mkt,14,5,164,9,1,mom
2014-01-01_to_2017-01-01,2014-01-01,2017-01-01,"hml,smb,mom",mkt,14,5,164,9,2,mom
2014-01-01_to_2017-01-01,2014-01-01,2017-01-01,"hml,smb,mom",mkt,14,5,164,9,3,mom
2014-01-01_to_2017-01-01,2014-01-01,2017-01-01,"hml,smb,mom",mkt,14,5,164,9,4,mom
2014-01-01_to_2017-01-01,2014-01-01,2017-01-01,"hml,smb,mom",mkt,14,5,164,9,5,mom
2014-01-01_to_2017-01-01,2014-01-01,2017-01-01,"hml,smb,mom",mkt,14,5,164,9,6,smb
2014-01-01_to_2017-01-01,2014-01-01,2017-01-01,"hml,smb,mom",mkt,14,5,164,9,7,smb
2014-01-01_to_2017-01-01,2014-01-01,2017-01-01,"hml,smb,mom",mkt,14,5,164,9,8,smb
2014-01-01_to_2017-01-01,2014-01-01,2017-01-01,"hml,smb,mom",mkt,14,5,164,9,9,mom
2014-01-01_to_2017-01-01,2014-01-01,2017-01-01,"hml,smb,mom",mkt,14,5,165,9,1,mom
2014-01-01_to_2017-01-01,2014-01-01,2017-01-01,"hml,smb,mom",mkt,14,5,165,9,2,mom
2014-01-01_to_2017-01-01,2014-01-01,2017-01-01,"hml,smb,mom",mkt,14,5,165,9,3,mom
2014-01-01_to_2017-01-01,2014-01-01,2017-01-01,"hml,smb,mom",mkt,14,5,165,9,4,mom
2014-01-01_to_2017-01-01,2014-01-01,2017-01-01,"hml,smb,mom",mkt,14,5,165,9,5,mom
2014-01-01_to_2017-01-01,2014-01-01,2017-01-01,"hml,smb,mom",mkt,14,5,165,9,6,smb
2014-01-01_to_2017-01-01,2014-01-01,2017-01-01,"hml,smb,mom",mkt,14,5,165,9,7,smb
2014-01-01_to_2017-01-01,2014-01-01,2017-01-01,"hml,smb,mom",mkt,14,5,165,9,8,smb
2014-01-01_to_2017-01-01,2014-01-01,2017-01-01,"hml,smb,mom",mkt,14,5,165,9,9,mom
2014-01-01_to_2017-01-01,2014-01-01,2017-01-01,"hml,smb,mom",mkt,14,5,166,8,1,mom
2014-01-01_to_2017-01-01,2014-01-01,2017-01-01,"hml,smb,mom",mkt,14,5,166,8,2,mom
2014-01-01_to_2017-01-01,2014-01-01,2017-01-01,"hml,smb,mom",mkt,14,5,166,8,3,mom
2014-01-01_to_2017-01-01,2014-01-01,2017-01-01,"hml,smb,mom",mkt,14,5,166,8,4,mom
2014-01-01_to_2017-01-01,2014-01-01,2017-01-01,"hml,smb,mom",mkt,14,5,166,8,5,mom
2014-01-01_to_2017-01-01,2014-01-01,2017-01-01,"hml,smb,mom",mkt,14,5,166,8,6,smb
2014-01-01_to_2017-01-01,2014-01-01,2017-01-01,"hml,smb,mom",mkt,14,5,166,8,7,smb
2014-01-01_to_2017-01-01,2014-01-01,2017-01-01,"hml,smb,mom",mkt,14,5,166,8,8,smb
2014-01-01_to_2017-01-01,2014-01-01,2017-01-01,"hml,smb,mom",mkt,14,5,167,7,1,mom
2014-01-01_to_2017-01-01,2014-01-01,2017-01-01,"hml,smb,mom",mkt,14,5,167,7,2,mom
2014-01-01_to_2017-01-01,2014-01-01,2017-01-01,"hml,smb,mom",mkt,14,5,167,7,3,mom
2014-01-01_to_2017-01-01,2014-01-01,2017-01-01,"hml,smb,mom",mkt,14,5,167,7,4,mom
2014-01-01_to_2017-01-01,2014-01-01,2017-01-01,"hml,smb,mom",mkt,14,5,167,7,5,mom
2014-01-01_to_2017-01-01,2014-01-01,2017-01-01,"hml,smb,mom",mkt,14,5,167,7,6,smb
2014-01-01_to_2017-01-01,2014-01-01,2017-01-01,"hml,smb,mom",mkt,14,5,167,7,7,smb
2014-01-01_to_2017-01-01,2014-01-01,2017-01-01,"hml,smb,mom",mkt,14,5,173,6,1,mom
2014-01-01_to_2017-01-01,2014-01-01,2017-01-01,"hml,smb,mom",mkt,14,5,173,6,2,mom
2014-01-01_to_2017-01-01,2014-01-01,2017-01-01,"hml,smb,mom",mkt,14,5,173,6,3,mom
2014-01-01_to_2017-01-01,2014-01-01,2017-01-01,"hml,smb,mom",mkt,14,5,173,6,4,mom
2014-01-01_to_2017-01-01,2014-01-01,2017-01-01,"hml,smb,mom",mkt,14,5,173,6,5,mom
2014-01-01_to_2017-01-01,2014-01-01,2017-01-01,"hml,smb,mom",mkt,14,5,173,6,6,smb
2014-01-01_to_2017-01-01,2014-01-01,2017-01-01,"hml,smb,mom",mkt,14,5,176,8,1,mom
2014-01-01_to_2017-01-01,2014-01-01,2017-01-01,"hml,smb,mom",mkt,14,5,176,8,2,mom
2014-01-01_to_2017-01-01,2014-01-01,2017-01-01,"hml,smb,mom",mkt,14,5,176,8,3,mom
2014-01-01_to_2017-01-01,2014-01-01,2017-01-01,"hml,smb,mom",mkt,14,5,176,8,4,mom
2014-01-01_to_2017-01-01,2014-01-01,2017-01-01,"hml,smb,mom",mkt,14,5,176,8,5,mom
2014-01-01_to_2017-01-01,2014-01-01,2017-01-01,"hml,smb,mom",mkt,14,5,176,8,6,smb
2014-01-01_to_2017-01-01,2014-01-01,2017-01-01,"hml,smb,mom",mkt,14,5,176,8,7,smb
2014-01-01_to_2017-01-01,2014-01-01,2017-01-01,"hml,smb,mom",mkt,14,5,176,8,8,mom
2014-01-01_to_2017-01-01,2014-01-01,2017-01-01,"hml,smb,mom",mkt,14,5,179,10,1,mom
2014-01-01_to_2017-01-01,2014-01-01,2017-01-01,"hml,smb,mom",mkt,14,5,179,10,2,mom
2014-01-01_to_2017-01-01,2014-01-01,2017-01-01,"hml,smb,mom",mkt,14,5,179,10,3,mom
2014-01-01_to_2017-01-01,2014-01-01,2017-01-01,"hml,smb,mom",mkt,14,5,179,10,4,mom
2014-01-01_to_2017-01-01,2014-01-01,2017-01-01,"hml,smb,mom",mkt,14,5,179,10,5,mom
2014-01-01_to_2017-01-01,2014-01-01,2017-01-01,"hml,smb,mom",mkt,14,5,179,10,6,smb
2014-01-01_to_2017-01-01,2014-01-01,2017-01-01,"hml,smb,mom",mkt,14,5,179,10,7,smb
2014-01-01_to_2017-01-01,2014-01-01,2017-01-01,"hml,smb,mom",mkt,14,5,179,10,8,mom
2014-01-01_to_2017-01-01,2014-01-01,2017-01-01,"hml,smb,mom",mkt,14,5,179,10,9,hml
2014-01-01_to_2017-01-01,2014-01-01,2017-01-01,"hml,smb,mom",mkt,14,5,179,10,10,smb
2014-01-01_to_2017-01-01,2014-01-01,2017-01-01,"hml,smb,mom",mkt,14,5,180,10,1,mom
2014-01-01_to_2017-01-01,2014-01-01,2017-01-01,"hml,smb,mom",mkt,14,5,180,10,2,mom
2014-01-01_to_2017-01-01,2014-01-01,2017-01-01,"hml,smb,mom",mkt,14,5,180,10,3,mom
2014-01-01_to_2017-01-01,2014-01-01,2017-01-01,"hml,smb,mom",mkt,14,5,180,10,4,mom
2014-01-01_to_2017-01-01,2014-01-01,2017-01-01,"hml,smb,mom",mkt,14,5,180,10,5,mom
2014-01-01_to_2017-01-01,2014-01-01,2017-01-01,"hml,smb,mom",mkt,14,5,180,10,6,smb
2014-01-01_to_2017-01-01,2014-01-01,2017-01-01,"hml,smb,mom",mkt,14,5,180,10,7,smb
2014-01-01_to_2017-01-01,2014-01-01,2017-01-01,"hml,smb,mom",mkt,14,5,180,10,8,mom
2014-01-01_to_2017-01-01,2014-01-01,2017-01-01,"hml,smb,mom",mkt,14,5,180,10,9,hml
2014-01-01_to_2017-01-01,2014-01-01,2017-01-01,"hml,smb,mom",mkt,14,5,180,10,10,smb
2014-01-01_to_2017-01-01,2014-01-01,2017-01-01,"hml,smb,mom",mkt,14,5,182,10,1,mom
2014-01-01_to_2017-01-01,2014-01-01,2017-01-01,"hml,smb,mom",mkt,14,5,182,10,2,mom
2014-01-01_to_2017-01-01,2014-01-01,2017-01-01,"hml,smb,mom",mkt,14,5,182,10,3,mom
2014-01-01_to_2017-01-01,2014-01-01,2017-01-01,"hml,smb,mom",mkt,14,5,182,10,4,mom
2014-01-01_to_2017-01-01,2014-01-01,2017-01-01,"hml,smb,mom",mkt,14,5,182,10,5,mom
2014-01-01_to_2017-01-01,2014-01-01,2017-01-01,"hml,smb,mom",mkt,14,5,182,10,6,smb
2014-01-01_to_2017-01-01,2014-01-01,2017-01-01,"hml,smb,mom",mkt,14,5,182,10,7,smb
2014-01-01_to_2017-01-01,2014-01-01,2017-01-01,"hml,smb,mom",mkt,14,5,182,10,8,mom
2014-01-01_to_2017-01-01,2014-01-01,2017-01-01,"hml,smb,mom",mkt,14,5,182,10,9,hml
2014-01-01_to_2017-01-01,2014-01-01,2017-01-01,"hml,smb,mom",mkt,14,5,182,10,10,smb
2014-01-01_to_2017-01-01,2014-01-01,2017-01-01,"hml,smb,mom",mkt,14,5,183,10,1,mom
2014-01-01_to_2017-01-01,2014-01-01,2017-01-01,"hml,smb,mom",mkt,14,5,183,10,2,mom
2014-01-01_to_2017-01-01,2014-01-01,2017-01-01,"hml,smb,mom",mkt,14,5,183,10,3,mom
2014-01-01_to_2017-01-01,2014-01-01,2017-01-01,"hml,smb,mom",mkt,14,5,183,10,4,mom
2014-01-01_to_2017-01-01,2014-01-01,2017-01-01,"hml,smb,mom",mkt,14,5,183,10,5,mom
2014-01-01_to_2017-01-01,2014-01-01,2017-01-01,"hml,smb,mom",mkt,14,5,183,10,6,smb
2014-01-01_to_2017-01-01,2014-01-01,2017-01-01,"hml,smb,mom",mkt,14,5,183,10,7,smb
2014-01-01_to_2017-01-01,2014-01-01,2017-01-01,"hml,smb,mom",mkt,14,5,183,10,8,mom
2014-01-01_to_2017-01-01,2014-01-01,2017-01-01,"hml,smb,mom",mkt,14,5,183,10,9,hml
2014-01-01_to_2017-01-01,2014-01-01,2017-01-01,"hml,smb,mom",mkt,14,5,183,10,10,smb
2014-01-01_to_2017-01-01,2014-01-01,2017-01-01,"hml,smb,mom",mkt,14,5,184,7,1,mom
2014-01-01_to_2017-01-01,2014-01-01,2017-01-01,"hml,smb,mom",mkt,14,5,184,7,2,mom
2014-01-01_to_2017-01-01,2014-01-01,2017-01-01,"hml,smb,mom",mkt,14,5,184,7,3,mom
2014-01-01_to_2017-01-01,2014-01-01,2017-01-01,"hml,smb,mom",mkt,14,5,184,7,4,mom
2014-01-01_to_2017-01-01,2014-01-01,2017-01-01,"hml,smb,mom",mkt,14,5,184,7,5,mom
2014-01-01_to_2017-01-01,2014-01-01,2017-01-01,"hml,smb,mom",mkt,14,5,184,7,6,smb
2014-01-01_to_2017-01-01,2014-01-01,2017-01-01,"hml,smb,mom",mkt,14,5,184,7,7,smb
2014-01-01_to_2017-01-01,2014-01-01,2017-01-01,"hml,smb,mom",mkt,14,5,188,8,1,mom
2014-01-01_to_2017-01-01,2014-01-01,2017-01-01,"hml,smb,mom",mkt,14,5,188,8,2,mom
2014-01-01_to_2017-01-01,2014-01-01,2017-01-01,"hml,smb,mom",mkt,14,5,188,8,3,mom
2014-01-01_to_2017-01-01,2014-01-01,2017-01-01,"hml,smb,mom",mkt,14,5,188,8,4,mom
2014-01-01_to_2017-01-01,2014-01-01,2017-01-01,"hml,smb,mom",mkt,14,5,188,8,5,mom
2014-01-01_to_2017-01-01,2014-01-01,2017-01-01,"hml,smb,mom",mkt,14,5,188,8,6,hml
2014-01-01_to_2017-01-01,2014-01-01,2017-01-01,"hml,smb,mom",mkt,14,5,188,8,7,hml
2014-01-01_to_2017-01-01,2014-01-01,2017-01-01,"hml,smb,mom",mkt,14,5,188,8,8,mom
2014-01-01_to_2017-01-01,2014-01-01,2017-01-01,"hml,smb,mom",mkt,14,5,189,8,1,mom
2014-01-01_to_2017-01-01,2014-01-01,2017-01-01,"hml,smb,mom",mkt,14,5,189,8,2,mom
2014-01-01_to_2017-01-01,2014-01-01,2017-01-01,"hml,smb,mom",mkt,14,5,189,8,3,mom
2014-01-01_to_2017-01-01,2014-01-01,2017-01-01,"hml,smb,mom",mkt,14,5,189,8,4,mom
2014-01-01_to_2017-01-01,2014-01-01,2017-01-01,"hml,smb,mom",mkt,14,5,189,8,5,mom
2014-01-01_to_2017-01-01,2014-01-01,2017-01-01,"hml,smb,mom",mkt,14,5,189,8,6,hml
2014-01-01_to_2017-01-01,2014-01-01,2017-01-01,"hml,smb,mom",mkt,14,5,189,8,7,hml
2014-01-01_to_2017-01-01,2014-01-01,2017-01-01,"hml,smb,mom",mkt,14,5,189,8,8,mom
2014-01-01_to_2017-01-01,2014-01-01,2017-01-01,"hml,smb,mom",mkt,14,5,193,10,1,mom
2014-01-01_to_2017-01-01,2014-01-01,2017-01-01,"hml,smb,mom",mkt,14,5,193,10,2,mom
2014-01-01_to_2017-01-01,2014-01-01,2017-01-01,"hml,smb,mom",mkt,14,5,193,10,3,mom
2014-01-01_to_2017-01-01,2014-01-01,2017-01-01,"hml,smb,mom",mkt,14,5,193,10,4,mom
2014-01-01_to_2017-01-01,2014-01-01,2017-01-01,"hml,smb,mom",mkt,14,5,193,10,5,mom
2014-01-01_to_2017-01-01,2014-01-01,2017-01-01,"hml,smb,mom",mkt,14,5,193,10,6,hml
2014-01-01_to_2017-01-01,2014-01-01,2017-01-01,"hml,smb,mom",mkt,14,5,193,10,7,hml
2014-01-01_to_2017-01-01,2014-01-01,2017-01-01,"hml,smb,mom",mkt,14,5,193,10,8,mom
2014-01-01_to_2017-01-01,2014-01-01,2017-01-01,"hml,smb,mom",mkt,14,5,193,10,9,smb
2014-01-01_to_2017-01-01,2014-01-01,2017-01-01,"hml,smb,mom",mkt,14,5,193,10,10,smb
2014-01-01_to_2017-01-01,2014-01-01,2017-01-01,"hml,smb,mom",mkt,14,5,196,12,1,mom
2014-01-01_to_2017-01-01,2014-01-01,2017-01-01,"hml,smb,mom",mkt,14,5,196,12,2,mom
2014-01-01_to_2017-01-01,2014-01-01,2017-01-01,"hml,smb,mom",mkt,14,5,196,12,3,mom
2014-01-01_to_2017-01-01,2014-01-01,2017-01-01,"hml,smb,mom",mkt,14,5,196,12,4,mom
2014-01-01_to_2017-01-01,2014-01-01,2017-01-01,"hml,smb,mom",mkt,14,5,196,12,5,mom
2014-01-01_to_2017-01-01,2014-01-01,2017-01-01,"hml,smb,mom",mkt,14,5,196,12,6,hml
2014-01-01_to_2017-01-01,2014-01-01,2017-01-01,"hml,smb,mom",mkt,14,5,196,12,7,hml
2014-01-01_to_2017-01-01,2014-01-01,2017-01-01,"hml,smb,mom",mkt,14,5,196,12,8,mom
2014-01-01_to_2017-01-01,2014-01-01,2017-01-01,"hml,smb,mom",mkt,14,5,196,12,9,smb
2014-01-01_to_2017-01-01,2014-01-01,2017-01-01,"hml,smb,mom",mkt,14,5,196,12,10,smb
2014-01-01_to_2017-01-01,2014-01-01,2017-01-01,"hml,smb,mom",mkt,14,5,196,12,11,hml
2014-01-01_to_2017-01-01,2014-01-01,2017-01-01,"hml,smb,mom",mkt,14,5,196,12,12,hml
2014-01-01_to_2017-01-01,2014-01-01,2017-01-01,"hml,smb,mom",mkt,14,5,197,12,1,mom
2014-01-01_to_2017-01-01,2014-01-01,2017-01-01,"hml,smb,mom",mkt,14,5,197,12,2,mom
2014-01-01_to_2017-01-01,2014-01-01,2017-01-01,"hml,smb,mom",mkt,14,5,197,12,3,mom
2014-01-01_to_2017-01-01,2014-01-01,2017-01-01,"hml,smb,mom",mkt,14,5,197,12,4,mom
2014-01-01_to_2017-01-01,2014-01-01,2017-01-01,"hml,smb,mom",mkt,14,5,197,12,5,mom
2014-01-01_to_2017-01-01,2014-01-01,2017-01-01,"hml,smb,mom",mkt,14,5,197,12,6,hml
2014-01-01_to_2017-01-01,2014-01-01,2017-01-01,"hml,smb,mom",mkt,14,5,197,12,7,hml
2014-01-01_to_2017-01-01,2014-01-01,2017-01-01,"hml,smb,mom",mkt,14,5,197,12,8,mom
2014-01-01_to_2017-01-01,2014-01-01,2017-01-01,"hml,smb,mom",mkt,14,5,197,12,9,smb
2014-01-01_to_2017-01-01,2014-01-01,2017-01-01,"hml,smb,mom",mkt,14,5,197,12,10,smb
2014-01-01_to_2017-01-01,2014-01-01,2017-01-01,"hml,smb,mom",mkt,14,5,197,12,11,hml
2014-01-01_to_2017-01-01,2014-01-01,2017-01-01,"hml,smb,mom",mkt,14,5,197,12,12,hml
2014-01-01_to_2017-01-01,2014-01-01,2017-01-01,"hml,smb,mom",mkt,14,5,198,11,1,mom
2014-01-01_to_2017-01-01,2014-01-01,2017-01-01,"hml,smb,mom",mkt,14,5,198,11,2,mom
2014-01-01_to_2017-01-01,2014-01-01,2017-01-01,"hml,smb,mom",mkt,14,5,198,11,3,mom
2014-01-01_to_2017-01-01,2014-01-01,2017-01-01,"hml,smb,mom",mkt,14,5,198,11,4,mom
2014-01-01_to_2017-01-01,2014-01-01,2017-01-01,"hml,smb,mom",mkt,14,5,198,11,5,mom
2014-01-01_to_2017-01-01,2014-01-01,2017-01-01,"hml,smb,mom",mkt,14,5,198,11,6,hml
2014-01-01_to_2017-01-01,2014-01-01,2017-01-01,"hml,smb,mom",mkt,14,5,198,11,7,hml
2014-01-01_to_2017-01-01,2014-01-01,2017-01-01,"hml,smb,mom",mkt,14,5,198,11,8,mom
2014-01-01_to_2017-01-01,2014-01-01,2017-01-01,"hml,smb,mom",mkt,14,5,198,11,9,smb
2014-01-01_to_2017-01-01,2014-01-01,2017-01-01,"hml,smb,mom",mkt,14,5,198,11,10,smb
2014-01-01_to_2017-01-01,2014-01-01,2017-01-01,"hml,smb,mom",mkt,14,5,198,11,11,hml
2014-01-01_to_2017-01-01,2014-01-01,2017-01-01,"hml,smb,mom",mkt,14,5,199,9,1,mom
2014-01-01_to_2017-01-01,2014-01-01,2017-01-01,"hml,smb,mom",mkt,14,5,199,9,2,mom
2014-01-01_to_2017-01-01,2014-01-01,2017-01-01,"hml,smb,mom",mkt,14,5,199,9,3,mom
2014-01-01_to_2017-01-01,2014-01-01,2017-01-01,"hml,smb,mom",mkt,14,5,199,9,4,mom
2014-01-01_to_2017-01-01,2014-01-01,2017-01-01,"hml,smb,mom",mkt,14,5,199,9,5,mom
2014-01-01_to_2017-01-01,2014-01-01,2017-01-01,"hml,smb,mom",mkt,14,5,199,9,6,hml
2014-01-01_to_2017-01-01,2014-01-01,2017-01-01,"hml,smb,mom",mkt,14,5,199,9,7,hml
2014-01-01_to_2017-01-01,2014-01-01,2017-01-01,"hml,smb,mom",mkt,14,5,199,9,8,mom
2014-01-01_to_2017-01-01,2014-01-01,2017-01-01,"hml,smb,mom",mkt,14,5,199,9,9,smb
2014-01-01_to_2017-01-01,2014-01-01,2017-01-01,"hml,smb,mom",mkt,14,5,203,11,1,mom
2014-01-01_to_2017-01-01,2014-01-01,2017-01-01,"hml,smb,mom",mkt,14,5,203,11,2,mom
2014-01-01_to_2017-01-01,2014-01-01,2017-01-01,"hml,smb,mom",mkt,14,5,203,11,3,mom
2014-01-01_to_2017-01-01,2014-01-01,2017-01-01,"hml,smb,mom",mkt,14,5,203,11,4,mom
2014-01-01_to_2017-01-01,2014-01-01,2017-01-01,"hml,smb,mom",mkt,14,5,203,11,5,mom
2014-01-01_to_2017-01-01,2014-01-01,2017-01-01,"hml,smb,mom",mkt,14,5,203,11,6,hml
2014-01-01_to_2017-01-01,2014-01-01,2017-01-01,"hml,smb,mom",mkt,14,5,203,11,7,hml
2014-01-01_to_2017-01-01,2014-01-01,2017-01-01,"hml,smb,mom",mkt,14,5,203,11,8,mom
2014-01-01_to_2017-01-01,2014-01-01,2017-01-01,"hml,smb,mom",mkt,14,5,203,11,9,smb
2014-01-01_to_2017-01-01,2014-01-01,2017-01-01,"hml,smb,mom",mkt,14,5,203,11,10,hml
2014-01-01_to_2017-01-01,2014-01-01,2017-01-01,"hml,smb,mom",mkt,14,5,203,11,11,hml
2014-01-01_to_2017-01-01,2014-01-01,2017-01-01,"hml,smb,mom",mkt,14,5,205,12,1,mom
2014-01-01_to_2017-01-01,2014-01-01,2017-01-01,"hml,smb,mom",mkt,14,5,205,12,2,mom
2014-01-01_to_2017-01-01,2014-01-01,2017-01-01,"hml,smb,mom",mkt,14,5,205,12,3,mom
2014-01-01_to_2017-01-01,2014-01-01,2017-01-01,"hml,smb,mom",mkt,14,5,205,12,4,mom
2014-01-01_to_2017-01-01,2014-01-01,2017-01-01,"hml,smb,mom",mkt,14,5,205,12,5,mom
2014-01-01_to_2017-01-01,2014-01-01,2017-01-01,"hml,smb,mom",mkt,14,5,205,12,6,hml
2014-01-01_to_2017-01-01,2014-01-01,2017-01-01,"hml,smb,mom",mkt,14,5,205,12,7,hml
2014-01-01_to_2017-01-01,2014-01-01,2017-01-01,"hml,smb,mom",mkt,14,5,205,12,8,mom
2014-01-01_to_2017-01-01,2014-01-01,2017-01-01,"hml,smb,mom",mkt,14,5,205,12,9,smb
2014-01-01_to_2017-01-01,2014-01-01,2017-01-01,"hml,smb,mom",mkt,14,5,205,12,10,hml
2014-01-01_to_2017-01-01,2014-01-01,2017-01-01,"hml,smb,mom",mkt,14,5,205,12,11,hml
2014-01-01_to_2017-01-01,2014-01-01,2017-01-01,"hml,smb,mom",mkt,14,5,205,12,12,smb
2014-01-01_to_2017-01-01,2014-01-01,2017-01-01,"hml,smb,mom",mkt,14,5,207,13,1,mom
2014-01-01_to_2017-01-01,2014-01-01,2017-01-01,"hml,smb,mom",mkt,14,5,207,13,2,mom
2014-01-01_to_2017-01-01,2014-01-01,2017-01-01,"hml,smb,mom",mkt,14,5,207,13,3,mom
2014-01-01_to_2017-01-01,2014-01-01,2017-01-01,"hml,smb,mom",mkt,14,5,207,13,4,mom
2014-01-01_to_2017-01-01,2014-01-01,2017-01-01,"hml,smb,mom",mkt,14,5,207,13,5,mom
2014-01-01_to_2017-01-01,2014-01-01,2017-01-01,"hml,smb,mom",mkt,14,5,207,13,6,hml
2014-01-01_to_2017-01-01,2014-01-01,2017-01-01,"hml,smb,mom",mkt,14,5,207,13,7,hml
2014-01-01_to_2017-01-01,2014-01-01,2017-01-01,"hml,smb,mom",mkt,14,5,207,13,8,mom
2014-01-01_to_2017-01-01,2014-01-01,2017-01-01,"hml,smb,mom",mkt,14,5,207,13,9,smb
2014-01-01_to_2017-01-01,2014-01-01,2017-01-01,"hml,smb,mom",mkt,14,5,207,13,10,hml
2014-01-01_to_2017-01-01,2014-01-01,2017-01-01,"hml,smb,mom",mkt,14,5,207,13,11,hml
2014-01-01_to_2017-01-01,2014-01-01,2017-01-01,"hml,smb,mom",mkt,14,5,207,13,12,smb
2014-01-01_to_2017-01-01,2014-01-01,2017-01-01,"hml,smb,mom",mkt,14,5,207,13,13,hml
2014-01-01_to_2017-01-01,2014-01-01,2017-01-01,"hml,smb,mom",mkt,14,5,208,13,1,mom
2014-01-01_to_2017-01-01,2014-01-01,2017-01-01,"hml,smb,mom",mkt,14,5,208,13,2,mom
2014-01-01_to_2017-01-01,2014-01-01,2017-01-01,"hml,smb,mom",mkt,14,5,208,13,3,mom
2014-01-01_to_2017-01-01,2014-01-01,2017-01-01,"hml,smb,mom",mkt,14,5,208,13,4,mom
2014-01-01_to_2017-01-01,2014-01-01,2017-01-01,"hml,smb,mom",mkt,14,5,208,13,5,mom
2014-01-01_to_2017-01-01,2014-01-01,2017-01-01,"hml,smb,mom",mkt,14,5,208,13,6,hml
2014-01-01_to_2017-01-01,2014-01-01,2017-01-01,"hml,smb,mom",mkt,14,5,208,13,7,hml
2014-01-01_to_2017-01-01,2014-01-01,2017-01-01,"hml,smb,mom",mkt,14,5,208,13,8,mom
2014-01-01_to_2017-01-01,2014-01-01,2017-01-01,"hml,smb,mom",mkt,14,5,208,13,9,smb
2014-01-01_to_2017-01-01,2014-01-01,2017-01-01,"hml,smb,mom",mkt,14,5,208,13,10,hml
2014-01-01_to_2017-01-01,2014-01-01,2017-01-01,"hml,smb,mom",mkt,14,5,208,13,11,hml
2014-01-01_to_2017-01-01,2014-01-01,2017-01-01,"hml,smb,mom",mkt,14,5,208,13,12,smb
2014-01-01_to_2017-01-01,2014-01-01,2017-01-01,"hml,smb,mom",mkt,14,5,208,13,13,hml
2014-01-01_to_2017-01-01,2014-01-01,2017-01-01,"hml,smb,mom",mkt,14,5,209,10,1,mom
2014-01-01_to_2017-01-01,2014-01-01,2017-01-01,"hml,smb,mom",mkt,14,5,209,10,2,mom
2014-01-01_to_2017-01-01,2014-01-01,2017-01-01,"hml,smb,mom",mkt,14,5,209,10,3,mom
2014-01-01_to_2017-01-01,2014-01-01,2017-01-01,"hml,smb,mom",mkt,14,5,209,10,4,mom
2014-01-01_to_2017-01-01,2014-01-01,2017-01-01,"hml,smb,mom",mkt,14,5,209,10,5,mom
2014-01-01_to_2017-01-01,2014-01-01,2017-01-01,"hml,smb,mom",mkt,14,5,209,10,6,hml
2014-01-01_to_2017-01-01,2014-01-01,2017-01-01,"hml,smb,mom",mkt,14,5,209,10,7,hml
2014-01-01_to_2017-01-01,2014-01-01,2017-01-01,"hml,smb,mom",mkt,14,5,209,10,8,mom
2014-01-01_to_2017-01-01,2014-01-01,2017-01-01,"hml,smb,mom",mkt,14,5,209,10,9,smb
2014-01-01_to_2017-01-01,2014-01-01,2017-01-01,"hml,smb,mom",mkt,14,5,209,10,10,hml
2014-01-01_to_2017-01-01,2014-01-01,2017-01-01,"hml,smb,mom",mkt,14,5,212,11,1,mom
2014-01-01_to_2017-01-01,2014-01-01,2017-01-01,"hml,smb,mom",mkt,14,5,212,11,2,mom
2014-01-01_to_2017-01-01,2014-01-01,2017-01-01,"hml,smb,mom",mkt,14,5,212,11,3,mom
2014-01-01_to_2017-01-01,2014-01-01,2017-01-01,"hml,smb,mom",mkt,14,5,212,11,4,mom
2014-01-01_to_2017-01-01,2014-01-01,2017-01-01,"hml,smb,mom",mkt,14,5,212,11,5,mom
2014-01-01_to_2017-01-01,2014-01-01,2017-01-01,"hml,smb,mom",mkt,14,5,212,11,6,hml
2014-01-01_to_2017-01-01,2014-01-01,2017-01-01,"hml,smb,mom",mkt,14,5,212,11,7,hml
2014-01-01_to_2017-01-01,2014-01-01,2017-01-01,"hml,smb,mom",mkt,14,5,212,11,8,mom
2014-01-01_to_2017-01-01,2014-01-01,2017-01-01,"hml,smb,mom",mkt,14,5,212,11,9,smb
2014-01-01_to_2017-01-01,2014-01-01,2017-01-01,"hml,smb,mom",mkt,14,5,212,11,10,hml
2014-01-01_to_2017-01-01,2014-01-01,2017-01-01,"hml,smb,mom",mkt,14,5,212,11,11,smb
2014-01-01_to_2017-01-01,2014-01-01,2017-01-01,"hml,smb,mom",mkt,14,5,213,11,1,mom
2014-01-01_to_2017-01-01,2014-01-01,2017-01-01,"hml,smb,mom",mkt,14,5,213,11,2,mom
2014-01-01_to_2017-01-01,2014-01-01,2017-01-01,"hml,smb,mom",mkt,14,5,213,11,3,mom
2014-01-01_to_2017-01-01,2014-01-01,2017-01-01,"hml,smb,mom",mkt,14,5,213,11,4,mom
2014-01-01_to_2017-01-01,2014-01-01,2017-01-01,"hml,smb,mom",mkt,14,5,213,11,5,mom
2014-01-01_to_2017-01-01,2014-01-01,2017-01-01,"hml,smb,mom",mkt,14,5,213,11,6,hml
2014-01-01_to_2017-01-01,2014-01-01,2017-01-01,"hml,smb,mom",mkt,14,5,213,11,7,hml
2014-01-01_to_2017-01-01,2014-01-01,2017-01-01,"hml,smb,mom",mkt,14,5,213,11,8,mom
2014-01-01_to_2017-01-01,2014-01-01,2017-01-01,"hml,smb,mom",mkt,14,5,213,11,9,smb
2014-01-01_to_2017-01-01,2014-01-01,2017-01-01,"hml,smb,mom",mkt,14,5,213,11,10,hml
2014-01-01_to_2017-01-01,2014-01-01,2017-01-01,"hml,smb,mom",mkt,14,5,213,11,11,smb
2014-01-01_to_2017-01-01,2014-01-01,2017-01-01,"hml,smb,mom",mkt,14,5,215,11,1,mom
2014-01-01_to_2017-01-01,2014-01-01,2017-01-01,"hml,smb,mom",mkt,14,5,215,11,2,mom
2014-01-01_to_2017-01-01,2014-01-01,2017-01-01,"hml,smb,mom",mkt,14,5,215,11,3,mom
2014-01-01_to_2017-01-01,2014-01-01,2017-01-01,"hml,smb,mom",mkt,14,5,215,11,4,mom
2014-01-01_to_2017-01-01,2014-01-01,2017-01-01,"hml,smb,mom",mkt,14,5,215,11,5,mom
2014-01-01_to_2017-01-01,2014-01-01,2017-01-01,"hml,smb,mom",mkt,14,5,215,11,6,hml
2014-01-01_to_2017-01-01,2014-01-01,2017-01-01,"hml,smb,mom",mkt,14,5,215,11,7,hml
2014-01-01_to_2017-01-01,2014-01-01,2017-01-01,"hml,smb,mom",mkt,14,5,215,11,8,mom
2014-01-01_to_2017-01-01,2014-01-01,2017-01-01,"hml,smb,mom",mkt,14,5,215,11,9,smb
2014-01-01_to_2017-01-01,2014-01-01,2017-01-01,"hml,smb,mom",mkt,14,5,215,11,10,hml
2014-01-01_to_2017-01-01,2014-01-01,2017-01-01,"hml,smb,mom",mkt,14,5,215,11,11,mom
2014-01-01_to_2017-01-01,2014-01-01,2017-01-01,"hml,smb,mom",mkt,14,5,216,11,1,mom
2014-01-01_to_2017-01-01,2014-01-01,2017-01-01,"hml,smb,mom",mkt,14,5,216,11,2,mom
2014-01-01_to_2017-01-01,2014-01-01,2017-01-01,"hml,smb,mom",mkt,14,5,216,11,3,mom
2014-01-01_to_2017-01-01,2014-01-01,2017-01-01,"hml,smb,mom",mkt,14,5,216,11,4,mom
2014-01-01_to_2017-01-01,2014-01-01,2017-01-01,"hml,smb,mom",mkt,14,5,216,11,5,mom
2014-01-01_to_2017-01-01,2014-01-01,2017-01-01,"hml,smb,mom",mkt,14,5,216,11,6,hml
2014-01-01_to_2017-01-01,2014-01-01,2017-01-01,"hml,smb,mom",mkt,14,5,216,11,7,hml
2014-01-01_to_2017-01-01,2014-01-01,2017-01-01,"hml,smb,mom",mkt,14,5,216,11,8,mom
2014-01-01_to_2017-01-01,2014-01-01,2017-01-01,"hml,smb,mom",mkt,14,5,216,11,9,smb
2014-01-01_to_2017-01-01,2014-01-01,2017-01-01,"hml,smb,mom",mkt,14,5,216,11,10,hml
2014-01-01_to_2017-01-01,2014-01-01,2017-01-01,"hml,smb,mom",mkt,14,5,216,11,11,mom
2014-01-01_to_2017-01-01,2014-01-01,2017-01-01,"hml,smb,mom",mkt,14,5,217,6,1,mom
2014-01-01_to_2017-01-01,2014-01-01,2017-01-01,"hml,smb,mom",mkt,14,5,217,6,2,mom
2014-01-01_to_2017-01-01,2014-01-01,2017-01-01,"hml,smb,mom",mkt,14,5,217,6,3,mom
2014-01-01_to_2017-01-01,2014-01-01,2017-01-01,"hml,smb,mom",mkt,14,5,217,6,4,mom
2014-01-01_to_2017-01-01,2014-01-01,2017-01-01,"hml,smb,mom",mkt,14,5,217,6,5,mom
2014-01-01_to_2017-01-01,2014-01-01,2017-01-01,"hml,smb,mom",mkt,14,5,217,6,6,hml
2014-01-01_to_2017-01-01,2014-01-01,2017-01-01,"hml,smb,mom",mkt,14,5,220,6,1,mom
2014-01-01_to_2017-01-01,2014-01-01,2017-01-01,"hml,smb,mom",mkt,14,5,220,6,2,mom
2014-01-01_to_2017-01-01,2014-01-01,2017-01-01,"hml,smb,mom",mkt,14,5,220,6,3,mom
2014-01-01_to_2017-01-01,2014-01-01,2017-01-01,"hml,smb,mom",mkt,14,5,220,6,4,mom
2014-01-01_to_2017-01-01,2014-01-01,2017-01-01,"hml,smb,mom",mkt,14,5,220,6,5,mom
2014-01-01_to_2017-01-01,2014-01-01,2017-01-01,"hml,smb,mom",mkt,14,5,220,6,6,smb
2014-01-01_to_2017-01-01,2014-01-01,2017-01-01,"hml,smb,mom",mkt,14,5,226,11,1,mom
2014-01-01_to_2017-01-01,2014-01-01,2017-01-01,"hml,smb,mom",mkt,14,5,226,11,2,mom
2014-01-01_to_2017-01-01,2014-01-01,2017-01-01,"hml,smb,mom",mkt,14,5,226,11,3,mom
2014-01-01_to_2017-01-01,2014-01-01,2017-01-01,"hml,smb,mom",mkt,14,5,226,11,4,mom
2014-01-01_to_2017-01-01,2014-01-01,2017-01-01,"hml,smb,mom",mkt,14,5,226,11,5,mom
2014-01-01_to_2017-01-01,2014-01-01,2017-01-01,"hml,smb,mom",mkt,14,5,226,11,6,smb
2014-01-01_to_2017-01-01,2014-01-01,2017-01-01,"hml,smb,mom",mkt,14,5,226,11,7,mom
2014-01-01_to_2017-01-01,2014-01-01,2017-01-01,"hml,smb,mom",mkt,14,5,226,11,8,smb
2014-01-01_to_2017-01-01,2014-01-01,2017-01-01,"hml,smb,mom",mkt,14,5,226,11,9,smb
2014-01-01_to_2017-01-01,2014-01-01,2017-01-01,"hml,smb,mom",mkt,14,5,226,11,10,mom
2014-01-01_to_2017-01-01,2014-01-01,2017-01-01,"hml,smb,mom",mkt,14,5,226,11,11,hml
2014-01-01_to_2017-01-01,2014-01-01,2017-01-01,"hml,smb,mom",mkt,14,5,227,11,1,mom
2014-01-01_to_2017-01-01,2014-01-01,2017-01-01,"hml,smb,mom",mkt,14,5,227,11,2,mom
2014-01-01_to_2017-01-01,2014-01-01,2017-01-01,"hml,smb,mom",mkt,14,5,227,11,3,mom
2014-01-01_to_2017-01-01,2014-01-01,2017-01-01,"hml,smb,mom",mkt,14,5,227,11,4,mom
2014-01-01_to_2017-01-01,2014-01-01,2017-01-01,"hml,smb,mom",mkt,14,5,227,11,5,mom
2014-01-01_to_2017-01-01,2014-01-01,2017-01-01,"hml,smb,mom",mkt,14,5,227,11,6,smb
2014-01-01_to_2017-01-01,2014-01-01,2017-01-01,"hml,smb,mom",mkt,14,5,227,11,7,mom
2014-01-01_to_2017-01-01,2014-01-01,2017-01-01,"hml,smb,mom",mkt,14,5,227,11,8,smb
2014-01-01_to_2017-01-01,2014-01-01,2017-01-01,"hml,smb,mom",mkt,14,5,227,11,9,smb
2014-01-01_to_2017-01-01,2014-01-01,2017-01-01,"hml,smb,mom",mkt,14,5,227,11,10,mom
2014-01-01_to_2017-01-01,2014-01-01,2017-01-01,"hml,smb,mom",mkt,14,5,227,11,11,hml
2014-01-01_to_2017-01-01,2014-01-01,2017-01-01,"hml,smb,mom",mkt,14,5,228,10,1,mom
2014-01-01_to_2017-01-01,2014-01-01,2017-01-01,"hml,smb,mom",mkt,14,5,228,10,2,mom
2014-01-01_to_2017-01-01,2014-01-01,2017-01-01,"hml,smb,mom",mkt,14,5,228,10,3,mom
2014-01-01_to_2017-01-01,2014-01-01,2017-01-01,"hml,smb,mom",mkt,14,5,228,10,4,mom
2014-01-01_to_2017-01-01,2014-01-01,2017-01-01,"hml,smb,mom",mkt,14,5,228,10,5,mom
2014-01-01_to_2017-01-01,2014-01-01,2017-01-01,"hml,smb,mom",mkt,14,5,228,10,6,smb
2014-01-01_to_2017-01-01,2014-01-01,2017-01-01,"hml,smb,mom",mkt,14,5,228,10,7,mom
2014-01-01_to_2017-01-01,2014-01-01,2017-01-01,"hml,smb,mom",mkt,14,5,228,10,8,smb
2014-01-01_to_2017-01-01,2014-01-01,2017-01-01,"hml,smb,mom",mkt,14,5,228,10,9,smb
2014-01-01_to_2017-01-01,2014-01-01,2017-01-01,"hml,smb,mom",mkt,14,5,228,10,10,mom
2014-01-01_to_2017-01-01,2014-01-01,2017-01-01,"hml,smb,mom",mkt,14,5,229,9,1,mom
2014-01-01_to_2017-01-01,2014-01-01,2017-01-01,"hml,smb,mom",mkt,14,5,229,9,2,mom
2014-01-01_to_2017-01-01,2014-01-01,2017-01-01,"hml,smb,mom",mkt,14,5,229,9,3,mom
2014-01-01_to_2017-01-01,2014-01-01,2017-01-01,"hml,smb,mom",mkt,14,5,229,9,4,mom
2014-01-01_to_2017-01-01,2014-01-01,2017-01-01,"hml,smb,mom",mkt,14,5,229,9,5,mom
2014-01-01_to_2017-01-01,2014-01-01,2017-01-01,"hml,smb,mom",mkt,14,5,229,9,6,smb
2014-01-01_to_2017-01-01,2014-01-01,2017-01-01,"hml,smb,mom",mkt,14,5,229,9,7,mom
2014-01-01_to_2017-01-01,2014-01-01,2017-01-01,"hml,smb,mom",mkt,14,5,229,9,8,smb
2014-01-01_to_2017-01-01,2014-01-01,2017-01-01,"hml,smb,mom",mkt,14,5,229,9,9,smb
2014-01-01_to_2017-01-01,2014-01-01,2017-01-01,"hml,smb,mom",mkt,14,5,230,8,1,mom
2014-01-01_to_2017-01-01,2014-01-01,2017-01-01,"hml,smb,mom",mkt,14,5,230,8,2,mom
2014-01-01_to_2017-01-01,2014-01-01,2017-01-01,"hml,smb,mom",mkt,14,5,230,8,3,mom
2014-01-01_to_2017-01-01,2014-01-01,2017-01-01,"hml,smb,mom",mkt,14,5,230,8,4,mom
2014-01-01_to_2017-01-01,2014-01-01,2017-01-01,"hml,smb,mom",mkt,14,5,230,8,5,mom
2014-01-01_to_2017-01-01,2014-01-01,2017-01-01,"hml,smb,mom",mkt,14,5,230,8,6,smb
2014-01-01_to_2017-01-01,2014-01-01,2017-01-01,"hml,smb,mom",mkt,14,5,230,8,7,mom
2014-01-01_to_2017-01-01,2014-01-01,2017-01-01,"hml,smb,mom",mkt,14,5,230,8,8,smb
2014-01-01_to_2017-01-01,2014-01-01,2017-01-01,"hml,smb,mom",mkt,14,5,232,8,1,mom
2014-01-01_to_2017-01-01,2014-01-01,2017-01-01,"hml,smb,mom",mkt,14,5,232,8,2,mom
2014-01-01_to_2017-01-01,2014-01-01,2017-01-01,"hml,smb,mom",mkt,14,5,232,8,3,mom
2014-01-01_to_2017-01-01,2014-01-01,2017-01-01,"hml,smb,mom",mkt,14,5,232,8,4,mom
2014-01-01_to_2017-01-01,2014-01-01,2017-01-01,"hml,smb,mom",mkt,14,5,232,8,5,mom
2014-01-01_to_2017-01-01,2014-01-01,2017-01-01,"hml,smb,mom",mkt,14,5,232,8,6,smb
2014-01-01_to_2017-01-01,2014-01-01,2017-01-01,"hml,smb,mom",mkt,14,5,232,8,7,mom
2014-01-01_to_2017-01-01,2014-01-01,2017-01-01,"hml,smb,mom",mkt,14,5,232,8,8,smb
2014-01-01_to_2017-01-01,2014-01-01,2017-01-01,"hml,smb,mom",mkt,14,5,234,9,1,mom
2014-01-01_to_2017-01-01,2014-01-01,2017-01-01,"hml,smb,mom",mkt,14,5,234,9,2,mom
2014-01-01_to_2017-01-01,2014-01-01,2017-01-01,"hml,smb,mom",mkt,14,5,234,9,3,mom
2014-01-01_to_2017-01-01,2014-01-01,2017-01-01,"hml,smb,mom",mkt,14,5,234,9,4,mom
2014-01-01_to_2017-01-01,2014-01-01,2017-01-01,"hml,smb,mom",mkt,14,5,234,9,5,mom
2014-01-01_to_2017-01-01,2014-01-01,2017-01-01,"hml,smb,mom",mkt,14,5,234,9,6,smb
2014-01-01_to_2017-01-01,2014-01-01,2017-01-01,"hml,smb,mom",mkt,14,5,234,9,7,mom
2014-01-01_to_2017-01-01,2014-01-01,2017-01-01,"hml,smb,mom",mkt,14,5,234,9,8,smb
2014-01-01_to_2017-01-01,2014-01-01,2017-01-01,"hml,smb,mom",mkt,14,5,234,9,9,smb
2014-01-01_to_2017-01-01,2014-01-01,2017-01-01,"hml,smb,mom",mkt,14,5,235,9,1,mom
2014-01-01_to_2017-01-01,2014-01-01,2017-01-01,"hml,smb,mom",mkt,14,5,235,9,2,mom
2014-01-01_to_2017-01-01,2014-01-01,2017-01-01,"hml,smb,mom",mkt,14,5,235,9,3,mom
2014-01-01_to_2017-01-01,2014-01-01,2017-01-01,"hml,smb,mom",mkt,14,5,235,9,4,mom
2014-01-01_to_2017-01-01,2014-01-01,2017-01-01,"hml,smb,mom",mkt,14,5,235,9,5,mom
2014-01-01_to_2017-01-01,2014-01-01,2017-01-01,"hml,smb,mom",mkt,14,5,235,9,6,smb
2014-01-01_to_2017-01-01,2014-01-01,2017-01-01,"hml,smb,mom",mkt,14,5,235,9,7,mom
2014-01-01_to_2017-01-01,2014-01-01,2017-01-01,"hml,smb,mom",mkt,14,5,235,9,8,smb
2014-01-01_to_2017-01-01,2014-01-01,2017-01-01,"hml,smb,mom",mkt,14,5,235,9,9,smb
2014-01-01_to_2017-01-01,2014-01-01,2017-01-01,"hml,smb,mom",mkt,14,5,240,9,1,mom
2014-01-01_to_2017-01-01,2014-01-01,2017-01-01,"hml,smb,mom",mkt,14,5,240,9,2,mom
2014-01-01_to_2017-01-01,2014-01-01,2017-01-01,"hml,smb,mom",mkt,14,5,240,9,3,mom
2014-01-01_to_2017-01-01,2014-01-01,2017-01-01,"hml,smb,mom",mkt,14,5,240,9,4,mom
2014-01-01_to_2017-01-01,2014-01-01,2017-01-01,"hml,smb,mom",mkt,14,5,240,9,5,mom
2014-01-01_to_2017-01-01,2014-01-01,2017-01-01,"hml,smb,mom",mkt,14,5,240,9,6,hml
2014-01-01_to_2017-01-01,2014-01-01,2017-01-01,"hml,smb,mom",mkt,14,5,240,9,7,mom
2014-01-01_to_2017-01-01,2014-01-01,2017-01-01,"hml,smb,mom",mkt,14,5,240,9,8,hml
2014-01-01_to_2017-01-01,2014-01-01,2017-01-01,"hml,smb,mom",mkt,14,5,240,9,9,hml
2014-01-01_to_2017-01-01,2014-01-01,2017-01-01,"hml,smb,mom",mkt,14,5,241,9,1,mom
2014-01-01_to_2017-01-01,2014-01-01,2017-01-01,"hml,smb,mom",mkt,14,5,241,9,2,mom
2014-01-01_to_2017-01-01,2014-01-01,2017-01-01,"hml,smb,mom",mkt,14,5,241,9,3,mom
2014-01-01_to_2017-01-01,2014-01-01,2017-01-01,"hml,smb,mom",mkt,14,5,241,9,4,mom
2014-01-01_to_2017-01-01,2014-01-01,2017-01-01,"hml,smb,mom",mkt,14,5,241,9,5,mom
2014-01-01_to_2017-01-01,2014-01-01,2017-01-01,"hml,smb,mom",mkt,14,5,241,9,6,hml
2014-01-01_to_2017-01-01,2014-01-01,2017-01-01,"hml,smb,mom",mkt,14,5,241,9,7,mom
2014-01-01_to_2017-01-01,2014-01-01,2017-01-01,"hml,smb,mom",mkt,14,5,241,9,8,hml
2014-01-01_to_2017-01-01,2014-01-01,2017-01-01,"hml,smb,mom",mkt,14,5,241,9,9,hml
2014-01-01_to_2017-01-01,2014-01-01,2017-01-01,"hml,smb,mom",mkt,14,5,245,11,1,mom
2014-01-01_to_2017-01-01,2014-01-01,2017-01-01,"hml,smb,mom",mkt,14,5,245,11,2,mom
2014-01-01_to_2017-01-01,2014-01-01,2017-01-01,"hml,smb,mom",mkt,14,5,245,11,3,mom
2014-01-01_to_2017-01-01,2014-01-01,2017-01-01,"hml,smb,mom",mkt,14,5,245,11,4,mom
2014-01-01_to_2017-01-01,2014-01-01,2017-01-01,"hml,smb,mom",mkt,14,5,245,11,5,mom
2014-01-01_to_2017-01-01,2014-01-01,2017-01-01,"hml,smb,mom",mkt,14,5,245,11,6,hml
2014-01-01_to_2017-01-01,2014-01-01,2017-01-01,"hml,smb,mom",mkt,14,5,245,11,7,mom
2014-01-01_to_2017-01-01,2014-01-01,2017-01-01,"hml,smb,mom",mkt,14,5,245,11,8,hml
2014-01-01_to_2017-01-01,2014-01-01,2017-01-01,"hml,smb,mom",mkt,14,5,245,11,9,mom
2014-01-01_to_2017-01-01,2014-01-01,2017-01-01,"hml,smb,mom",mkt,14,5,245,11,10,smb
2014-01-01_to_2017-01-01,2014-01-01,2017-01-01,"hml,smb,mom",mkt,14,5,245,11,11,hml
2014-01-01_to_2017-01-01,2014-01-01,2017-01-01,"hml,smb,mom",mkt,14,5,246,11,1,mom
2014-01-01_to_2017-01-01,2014-01-01,2017-01-01,"hml,smb,mom",mkt,14,5,246,11,2,mom
2014-01-01_to_2017-01-01,2014-01-01,2017-01-01,"hml,smb,mom",mkt,14,5,246,11,3,mom
2014-01-01_to_2017-01-01,2014-01-01,2017-01-01,"hml,smb,mom",mkt,14,5,246,11,4,mom
2014-01-01_to_2017-01-01,2014-01-01,2017-01-01,"hml,smb,mom",mkt,14,5,246,11,5,mom
2014-01-01_to_2017-01-01,2014-01-01,2017-01-01,"hml,smb,mom",mkt,14,5,246,11,6,hml
2014-01-01_to_2017-01-01,2014-01-01,2017-01-01,"hml,smb,mom",mkt,14,5,246,11,7,mom
2014-01-01_to_2017-01-01,2014-01-01,2017-01-01,"hml,smb,mom",mkt,14,5,246,11,8,hml
2014-01-01_to_2017-01-01,2014-01-01,2017-01-01,"hml,smb,mom",mkt,14,5,246,11,9,mom
2014-01-01_to_2017-01-01,2014-01-01,2017-01-01,"hml,smb,mom",mkt,14,5,246,11,10,smb
2014-01-01_to_2017-01-01,2014-01-01,2017-01-01,"hml,smb,mom",mkt,14,5,246,11,11,hml
2014-01-01_to_2017-01-01,2014-01-01,2017-01-01,"hml,smb,mom",mkt,14,5,247,10,1,mom
2014-01-01_to_2017-01-01,2014-01-01,2017-01-01,"hml,smb,mom",mkt,14,5,247,10,2,mom
2014-01-01_to_2017-01-01,2014-01-01,2017-01-01,"hml,smb,mom",mkt,14,5,247,10,3,mom
2014-01-01_to_2017-01-01,2014-01-01,2017-01-01,"hml,smb,mom",mkt,14,5,247,10,4,mom
2014-01-01_to_2017-01-01,2014-01-01,2017-01-01,"hml,smb,mom",mkt,14,5,247,10,5,mom
2014-01-01_to_2017-01-01,2014-01-01,2017-01-01,"hml,smb,mom",mkt,14,5,247,10,6,hml
2014-01-01_to_2017-01-01,2014-01-01,2017-01-01,"hml,smb,mom",mkt,14,5,247,10,7,mom
2014-01-01_to_2017-01-01,2014-01-01,2017-01-01,"hml,smb,mom",mkt,14,5,247,10,8,hml
2014-01-01_to_2017-01-01,2014-01-01,2017-01-01,"hml,smb,mom",mkt,14,5,247,10,9,mom
2014-01-01_to_2017-01-01,2014-01-01,2017-01-01,"hml,smb,mom",mkt,14,5,247,10,10,smb
2014-01-01_to_2017-01-01,2014-01-01,2017-01-01,"hml,smb,mom",mkt,14,5,249,10,1,mom
2014-01-01_to_2017-01-01,2014-01-01,2017-01-01,"hml,smb,mom",mkt,14,5,249,10,2,mom
2014-01-01_to_2017-01-01,2014-01-01,2017-01-01,"hml,smb,mom",mkt,14,5,249,10,3,mom
2014-01-01_to_2017-01-01,2014-01-01,2017-01-01,"hml,smb,mom",mkt,14,5,249,10,4,mom
2014-01-01_to_2017-01-01,2014-01-01,2017-01-01,"hml,smb,mom",mkt,14,5,249,10,5,mom
2014-01-01_to_2017-01-01,2014-01-01,2017-01-01,"hml,smb,mom",mkt,14,5,249,10,6,hml
2014-01-01_to_2017-01-01,2014-01-01,2017-01-01,"hml,smb,mom",mkt,14,5,249,10,7,mom
2014-01-01_to_2017-01-01,2014-01-01,2017-01-01,"hml,smb,mom",mkt,14,5,249,10,8,hml
2014-01-01_to_2017-01-01,2014-01-01,2017-01-01,"hml,smb,mom",mkt,14,5,249,10,9,mom
2014-01-01_to_2017-01-01,2014-01-01,2017-01-01,"hml,smb,mom",mkt,14,5,249,10,10,smb
2014-01-01_to_2017-01-01,2014-01-01,2017-01-01,"hml,smb,mom",mkt,14,5,250,10,1,mom
2014-01-01_to_2017-01-01,2014-01-01,2017-01-01,"hml,smb,mom",mkt,14,5,250,10,2,mom
2014-01-01_to_2017-01-01,2014-01-01,2017-01-01,"hml,smb,mom",mkt,14,5,250,10,3,mom
2014-01-01_to_2017-01-01,2014-01-01,2017-01-01,"hml,smb,mom",mkt,14,5,250,10,4,mom
2014-01-01_to_2017-01-01,2014-01-01,2017-01-01,"hml,smb,mom",mkt,14,5,250,10,5,mom
2014-01-01_to_2017-01-01,2014-01-01,2017-01-01,"hml,smb,mom",mkt,14,5,250,10,6,hml
2014-01-01_to_2017-01-01,2014-01-01,2017-01-01,"hml,smb,mom",mkt,14,5,250,10,7,mom
2014-01-01_to_2017-01-01,2014-01-01,2017-01-01,"hml,smb,mom",mkt,14,5,250,10,8,hml
2014-01-01_to_2017-01-01,2014-01-01,2017-01-01,"hml,smb,mom",mkt,14,5,250,10,9,mom
2014-01-01_to_2017-01-01,2014-01-01,2017-01-01,"hml,smb,mom",mkt,14,5,250,10,10,smb
2014-01-01_to_2017-01-01,2014-01-01,2017-01-01,"hml,smb,mom",mkt,14,5,252,8,1,mom
2014-01-01_to_2017-01-01,2014-01-01,2017-01-01,"hml,smb,mom",mkt,14,5,252,8,2,mom
2014-01-01_to_2017-01-01,2014-01-01,2017-01-01,"hml,smb,mom",mkt,14,5,252,8,3,mom
2014-01-01_to_2017-01-01,2014-01-01,2017-01-01,"hml,smb,mom",mkt,14,5,252,8,4,mom
2014-01-01_to_2017-01-01,2014-01-01,2017-01-01,"hml,smb,mom",mkt,14,5,252,8,5,mom
2014-01-01_to_2017-01-01,2014-01-01,2017-01-01,"hml,smb,mom",mkt,14,5,252,8,6,hml
2014-01-01_to_2017-01-01,2014-01-01,2017-01-01,"hml,smb,mom",mkt,14,5,252,8,7,mom
2014-01-01_to_2017-01-01,2014-01-01,2017-01-01,"hml,smb,mom",mkt,14,5,252,8,8,hml
2014-01-01_to_2017-01-01,2014-01-01,2017-01-01,"hml,smb,mom",mkt,14,5,253,8,1,mom
2014-01-01_to_2017-01-01,2014-01-01,2017-01-01,"hml,smb,mom",mkt,14,5,253,8,2,mom
2014-01-01_to_2017-01-01,2014-01-01,2017-01-01,"hml,smb,mom",mkt,14,5,253,8,3,mom
2014-01-01_to_2017-01-01,2014-01-01,2017-01-01,"hml,smb,mom",mkt,14,5,253,8,4,mom
2014-01-01_to_2017-01-01,2014-01-01,2017-01-01,"hml,smb,mom",mkt,14,5,253,8,5,mom
2014-01-01_to_2017-01-01,2014-01-01,2017-01-01,"hml,smb,mom",mkt,14,5,253,8,6,hml
2014-01-01_to_2017-01-01,2014-01-01,2017-01-01,"hml,smb,mom",mkt,14,5,253,8,7,mom
2014-01-01_to_2017-01-01,2014-01-01,2017-01-01,"hml,smb,mom",mkt,14,5,253,8,8,hml
2014-01-01_to_2017-01-01,2014-01-01,2017-01-01,"hml,smb,mom",mkt,14,5,255,7,1,mom
2014-01-01_to_2017-01-01,2014-01-01,2017-01-01,"hml,smb,mom",mkt,14,5,255,7,2,mom
2014-01-01_to_2017-01-01,2014-01-01,2017-01-01,"hml,smb,mom",mkt,14,5,255,7,3,mom
2014-01-01_to_2017-01-01,2014-01-01,2017-01-01,"hml,smb,mom",mkt,14,5,255,7,4,mom
2014-01-01_to_2017-01-01,2014-01-01,2017-01-01,"hml,smb,mom",mkt,14,5,255,7,5,mom
2014-01-01_to_2017-01-01,2014-01-01,2017-01-01,"hml,smb,mom",mkt,14,5,255,7,6,hml
2014-01-01_to_2017-01-01,2014-01-01,2017-01-01,"hml,smb,mom",mkt,14,5,255,7,7,smb
2014-01-01_to_2017-01-01,2014-01-01,2017-01-01,"hml,smb,mom",mkt,14,5,258,9,1,mom
2014-01-01_to_2017-01-01,2014-01-01,2017-01-01,"hml,smb,mom",mkt,14,5,258,9,2,mom
2014-01-01_to_2017-01-01,2014-01-01,2017-01-01,"hml,smb,mom",mkt,14,5,258,9,3,mom
2014-01-01_to_2017-01-01,2014-01-01,2017-01-01,"hml,smb,mom",mkt,14,5,258,9,4,mom
2014-01-01_to_2017-01-01,2014-01-01,2017-01-01,"hml,smb,mom",mkt,14,5,258,9,5,mom
2014-01-01_to_2017-01-01,2014-01-01,2017-01-01,"hml,smb,mom",mkt,14,5,258,9,6,hml
2014-01-01_to_2017-01-01,2014-01-01,2017-01-01,"hml,smb,mom",mkt,14,5,258,9,7,smb
2014-01-01_to_2017-01-01,2014-01-01,2017-01-01,"hml,smb,mom",mkt,14,5,258,9,8,smb
2014-01-01_to_2017-01-01,2014-01-01,2017-01-01,"hml,smb,mom",mkt,14,5,258,9,9,smb
2014-01-01_to_2017-01-01,2014-01-01,2017-01-01,"hml,smb,mom",mkt,14,5,259,9,1,mom
2014-01-01_to_2017-01-01,2014-01-01,2017-01-01,"hml,smb,mom",mkt,14,5,259,9,2,mom
2014-01-01_to_2017-01-01,2014-01-01,2017-01-01,"hml,smb,mom",mkt,14,5,259,9,3,mom
2014-01-01_to_2017-01-01,2014-01-01,2017-01-01,"hml,smb,mom",mkt,14,5,259,9,4,mom
2014-01-01_to_2017-01-01,2014-01-01,2017-01-01,"hml,smb,mom",mkt,14,5,259,9,5,mom
2014-01-01_to_2017-01-01,2014-01-01,2017-01-01,"hml,smb,mom",mkt,14,5,259,9,6,hml
2014-01-01_to_2017-01-01,2014-01-01,2017-01-01,"hml,smb,mom",mkt,14,5,259,9,7,smb
2014-01-01_to_2017-01-01,2014-01-01,2017-01-01,"hml,smb,mom",mkt,14,5,259,9,8,smb
2014-01-01_to_2017-01-01,2014-01-01,2017-01-01,"hml,smb,mom",mkt,14,5,259,9,9,smb
2014-01-01_to_2017-01-01,2014-01-01,2017-01-01,"hml,smb,mom",mkt,14,5,262,10,1,mom
2014-01-01_to_2017-01-01,2014-01-01,2017-01-01,"hml,smb,mom",mkt,14,5,262,10,2,mom
2014-01-01_to_2017-01-01,2014-01-01,2017-01-01,"hml,smb,mom",mkt,14,5,262,10,3,mom
2014-01-01_to_2017-01-01,2014-01-01,2017-01-01,"hml,smb,mom",mkt,14,5,262,10,4,mom
2014-01-01_to_2017-01-01,2014-01-01,2017-01-01,"hml,smb,mom",mkt,14,5,262,10,5,mom
2014-01-01_to_2017-01-01,2014-01-01,2017-01-01,"hml,smb,mom",mkt,14,5,262,10,6,hml
2014-01-01_to_2017-01-01,2014-01-01,2017-01-01,"hml,smb,mom",mkt,14,5,262,10,7,smb
2014-01-01_to_2017-01-01,2014-01-01,2017-01-01,"hml,smb,mom",mkt,14,5,262,10,8,smb
2014-01-01_to_2017-01-01,2014-01-01,2017-01-01,"hml,smb,mom",mkt,14,5,262,10,9,smb
2014-01-01_to_2017-01-01,2014-01-01,2017-01-01,"hml,smb,mom",mkt,14,5,262,10,10,hml
2014-01-01_to_2017-01-01,2014-01-01,2017-01-01,"hml,smb,mom",mkt,14,5,266,13,1,mom
2014-01-01_to_2017-01-01,2014-01-01,2017-01-01,"hml,smb,mom",mkt,14,5,266,13,2,mom
2014-01-01_to_2017-01-01,2014-01-01,2017-01-01,"hml,smb,mom",mkt,14,5,266,13,3,mom
2014-01-01_to_2017-01-01,2014-01-01,2017-01-01,"hml,smb,mom",mkt,14,5,266,13,4,mom
2014-01-01_to_2017-01-01,2014-01-01,2017-01-01,"hml,smb,mom",mkt,14,5,266,13,5,mom
2014-01-01_to_2017-01-01,2014-01-01,2017-01-01,"hml,smb,mom",mkt,14,5,266,13,6,hml
2014-01-01_to_2017-01-01,2014-01-01,2017-01-01,"hml,smb,mom",mkt,14,5,266,13,7,smb
2014-01-01_to_2017-01-01,2014-01-01,2017-01-01,"hml,smb,mom",mkt,14,5,266,13,8,smb
2014-01-01_to_2017-01-01,2014-01-01,2017-01-01,"hml,smb,mom",mkt,14,5,266,13,9,smb
2014-01-01_to_2017-01-01,2014-01-01,2017-01-01,"hml,smb,mom",mkt,14,5,266,13,10,hml
2014-01-01_to_2017-01-01,2014-01-01,2017-01-01,"hml,smb,mom",mkt,14,5,266,13,11,smb
2014-01-01_to_2017-01-01,2014-01-01,2017-01-01,"hml,smb,mom",mkt,14,5,266,13,12,hml
2014-01-01_to_2017-01-01,2014-01-01,2017-01-01,"hml,smb,mom",mkt,14,5,266,13,13,hml
2014-01-01_to_2017-01-01,2014-01-01,2017-01-01,"hml,smb,mom",mkt,14,5,267,13,1,mom
2014-01-01_to_2017-01-01,2014-01-01,2017-01-01,"hml,smb,mom",mkt,14,5,267,13,2,mom
2014-01-01_to_2017-01-01,2014-01-01,2017-01-01,"hml,smb,mom",mkt,14,5,267,13,3,mom
2014-01-01_to_2017-01-01,2014-01-01,2017-01-01,"hml,smb,mom",mkt,14,5,267,13,4,mom
2014-01-01_to_2017-01-01,2014-01-01,2017-01-01,"hml,smb,mom",mkt,14,5,267,13,5,mom
2014-01-01_to_2017-01-01,2014-01-01,2017-01-01,"hml,smb,mom",mkt,14,5,267,13,6,hml
2014-01-01_to_2017-01-01,2014-01-01,2017-01-01,"hml,smb,mom",mkt,14,5,267,13,7,smb
2014-01-01_to_2017-01-01,2014-01-01,2017-01-01,"hml,smb,mom",mkt,14,5,267,13,8,smb
2014-01-01_to_2017-01-01,2014-01-01,2017-01-01,"hml,smb,mom",mkt,14,5,267,13,9,smb
2014-01-01_to_2017-01-01,2014-01-01,2017-01-01,"hml,smb,mom",mkt,14,5,267,13,10,hml
2014-01-01_to_2017-01-01,2014-01-01,2017-01-01,"hml,smb,mom",mkt,14,5,267,13,11,smb
2014-01-01_to_2017-01-01,2014-01-01,2017-01-01,"hml,smb,mom",mkt,14,5,267,13,12,hml
2014-01-01_to_2017-01-01,2014-01-01,2017-01-01,"hml,smb,mom",mkt,14,5,267,13,13,hml
2014-01-01_to_2017-01-01,2014-01-01,2017-01-01,"hml,smb,mom",mkt,14,5,268,12,1,mom
2014-01-01_to_2017-01-01,2014-01-01,2017-01-01,"hml,smb,mom",mkt,14,5,268,12,2,mom
2014-01-01_to_2017-01-01,2014-01-01,2017-01-01,"hml,smb,mom",mkt,14,5,268,12,3,mom
2014-01-01_to_2017-01-01,2014-01-01,2017-01-01,"hml,smb,mom",mkt,14,5,268,12,4,mom
2014-01-01_to_2017-01-01,2014-01-01,2017-01-01,"hml,smb,mom",mkt,14,5,268,12,5,mom
2014-01-01_to_2017-01-01,2014-01-01,2017-01-01,"hml,smb,mom",mkt,14,5,268,12,6,hml
2014-01-01_to_2017-01-01,2014-01-01,2017-01-01,"hml,smb,mom",mkt,14,5,268,12,7,smb
2014-01-01_to_2017-01-01,2014-01-01,2017-01-01,"hml,smb,mom",mkt,14,5,268,12,8,smb
2014-01-01_to_2017-01-01,2014-01-01,2017-01-01,"hml,smb,mom",mkt,14,5,268,12,9,smb
2014-01-01_to_2017-01-01,2014-01-01,2017-01-01,"hml,smb,mom",mkt,14,5,268,12,10,hml
2014-01-01_to_2017-01-01,2014-01-01,2017-01-01,"hml,smb,mom",mkt,14,5,268,12,11,smb
2014-01-01_to_2017-01-01,2014-01-01,2017-01-01,"hml,smb,mom",mkt,14,5,268,12,12,hml
2014-01-01_to_2017-01-01,2014-01-01,2017-01-01,"hml,smb,mom",mkt,14,5,269,11,1,mom
2014-01-01_to_2017-01-01,2014-01-01,2017-01-01,"hml,smb,mom",mkt,14,5,269,11,2,mom
2014-01-01_to_2017-01-01,2014-01-01,2017-01-01,"hml,smb,mom",mkt,14,5,269,11,3,mom
2014-01-01_to_2017-01-01,2014-01-01,2017-01-01,"hml,smb,mom",mkt,14,5,269,11,4,mom
2014-01-01_to_2017-01-01,2014-01-01,2017-01-01,"hml,smb,mom",mkt,14,5,269,11,5,mom
2014-01-01_to_2017-01-01,2014-01-01,2017-01-01,"hml,smb,mom",mkt,14,5,269,11,6,hml
2014-01-01_to_2017-01-01,2014-01-01,2017-01-01,"hml,smb,mom",mkt,14,5,269,11,7,smb
2014-01-01_to_2017-01-01,2014-01-01,2017-01-01,"hml,smb,mom",mkt,14,5,269,11,8,smb
2014-01-01_to_2017-01-01,2014-01-01,2017-01-01,"hml,smb,mom",mkt,14,5,269,11,9,smb
2014-01-01_to_2017-01-01,2014-01-01,2017-01-01,"hml,smb,mom",mkt,14,5,269,11,10,hml
2014-01-01_to_2017-01-01,2014-01-01,2017-01-01,"hml,smb,mom",mkt,14,5,269,11,11,smb
2014-01-01_to_2017-01-01,2014-01-01,2017-01-01,"hml,smb,mom",mkt,14,5,270,9,1,mom
2014-01-01_to_2017-01-01,2014-01-01,2017-01-01,"hml,smb,mom",mkt,14,5,270,9,2,mom
2014-01-01_to_2017-01-01,2014-01-01,2017-01-01,"hml,smb,mom",mkt,14,5,270,9,3,mom
2014-01-01_to_2017-01-01,2014-01-01,2017-01-01,"hml,smb,mom",mkt,14,5,270,9,4,mom
2014-01-01_to_2017-01-01,2014-01-01,2017-01-01,"hml,smb,mom",mkt,14,5,270,9,5,mom
2014-01-01_to_2017-01-01,2014-01-01,2017-01-01,"hml,smb,mom",mkt,14,5,270,9,6,hml
2014-01-01_to_2017-01-01,2014-01-01,2017-01-01,"hml,smb,mom",mkt,14,5,270,9,7,smb
2014-01-01_to_2017-01-01,2014-01-01,2017-01-01,"hml,smb,mom",mkt,14,5,270,9,8,smb
2014-01-01_to_2017-01-01,2014-01-01,2017-01-01,"hml,smb,mom",mkt,14,5,270,9,9,smb
2014-01-01_to_2017-01-01,2014-01-01,2017-01-01,"hml,smb,mom",mkt,14,5,274,6,1,mom
2014-01-01_to_2017-01-01,2014-01-01,2017-01-01,"hml,smb,mom",mkt,14,5,274,6,2,mom
2014-01-01_to_2017-01-01,2014-01-01,2017-01-01,"hml,smb,mom",mkt,14,5,274,6,3,mom
2014-01-01_to_2017-01-01,2014-01-01,2017-01-01,"hml,smb,mom",mkt,14,5,274,6,4,mom
2014-01-01_to_2017-01-01,2014-01-01,2017-01-01,"hml,smb,mom",mkt,14,5,274,6,5,mom
2014-01-01_to_2017-01-01,2014-01-01,2017-01-01,"hml,smb,mom",mkt,14,5,274,6,6,smb
2014-01-01_to_2017-01-01,2014-01-01,2017-01-01,"hml,smb,mom",mkt,14,5,278,9,1,mom
2014-01-01_to_2017-01-01,2014-01-01,2017-01-01,"hml,smb,mom",mkt,14,5,278,9,2,mom
2014-01-01_to_2017-01-01,2014-01-01,2017-01-01,"hml,smb,mom",mkt,14,5,278,9,3,mom
2014-01-01_to_2017-01-01,2014-01-01,2017-01-01,"hml,smb,mom",mkt,14,5,278,9,4,mom
2014-01-01_to_2017-01-01,2014-01-01,2017-01-01,"hml,smb,mom",mkt,14,5,278,9,5,mom
2014-01-01_to_2017-01-01,2014-01-01,2017-01-01,"hml,smb,mom",mkt,14,5,278,9,6,smb
2014-01-01_to_2017-01-01,2014-01-01,2017-01-01,"hml,smb,mom",mkt,14,5,278,9,7,smb
2014-01-01_to_2017-01-01,2014-01-01,2017-01-01,"hml,smb,mom",mkt,14,5,278,9,8,mom
2014-01-01_to_2017-01-01,2014-01-01,2017-01-01,"hml,smb,mom",mkt,14,5,278,9,9,smb
2014-01-01_to_2017-01-01,2014-01-01,2017-01-01,"hml,smb,mom",mkt,14,5,279,9,1,mom
2014-01-01_to_2017-01-01,2014-01-01,2017-01-01,"hml,smb,mom",mkt,14,5,279,9,2,mom
2014-01-01_to_2017-01-01,2014-01-01,2017-01-01,"hml,smb,mom",mkt,14,5,279,9,3,mom
2014-01-01_to_2017-01-01,2014-01-01,2017-01-01,"hml,smb,mom",mkt,14,5,279,9,4,mom
2014-01-01_to_2017-01-01,2014-01-01,2017-01-01,"hml,smb,mom",mkt,14,5,279,9,5,mom
2014-01-01_to_2017-01-01,2014-01-01,2017-01-01,"hml,smb,mom",mkt,14,5,279,9,6,smb
2014-01-01_to_2017-01-01,2014-01-01,2017-01-01,"hml,smb,mom",mkt,14,5,279,9,7,smb
2014-01-01_to_2017-01-01,2014-01-01,2017-01-01,"hml,smb,mom",mkt,14,5,279,9,8,mom
2014-01-01_to_2017-01-01,2014-01-01,2017-01-01,"hml,smb,mom",mkt,14,5,279,9,9,smb
2014-01-01_to_2017-01-01,2014-01-01,2017-01-01,"hml,smb,mom",mkt,14,5,280,8,1,mom
2014-01-01_to_2017-01-01,2014-01-01,2017-01-01,"hml,smb,mom",mkt,14,5,280,8,2,mom
2014-01-01_to_2017-01-01,2014-01-01,2017-01-01,"hml,smb,mom",mkt,14,5,280,8,3,mom
2014-01-01_to_2017-01-01,2014-01-01,2017-01-01,"hml,smb,mom",mkt,14,5,280,8,4,mom
2014-01-01_to_2017-01-01,2014-01-01,2017-01-01,"hml,smb,mom",mkt,14,5,280,8,5,mom
2014-01-01_to_2017-01-01,2014-01-01,2017-01-01,"hml,smb,mom",mkt,14,5,280,8,6,smb
2014-01-01_to_2017-01-01,2014-01-01,2017-01-01,"hml,smb,mom",mkt,14,5,280,8,7,smb
2014-01-01_to_2017-01-01,2014-01-01,2017-01-01,"hml,smb,mom",mkt,14,5,280,8,8,mom
2014-01-01_to_2017-01-01,2014-01-01,2017-01-01,"hml,smb,mom",mkt,14,5,284,10,1,mom
2014-01-01_to_2017-01-01,2014-01-01,2017-01-01,"hml,smb,mom",mkt,14,5,284,10,2,mom
2014-01-01_to_2017-01-01,2014-01-01,2017-01-01,"hml,smb,mom",mkt,14,5,284,10,3,mom
2014-01-01_to_2017-01-01,2014-01-01,2017-01-01,"hml,smb,mom",mkt,14,5,284,10,4,mom
2014-01-01_to_2017-01-01,2014-01-01,2017-01-01,"hml,smb,mom",mkt,14,5,284,10,5,mom
2014-01-01_to_2017-01-01,2014-01-01,2017-01-01,"hml,smb,mom",mkt,14,5,284,10,6,smb
2014-01-01_to_2017-01-01,2014-01-01,2017-01-01,"hml,smb,mom",mkt,14,5,284,10,7,smb
2014-01-01_to_2017-01-01,2014-01-01,2017-01-01,"hml,smb,mom",mkt,14,5,284,10,8,mom
2014-01-01_to_2017-01-01,2014-01-01,2017-01-01,"hml,smb,mom",mkt,14,5,284,10,9,hml
2014-01-01_to_2017-01-01,2014-01-01,2017-01-01,"hml,smb,mom",mkt,14,5,284,10,10,smb
2014-01-01_to_2017-01-01,2014-01-01,2017-01-01,"hml,smb,mom",mkt,14,5,285,10,1,mom
2014-01-01_to_2017-01-01,2014-01-01,2017-01-01,"hml,smb,mom",mkt,14,5,285,10,2,mom
2014-01-01_to_2017-01-01,2014-01-01,2017-01-01,"hml,smb,mom",mkt,14,5,285,10,3,mom
2014-01-01_to_2017-01-01,2014-01-01,2017-01-01,"hml,smb,mom",mkt,14,5,285,10,4,mom
2014-01-01_to_2017-01-01,2014-01-01,2017-01-01,"hml,smb,mom",mkt,14,5,285,10,5,mom
2014-01-01_to_2017-01-01,2014-01-01,2017-01-01,"hml,smb,mom",mkt,14,5,285,10,6,smb
2014-01-01_to_2017-01-01,2014-01-01,2017-01-01,"hml,smb,mom",mkt,14,5,285,10,7,smb
2014-01-01_to_2017-01-01,2014-01-01,2017-01-01,"hml,smb,mom",mkt,14,5,285,10,8,mom
2014-01-01_to_2017-01-01,2014-01-01,2017-01-01,"hml,smb,mom",mkt,14,5,285,10,9,hml
2014-01-01_to_2017-01-01,2014-01-01,2017-01-01,"hml,smb,mom",mkt,14,5,285,10,10,smb
2014-01-01_to_2017-01-01,2014-01-01,2017-01-01,"hml,smb,mom",mkt,14,5,286,9,1,mom
2014-01-01_to_2017-01-01,2014-01-01,2017-01-01,"hml,smb,mom",mkt,14,5,286,9,2,mom
2014-01-01_to_2017-01-01,2014-01-01,2017-01-01,"hml,smb,mom",mkt,14,5,286,9,3,mom
2014-01-01_to_2017-01-01,2014-01-01,2017-01-01,"hml,smb,mom",mkt,14,5,286,9,4,mom
2014-01-01_to_2017-01-01,2014-01-01,2017-01-01,"hml,smb,mom",mkt,14,5,286,9,5,mom
2014-01-01_to_2017-01-01,2014-01-01,2017-01-01,"hml,smb,mom",mkt,14,5,286,9,6,smb
2014-01-01_to_2017-01-01,2014-01-01,2017-01-01,"hml,smb,mom",mkt,14,5,286,9,7,smb
2014-01-01_to_2017-01-01,2014-01-01,2017-01-01,"hml,smb,mom",mkt,14,5,286,9,8,mom
2014-01-01_to_2017-01-01,2014-01-01,2017-01-01,"hml,smb,mom",mkt,14,5,286,9,9,hml
2014-01-01_to_2017-01-01,2014-01-01,2017-01-01,"hml,smb,mom",mkt,14,5,289,10,1,mom
2014-01-01_to_2017-01-01,2014-01-01,2017-01-01,"hml,smb,mom",mkt,14,5,289,10,2,mom
2014-01-01_to_2017-01-01,2014-01-01,2017-01-01,"hml,smb,mom",mkt,14,5,289,10,3,mom
2014-01-01_to_2017-01-01,2014-01-01,2017-01-01,"hml,smb,mom",mkt,14,5,289,10,4,mom
2014-01-01_to_2017-01-01,2014-01-01,2017-01-01,"hml,smb,mom",mkt,14,5,289,10,5,mom
2014-01-01_to_2017-01-01,2014-01-01,2017-01-01,"hml,smb,mom",mkt,14,5,289,10,6,smb
2014-01-01_to_2017-01-01,2014-01-01,2017-01-01,"hml,smb,mom",mkt,14,5,289,10,7,smb
2014-01-01_to_2017-01-01,2014-01-01,2017-01-01,"hml,smb,mom",mkt,14,5,289,10,8,mom
2014-01-01_to_2017-01-01,2014-01-01,2017-01-01,"hml,smb,mom",mkt,14,5,289,10,9,smb
2014-01-01_to_2017-01-01,2014-01-01,2017-01-01,"hml,smb,mom",mkt,14,5,289,10,10,hml
2014-01-01_to_2017-01-01,2014-01-01,2017-01-01,"hml,smb,mom",mkt,14,5,291,11,1,mom
2014-01-01_to_2017-01-01,2014-01-01,2017-01-01,"hml,smb,mom",mkt,14,5,291,11,2,mom
2014-01-01_to_2017-01-01,2014-01-01,2017-01-01,"hml,smb,mom",mkt,14,5,291,11,3,mom
2014-01-01_to_2017-01-01,2014-01-01,2017-01-01,"hml,smb,mom",mkt,14,5,291,11,4,mom
2014-01-01_to_2017-01-01,2014-01-01,2017-01-01,"hml,smb,mom",mkt,14,5,291,11,5,mom
2014-01-01_to_2017-01-01,2014-01-01,2017-01-01,"hml,smb,mom",mkt,14,5,291,11,6,smb
2014-01-01_to_2017-01-01,2014-01-01,2017-01-01,"hml,smb,mom",mkt,14,5,291,11,7,smb
2014-01-01_to_2017-01-01,2014-01-01,2017-01-01,"hml,smb,mom",mkt,14,5,291,11,8,mom
2014-01-01_to_2017-01-01,2014-01-01,2017-01-01,"hml,smb,mom",mkt,14,5,291,11,9,smb
2014-01-01_to_2017-01-01,2014-01-01,2017-01-01,"hml,smb,mom",mkt,14,5,291,11,10,hml
2014-01-01_to_2017-01-01,2014-01-01,2017-01-01,"hml,smb,mom",mkt,14,5,291,11,11,hml
2014-01-01_to_2017-01-01,2014-01-01,2017-01-01,"hml,smb,mom",mkt,14,5,292,11,1,mom
2014-01-01_to_2017-01-01,2014-01-01,2017-01-01,"hml,smb,mom",mkt,14,5,292,11,2,mom
2014-01-01_to_2017-01-01,2014-01-01,2017-01-01,"hml,smb,mom",mkt,14,5,292,11,3,mom
2014-01-01_to_2017-01-01,2014-01-01,2017-01-01,"hml,smb,mom",mkt,14,5,292,11,4,mom
2014-01-01_to_2017-01-01,2014-01-01,2017-01-01,"hml,smb,mom",mkt,14,5,292,11,5,mom
2014-01-01_to_2017-01-01,2014-01-01,2017-01-01,"hml,smb,mom",mkt,14,5,292,11,6,smb
2014-01-01_to_2017-01-01,2014-01-01,2017-01-01,"hml,smb,mom",mkt,14,5,292,11,7,smb
2014-01-01_to_2017-01-01,2014-01-01,2017-01-01,"hml,smb,mom",mkt,14,5,292,11,8,mom
2014-01-01_to_2017-01-01,2014-01-01,2017-01-01,"hml,smb,mom",mkt,14,5,292,11,9,smb
2014-01-01_to_2017-01-01,2014-01-01,2017-01-01,"hml,smb,mom",mkt,14,5,292,11,10,hml
2014-01-01_to_2017-01-01,2014-01-01,2017-01-01,"hml,smb,mom",mkt,14,5,292,11,11,hml
2014-01-01_to_2017-01-01,2014-01-01,2017-01-01,"hml,smb,mom",mkt,14,5,295,11,1,mom
2014-01-01_to_2017-01-01,2014-01-01,2017-01-01,"hml,smb,mom",mkt,14,5,295,11,2,mom
2014-01-01_to_2017-01-01,2014-01-01,2017-01-01,"hml,smb,mom",mkt,14,5,295,11,3,mom
2014-01-01_to_2017-01-01,2014-01-01,2017-01-01,"hml,smb,mom",mkt,14,5,295,11,4,mom
2014-01-01_to_2017-01-01,2014-01-01,2017-01-01,"hml,smb,mom",mkt,14,5,295,11,5,mom
2014-01-01_to_2017-01-01,2014-01-01,2017-01-01,"hml,smb,mom",mkt,14,5,295,11,6,smb
2014-01-01_to_2017-01-01,2014-01-01,2017-01-01,"hml,smb,mom",mkt,14,5,295,11,7,smb
2014-01-01_to_2017-01-01,2014-01-01,2017-01-01,"hml,smb,mom",mkt,14,5,295,11,8,mom
2014-01-01_to_2017-01-01,2014-01-01,2017-01-01,"hml,smb,mom",mkt,14,5,295,11,9,smb
2014-01-01_to_2017-01-01,2014-01-01,2017-01-01,"hml,smb,mom",mkt,14,5,295,11,10,smb
2014-01-01_to_2017-01-01,2014-01-01,2017-01-01,"hml,smb,mom",mkt,14,5,295,11,11,mom
2014-01-01_to_2017-01-01,2014-01-01,2017-01-01,"hml,smb,mom",mkt,14,5,296,11,1,mom
2014-01-01_to_2017-01-01,2014-01-01,2017-01-01,"hml,smb,mom",mkt,14,5,296,11,2,mom
2014-01-01_to_2017-01-01,2014-01-01,2017-01-01,"hml,smb,mom",mkt,14,5,296,11,3,mom
2014-01-01_to_2017-01-01,2014-01-01,2017-01-01,"hml,smb,mom",mkt,14,5,296,11,4,mom
2014-01-01_to_2017-01-01,2014-01-01,2017-01-01,"hml,smb,mom",mkt,14,5,296,11,5,mom
2014-01-01_to_2017-01-01,2014-01-01,2017-01-01,"hml,smb,mom",mkt,14,5,296,11,6,smb
2014-01-01_to_2017-01-01,2014-01-01,2017-01-01,"hml,smb,mom",mkt,14,5,296,11,7,smb
2014-01-01_to_2017-01-01,2014-01-01,2017-01-01,"hml,smb,mom",mkt,14,5,296,11,8,mom
2014-01-01_to_2017-01-01,2014-01-01,2017-01-01,"hml,smb,mom",mkt,14,5,296,11,9,smb
2014-01-01_to_2017-01-01,2014-01-01,2017-01-01,"hml,smb,mom",mkt,14,5,296,11,10,smb
2014-01-01_to_2017-01-01,2014-01-01,2017-01-01,"hml,smb,mom",mkt,14,5,296,11,11,mom
2014-01-01_to_2017-01-01,2014-01-01,2017-01-01,"hml,smb,mom",mkt,14,5,298,11,1,mom
2014-01-01_to_2017-01-01,2014-01-01,2017-01-01,"hml,smb,mom",mkt,14,5,298,11,2,mom
2014-01-01_to_2017-01-01,2014-01-01,2017-01-01,"hml,smb,mom",mkt,14,5,298,11,3,mom
2014-01-01_to_2017-01-01,2014-01-01,2017-01-01,"hml,smb,mom",mkt,14,5,298,11,4,mom
2014-01-01_to_2017-01-01,2014-01-01,2017-01-01,"hml,smb,mom",mkt,14,5,298,11,5,mom
2014-01-01_to_2017-01-01,2014-01-01,2017-01-01,"hml,smb,mom",mkt,14,5,298,11,6,smb
2014-01-01_to_2017-01-01,2014-01-01,2017-01-01,"hml,smb,mom",mkt,14,5,298,11,7,smb
2014-01-01_to_2017-01-01,2014-01-01,2017-01-01,"hml,smb,mom",mkt,14,5,298,11,8,mom
2014-01-01_to_2017-01-01,2014-01-01,2017-01-01,"hml,smb,mom",mkt,14,5,298,11,9,smb
2014-01-01_to_2017-01-01,2014-01-01,2017-01-01,"hml,smb,mom",mkt,14,5,298,11,10,smb
2014-01-01_to_2017-01-01,2014-01-01,2017-01-01,"hml,smb,mom",mkt,14,5,298,11,11,hml
2014-01-01_to_2017-01-01,2014-01-01,2017-01-01,"hml,smb,mom",mkt,14,5,299,11,1,mom
2014-01-01_to_2017-01-01,2014-01-01,2017-01-01,"hml,smb,mom",mkt,14,5,299,11,2,mom
2014-01-01_to_2017-01-01,2014-01-01,2017-01-01,"hml,smb,mom",mkt,14,5,299,11,3,mom
2014-01-01_to_2017-01-01,2014-01-01,2017-01-01,"hml,smb,mom",mkt,14,5,299,11,4,mom
2014-01-01_to_2017-01-01,2014-01-01,2017-01-01,"hml,smb,mom",mkt,14,5,299,11,5,mom
2014-01-01_to_2017-01-01,2014-01-01,2017-01-01,"hml,smb,mom",mkt,14,5,299,11,6,smb
2014-01-01_to_2017-01-01,2014-01-01,2017-01-01,"hml,smb,mom",mkt,14,5,299,11,7,smb
2014-01-01_to_2017-01-01,2014-01-01,2017-01-01,"hml,smb,mom",mkt,14,5,299,11,8,mom
2014-01-01_to_2017-01-01,2014-01-01,2017-01-01,"hml,smb,mom",mkt,14,5,299,11,9,smb
2014-01-01_to_2017-01-01,2014-01-01,2017-01-01,"hml,smb,mom",mkt,14,5,299,11,10,smb
2014-01-01_to_2017-01-01,2014-01-01,2017-01-01,"hml,smb,mom",mkt,14,5,299,11,11,hml
2014-01-01_to_2017-01-01,2014-01-01,2017-01-01,"hml,smb,mom",mkt,14,5,301,6,1,mom
2014-01-01_to_2017-01-01,2014-01-01,2017-01-01,"hml,smb,mom",mkt,14,5,301,6,2,mom
2014-01-01_to_2017-01-01,2014-01-01,2017-01-01,"hml,smb,mom",mkt,14,5,301,6,3,mom
2014-01-01_to_2017-01-01,2014-01-01,2017-01-01,"hml,smb,mom",mkt,14,5,301,6,4,mom
2014-01-01_to_2017-01-01,2014-01-01,2017-01-01,"hml,smb,mom",mkt,14,5,301,6,5,mom
2014-01-01_to_2017-01-01,2014-01-01,2017-01-01,"hml,smb,mom",mkt,14,5,301,6,6,smb
2014-01-01_to_2017-01-01,2014-01-01,2017-01-01,"hml,smb,mom",mkt,14,5,305,9,1,mom
2014-01-01_to_2017-01-01,2014-01-01,2017-01-01,"hml,smb,mom",mkt,14,5,305,9,2,mom
2014-01-01_to_2017-01-01,2014-01-01,2017-01-01,"hml,smb,mom",mkt,14,5,305,9,3,mom
2014-01-01_to_2017-01-01,2014-01-01,2017-01-01,"hml,smb,mom",mkt,14,5,305,9,4,mom
2014-01-01_to_2017-01-01,2014-01-01,2017-01-01,"hml,smb,mom",mkt,14,5,305,9,5,mom
2014-01-01_to_2017-01-01,2014-01-01,2017-01-01,"hml,smb,mom",mkt,14,5,305,9,6,smb
2014-01-01_to_2017-01-01,2014-01-01,2017-01-01,"hml,smb,mom",mkt,14,5,305,9,7,smb
2014-01-01_to_2017-01-01,2014-01-01,2017-01-01,"hml,smb,mom",mkt,14,5,305,9,8,hml
2014-01-01_to_2017-01-01,2014-01-01,2017-01-01,"hml,smb,mom",mkt,14,5,305,9,9,hml
2014-01-01_to_2017-01-01,2014-01-01,2017-01-01,"hml,smb,mom",mkt,14,5,306,9,1,mom
2014-01-01_to_2017-01-01,2014-01-01,2017-01-01,"hml,smb,mom",mkt,14,5,306,9,2,mom
2014-01-01_to_2017-01-01,2014-01-01,2017-01-01,"hml,smb,mom",mkt,14,5,306,9,3,mom
2014-01-01_to_2017-01-01,2014-01-01,2017-01-01,"hml,smb,mom",mkt,14,5,306,9,4,mom
2014-01-01_to_2017-01-01,2014-01-01,2017-01-01,"hml,smb,mom",mkt,14,5,306,9,5,mom
2014-01-01_to_2017-01-01,2014-01-01,2017-01-01,"hml,smb,mom",mkt,14,5,306,9,6,smb
2014-01-01_to_2017-01-01,2014-01-01,2017-01-01,"hml,smb,mom",mkt,14,5,306,9,7,smb
2014-01-01_to_2017-01-01,2014-01-01,2017-01-01,"hml,smb,mom",mkt,14,5,306,9,8,hml
2014-01-01_to_2017-01-01,2014-01-01,2017-01-01,"hml,smb,mom",mkt,14,5,306,9,9,hml
2014-01-01_to_2017-01-01,2014-01-01,2017-01-01,"hml,smb,mom",mkt,14,5,308,9,1,mom
2014-01-01_to_2017-01-01,2014-01-01,2017-01-01,"hml,smb,mom",mkt,14,5,308,9,2,mom
2014-01-01_to_2017-01-01,2014-01-01,2017-01-01,"hml,smb,mom",mkt,14,5,308,9,3,mom
2014-01-01_to_2017-01-01,2014-01-01,2017-01-01,"hml,smb,mom",mkt,14,5,308,9,4,mom
2014-01-01_to_2017-01-01,2014-01-01,2017-01-01,"hml,smb,mom",mkt,14,5,308,9,5,mom
2014-01-01_to_2017-01-01,2014-01-01,2017-01-01,"hml,smb,mom",mkt,14,5,308,9,6,smb
2014-01-01_to_2017-01-01,2014-01-01,2017-01-01,"hml,smb,mom",mkt,14,5,308,9,7,smb
2014-01-01_to_2017-01-01,2014-01-01,2017-01-01,"hml,smb,mom",mkt,14,5,308,9,8,hml
2014-01-01_to_2017-01-01,2014-01-01,2017-01-01,"hml,smb,mom",mkt,14,5,308,9,9,hml
2014-01-01_to_2017-01-01,2014-01-01,2017-01-01,"hml,smb,mom",mkt,14,5,309,9,1,mom
2014-01-01_to_2017-01-01,2014-01-01,2017-01-01,"hml,smb,mom",mkt,14,5,309,9,2,mom
2014-01-01_to_2017-01-01,2014-01-01,2017-01-01,"hml,smb,mom",mkt,14,5,309,9,3,mom
2014-01-01_to_2017-01-01,2014-01-01,2017-01-01,"hml,smb,mom",mkt,14,5,309,9,4,mom
2014-01-01_to_2017-01-01,2014-01-01,2017-01-01,"hml,smb,mom",mkt,14,5,309,9,5,mom
2014-01-01_to_2017-01-01,2014-01-01,2017-01-01,"hml,smb,mom",mkt,14,5,309,9,6,smb
2014-01-01_to_2017-01-01,2014-01-01,2017-01-01,"hml,smb,mom",mkt,14,5,309,9,7,smb
2014-01-01_to_2017-01-01,2014-01-01,2017-01-01,"hml,smb,mom",mkt,14,5,309,9,8,hml
2014-01-01_to_2017-01-01,2014-01-01,2017-01-01,"hml,smb,mom",mkt,14,5,309,9,9,hml
2014-01-01_to_2017-01-01,2014-01-01,2017-01-01,"hml,smb,mom",mkt,14,5,310,7,1,mom
2014-01-01_to_2017-01-01,2014-01-01,2017-01-01,"hml,smb,mom",mkt,14,5,310,7,2,mom
2014-01-01_to_2017-01-01,2014-01-01,2017-01-01,"hml,smb,mom",mkt,14,5,310,7,3,mom
2014-01-01_to_2017-01-01,2014-01-01,2017-01-01,"hml,smb,mom",mkt,14,5,310,7,4,mom
2014-01-01_to_2017-01-01,2014-01-01,2017-01-01,"hml,smb,mom",mkt,14,5,310,7,5,mom
2014-01-01_to_2017-01-01,2014-01-01,2017-01-01,"hml,smb,mom",mkt,14,5,310,7,6,smb
2014-01-01_to_2017-01-01,2014-01-01,2017-01-01,"hml,smb,mom",mkt,14,5,310,7,7,smb
2014-01-01_to_2017-01-01,2014-01-01,2017-01-01,"hml,smb,mom",mkt,14,5,314,7,1,mom
2014-01-01_to_2017-01-01,2014-01-01,2017-01-01,"hml,smb,mom",mkt,14,5,314,7,2,mom
2014-01-01_to_2017-01-01,2014-01-01,2017-01-01,"hml,smb,mom",mkt,14,5,314,7,3,mom
2014-01-01_to_2017-01-01,2014-01-01,2017-01-01,"hml,smb,mom",mkt,14,5,314,7,4,mom
2014-01-01_to_2017-01-01,2014-01-01,2017-01-01,"hml,smb,mom",mkt,14,5,314,7,5,mom
2014-01-01_to_2017-01-01,2014-01-01,2017-01-01,"hml,smb,mom",mkt,14,5,314,7,6,hml
2014-01-01_to_2017-01-01,2014-01-01,2017-01-01,"hml,smb,mom",mkt,14,5,314,7,7,smb
2014-01-01_to_2017-01-01,2014-01-01,2017-01-01,"hml,smb,mom",mkt,14,5,316,8,1,mom
2014-01-01_to_2017-01-01,2014-01-01,2017-01-01,"hml,smb,mom",mkt,14,5,316,8,2,mom
2014-01-01_to_2017-01-01,2014-01-01,2017-01-01,"hml,smb,mom",mkt,14,5,316,8,3,mom
2014-01-01_to_2017-01-01,2014-01-01,2017-01-01,"hml,smb,mom",mkt,14,5,316,8,4,mom
2014-01-01_to_2017-01-01,2014-01-01,2017-01-01,"hml,smb,mom",mkt,14,5,316,8,5,mom
2014-01-01_to_2017-01-01,2014-01-01,2017-01-01,"hml,smb,mom",mkt,14,5,316,8,6,hml
2014-01-01_to_2017-01-01,2014-01-01,2017-01-01,"hml,smb,mom",mkt,14,5,316,8,7,smb
2014-01-01_to_2017-01-01,2014-01-01,2017-01-01,"hml,smb,mom",mkt,14,5,316,8,8,hml
2014-01-01_to_2017-01-01,2014-01-01,2017-01-01,"hml,smb,mom",mkt,14,5,317,8,1,mom
2014-01-01_to_2017-01-01,2014-01-01,2017-01-01,"hml,smb,mom",mkt,14,5,317,8,2,mom
2014-01-01_to_2017-01-01,2014-01-01,2017-01-01,"hml,smb,mom",mkt,14,5,317,8,3,mom
2014-01-01_to_2017-01-01,2014-01-01,2017-01-01,"hml,smb,mom",mkt,14,5,317,8,4,mom
2014-01-01_to_2017-01-01,2014-01-01,2017-01-01,"hml,smb,mom",mkt,14,5,317,8,5,mom
2014-01-01_to_2017-01-01,2014-01-01,2017-01-01,"hml,smb,mom",mkt,14,5,317,8,6,hml
2014-01-01_to_2017-01-01,2014-01-01,2017-01-01,"hml,smb,mom",mkt,14,5,317,8,7,smb
2014-01-01_to_2017-01-01,2014-01-01,2017-01-01,"hml,smb,mom",mkt,14,5,317,8,8,hml
2014-01-01_to_2017-01-01,2014-01-01,2017-01-01,"hml,smb,mom",mkt,14,5,320,8,1,mom
2014-01-01_to_2017-01-01,2014-01-01,2017-01-01,"hml,smb,mom",mkt,14,5,320,8,2,mom
2014-01-01_to_2017-01-01,2014-01-01,2017-01-01,"hml,smb,mom",mkt,14,5,320,8,3,mom
2014-01-01_to_2017-01-01,2014-01-01,2017-01-01,"hml,smb,mom",mkt,14,5,320,8,4,mom
2014-01-01_to_2017-01-01,2014-01-01,2017-01-01,"hml,smb,mom",mkt,14,5,320,8,5,mom
2014-01-01_to_2017-01-01,2014-01-01,2017-01-01,"hml,smb,mom",mkt,14,5,320,8,6,hml
2014-01-01_to_2017-01-01,2014-01-01,2017-01-01,"hml,smb,mom",mkt,14,5,320,8,7,mom
2014-01-01_to_2017-01-01,2014-01-01,2017-01-01,"hml,smb,mom",mkt,14,5,320,8,8,hml
2014-01-01_to_2017-01-01,2014-01-01,2017-01-01,"hml,smb,mom",mkt,14,5,321,8,1,mom
2014-01-01_to_2017-01-01,2014-01-01,2017-01-01,"hml,smb,mom",mkt,14,5,321,8,2,mom
2014-01-01_to_2017-01-01,2014-01-01,2017-01-01,"hml,smb,mom",mkt,14,5,321,8,3,mom
2014-01-01_to_2017-01-01,2014-01-01,2017-01-01,"hml,smb,mom",mkt,14,5,321,8,4,mom
2014-01-01_to_2017-01-01,2014-01-01,2017-01-01,"hml,smb,mom",mkt,14,5,321,8,5,mom
2014-01-01_to_2017-01-01,2014-01-01,2017-01-01,"hml,smb,mom",mkt,14,5,321,8,6,hml
2014-01-01_to_2017-01-01,2014-01-01,2017-01-01,"hml,smb,mom",mkt,14,5,321,8,7,mom
2014-01-01_to_2017-01-01,2014-01-01,2017-01-01,"hml,smb,mom",mkt,14,5,321,8,8,hml
2014-01-01_to_2017-01-01,2014-01-01,2017-01-01,"hml,smb,mom",mkt,14,5,322,7,1,mom
2014-01-01_to_2017-01-01,2014-01-01,2017-01-01,"hml,smb,mom",mkt,14,5,322,7,2,mom
2014-01-01_to_2017-01-01,2014-01-01,2017-01-01,"hml,smb,mom",mkt,14,5,322,7,3,mom
2014-01-01_to_2017-01-01,2014-01-01,2017-01-01,"hml,smb,mom",mkt,14,5,322,7,4,mom
2014-01-01_to_2017-01-01,2014-01-01,2017-01-01,"hml,smb,mom",mkt,14,5,322,7,5,mom
2014-01-01_to_2017-01-01,2014-01-01,2017-01-01,"hml,smb,mom",mkt,14,5,322,7,6,hml
2014-01-01_to_2017-01-01,2014-01-01,2017-01-01,"hml,smb,mom",mkt,14,5,322,7,7,mom
2014-01-01_to_2017-01-01,2014-01-01,2017-01-01,"hml,smb,mom",mkt,14,5,323,5,1,mom
2014-01-01_to_2017-01-01,2014-01-01,2017-01-01,"hml,smb,mom",mkt,14,5,323,5,2,mom
2014-01-01_to_2017-01-01,2014-01-01,2017-01-01,"hml,smb,mom",mkt,14,5,323,5,3,mom
2014-01-01_to_2017-01-01,2014-01-01,2017-01-01,"hml,smb,mom",mkt,14,5,323,5,4,mom
2014-01-01_to_2017-01-01,2014-01-01,2017-01-01,"hml,smb,mom",mkt,14,5,323,5,5,mom
2014-01-01_to_2017-01-01,2014-01-01,2017-01-01,"hml,smb,mom",mkt,14,5,324,2,1,mom
2014-01-01_to_2017-01-01,2014-01-01,2017-01-01,"hml,smb,mom",mkt,14,5,324,2,2,mom
2014-07-01_to_2017-07-01,2014-07-01,2017-07-01,"hml,smb,mom",mkt,14,5,5,5,1,mom
2014-07-01_to_2017-07-01,2014-07-01,2017-07-01,"hml,smb,mom",mkt,14,5,5,5,2,mom
2014-07-01_to_2017-07-01,2014-07-01,2017-07-01,"hml,smb,mom",mkt,14,5,5,5,3,mom
2014-07-01_to_2017-07-01,2014-07-01,2017-07-01,"hml,smb,mom",mkt,14,5,5,5,4,mom
2014-07-01_to_2017-07-01,2014-07-01,2017-07-01,"hml,smb,mom",mkt,14,5,5,5,5,mom
2014-07-01_to_2017-07-01,2014-07-01,2017-07-01,"hml,smb,mom",mkt,14,5,7,6,1,mom
2014-07-01_to_2017-07-01,2014-07-01,2017-07-01,"hml,smb,mom",mkt,14,5,7,6,2,mom
2014-07-01_to_2017-07-01,2014-07-01,2017-07-01,"hml,smb,mom",mkt,14,5,7,6,3,mom
2014-07-01_to_2017-07-01,2014-07-01,2017-07-01,"hml,smb,mom",mkt,14,5,7,6,4,mom
2014-07-01_to_2017-07-01,2014-07-01,2017-07-01,"hml,smb,mom",mkt,14,5,7,6,5,mom
2014-07-01_to_2017-07-01,2014-07-01,2017-07-01,"hml,smb,mom",mkt,14,5,7,6,6,hml
2014-07-01_to_2017-07-01,2014-07-01,2017-07-01,"hml,smb,mom",mkt,14,5,8,6,1,mom
2014-07-01_to_2017-07-01,2014-07-01,2017-07-01,"hml,smb,mom",mkt,14,5,8,6,2,mom
2014-07-01_to_2017-07-01,2014-07-01,2017-07-01,"hml,smb,mom",mkt,14,5,8,6,3,mom
2014-07-01_to_2017-07-01,2014-07-01,2017-07-01,"hml,smb,mom",mkt,14,5,8,6,4,mom
2014-07-01_to_2017-07-01,2014-07-01,2017-07-01,"hml,smb,mom",mkt,14,5,8,6,5,mom
2014-07-01_to_2017-07-01,2014-07-01,2017-07-01,"hml,smb,mom",mkt,14,5,8,6,6,hml
2014-07-01_to_2017-07-01,2014-07-01,2017-07-01,"hml,smb,mom",mkt,14,5,11,6,1,mom
2014-07-01_to_2017-07-01,2014-07-01,2017-07-01,"hml,smb,mom",mkt,14,5,11,6,2,mom
2014-07-01_to_2017-07-01,2014-07-01,2017-07-01,"hml,smb,mom",mkt,14,5,11,6,3,mom
2014-07-01_to_2017-07-01,2014-07-01,2017-07-01,"hml,smb,mom",mkt,14,5,11,6,4,mom
2014-07-01_to_2017-07-01,2014-07-01,2017-07-01,"hml,smb,mom",mkt,14,5,11,6,5,mom
2014-07-01_to_2017-07-01,2014-07-01,2017-07-01,"hml,smb,mom",mkt,14,5,11,6,6,smb
2014-07-01_to_2017-07-01,2014-07-01,2017-07-01,"hml,smb,mom",mkt,14,5,13,7,1,mom
2014-07-01_to_2017-07-01,2014-07-01,2017-07-01,"hml,smb,mom",mkt,14,5,13,7,2,mom
2014-07-01_to_2017-07-01,2014-07-01,2017-07-01,"hml,smb,mom",mkt,14,5,13,7,3,mom
2014-07-01_to_2017-07-01,2014-07-01,2017-07-01,"hml,smb,mom",mkt,14,5,13,7,4,mom
2014-07-01_to_2017-07-01,2014-07-01,2017-07-01,"hml,smb,mom",mkt,14,5,13,7,5,mom
2014-07-01_to_2017-07-01,2014-07-01,2017-07-01,"hml,smb,mom",mkt,14,5,13,7,6,smb
2014-07-01_to_2017-07-01,2014-07-01,2017-07-01,"hml,smb,mom",mkt,14,5,13,7,7,hml
2014-07-01_to_2017-07-01,2014-07-01,2017-07-01,"hml,smb,mom",mkt,14,5,15,8,1,mom
2014-07-01_to_2017-07-01,2014-07-01,2017-07-01,"hml,smb,mom",mkt,14,5,15,8,2,mom
2014-07-01_to_2017-07-01,2014-07-01,2017-07-01,"hml,smb,mom",mkt,14,5,15,8,3,mom
2014-07-01_to_2017-07-01,2014-07-01,2017-07-01,"hml,smb,mom",mkt,14,5,15,8,4,mom
2014-07-01_to_2017-07-01,2014-07-01,2017-07-01,"hml,smb,mom",mkt,14,5,15,8,5,mom
2014-07-01_to_2017-07-01,2014-07-01,2017-07-01,"hml,smb,mom",mkt,14,5,15,8,6,smb
2014-07-01_to_2017-07-01,2014-07-01,2017-07-01,"hml,smb,mom",mkt,14,5,15,8,7,hml
2014-07-01_to_2017-07-01,2014-07-01,2017-07-01,"hml,smb,mom",mkt,14,5,15,8,8,smb
2014-07-01_to_2017-07-01,2014-07-01,2017-07-01,"hml,smb,mom",mkt,14,5,16,8,1,mom
2014-07-01_to_2017-07-01,2014-07-01,2017-07-01,"hml,smb,mom",mkt,14,5,16,8,2,mom
2014-07-01_to_2017-07-01,2014-07-01,2017-07-01,"hml,smb,mom",mkt,14,5,16,8,3,mom
2014-07-01_to_2017-07-01,2014-07-01,2017-07-01,"hml,smb,mom",mkt,14,5,16,8,4,mom
2014-07-01_to_2017-07-01,2014-07-01,2017-07-01,"hml,smb,mom",mkt,14,5,16,8,5,mom
2014-07-01_to_2017-07-01,2014-07-01,2017-07-01,"hml,smb,mom",mkt,14,5,16,8,6,smb
2014-07-01_to_2017-07-01,2014-07-01,2017-07-01,"hml,smb,mom",mkt,14,5,16,8,7,hml
2014-07-01_to_2017-07-01,2014-07-01,2017-07-01,"hml,smb,mom",mkt,14,5,16,8,8,smb
2014-07-01_to_2017-07-01,2014-07-01,2017-07-01,"hml,smb,mom",mkt,14,5,18,6,1,mom
2014-07-01_to_2017-07-01,2014-07-01,2017-07-01,"hml,smb,mom",mkt,14,5,18,6,2,mom
2014-07-01_to_2017-07-01,2014-07-01,2017-07-01,"hml,smb,mom",mkt,14,5,18,6,3,mom
2014-07-01_to_2017-07-01,2014-07-01,2017-07-01,"hml,smb,mom",mkt,14,5,18,6,4,mom
2014-07-01_to_2017-07-01,2014-07-01,2017-07-01,"hml,smb,mom",mkt,14,5,18,6,5,mom
2014-07-01_to_2017-07-01,2014-07-01,2017-07-01,"hml,smb,mom",mkt,14,5,18,6,6,smb
2014-07-01_to_2017-07-01,2014-07-01,2017-07-01,"hml,smb,mom",mkt,14,5,20,7,1,mom
2014-07-01_to_2017-07-01,2014-07-01,2017-07-01,"hml,smb,mom",mkt,14,5,20,7,2,mom
2014-07-01_to_2017-07-01,2014-07-01,2017-07-01,"hml,smb,mom",mkt,14,5,20,7,3,mom
2014-07-01_to_2017-07-01,2014-07-01,2017-07-01,"hml,smb,mom",mkt,14,5,20,7,4,mom
2014-07-01_to_2017-07-01,2014-07-01,2017-07-01,"hml,smb,mom",mkt,14,5,20,7,5,mom
2014-07-01_to_2017-07-01,2014-07-01,2017-07-01,"hml,smb,mom",mkt,14,5,20,7,6,smb
2014-07-01_to_2017-07-01,2014-07-01,2017-07-01,"hml,smb,mom",mkt,14,5,20,7,7,hml
2014-07-01_to_2017-07-01,2014-07-01,2017-07-01,"hml,smb,mom",mkt,14,5,21,7,1,mom
2014-07-01_to_2017-07-01,2014-07-01,2017-07-01,"hml,smb,mom",mkt,14,5,21,7,2,mom
2014-07-01_to_2017-07-01,2014-07-01,2017-07-01,"hml,smb,mom",mkt,14,5,21,7,3,mom
2014-07-01_to_2017-07-01,2014-07-01,2017-07-01,"hml,smb,mom",mkt,14,5,21,7,4,mom
2014-07-01_to_2017-07-01,2014-07-01,2017-07-01,"hml,smb,mom",mkt,14,5,21,7,5,mom
2014-07-01_to_2017-07-01,2014-07-01,2017-07-01,"hml,smb,mom",mkt,14,5,21,7,6,smb
2014-07-01_to_2017-07-01,2014-07-01,2017-07-01,"hml,smb,mom",mkt,14,5,21,7,7,hml
2014-07-01_to_2017-07-01,2014-07-01,2017-07-01,"hml,smb,mom",mkt,14,5,25,6,1,mom
2014-07-01_to_2017-07-01,2014-07-01,2017-07-01,"hml,smb,mom",mkt,14,5,25,6,2,mom
2014-07-01_to_2017-07-01,2014-07-01,2017-07-01,"hml,smb,mom",mkt,14,5,25,6,3,mom
2014-07-01_to_2017-07-01,2014-07-01,2017-07-01,"hml,smb,mom",mkt,14,5,25,6,4,mom
2014-07-01_to_2017-07-01,2014-07-01,2017-07-01,"hml,smb,mom",mkt,14,5,25,6,5,smb
2014-07-01_to_2017-07-01,2014-07-01,2017-07-01,"hml,smb,mom",mkt,14,5,25,6,6,smb
2014-07-01_to_2017-07-01,2014-07-01,2017-07-01,"hml,smb,mom",mkt,14,5,27,7,1,mom
2014-07-01_to_2017-07-01,2014-07-01,2017-07-01,"hml,smb,mom",mkt,14,5,27,7,2,mom
2014-07-01_to_2017-07-01,2014-07-01,2017-07-01,"hml,smb,mom",mkt,14,5,27,7,3,mom
2014-07-01_to_2017-07-01,2014-07-01,2017-07-01,"hml,smb,mom",mkt,14,5,27,7,4,mom
2014-07-01_to_2017-07-01,2014-07-01,2017-07-01,"hml,smb,mom",mkt,14,5,27,7,5,smb
2014-07-01_to_2017-07-01,2014-07-01,2017-07-01,"hml,smb,mom",mkt,14,5,27,7,6,smb
2014-07-01_to_2017-07-01,2014-07-01,2017-07-01,"hml,smb,mom",mkt,14,5,27,7,7,mom
2014-07-01_to_2017-07-01,2014-07-01,2017-07-01,"hml,smb,mom",mkt,14,5,30,9,1,mom
2014-07-01_to_2017-07-01,2014-07-01,2017-07-01,"hml,smb,mom",mkt,14,5,30,9,2,mom
2014-07-01_to_2017-07-01,2014-07-01,2017-07-01,"hml,smb,mom",mkt,14,5,30,9,3,mom
2014-07-01_to_2017-07-01,2014-07-01,2017-07-01,"hml,smb,mom",mkt,14,5,30,9,4,mom
2014-07-01_to_2017-07-01,2014-07-01,2017-07-01,"hml,smb,mom",mkt,14,5,30,9,5,smb
2014-07-01_to_2017-07-01,2014-07-01,2017-07-01,"hml,smb,mom",mkt,14,5,30,9,6,smb
2014-07-01_to_2017-07-01,2014-07-01,2017-07-01,"hml,smb,mom",mkt,14,5,30,9,7,mom
2014-07-01_to_2017-07-01,2014-07-01,2017-07-01,"hml,smb,mom",mkt,14,5,30,9,8,hml
2014-07-01_to_2017-07-01,2014-07-01,2017-07-01,"hml,smb,mom",mkt,14,5,30,9,9,mom
2014-07-01_to_2017-07-01,2014-07-01,2017-07-01,"hml,smb,mom",mkt,14,5,32,10,1,mom
2014-07-01_to_2017-07-01,2014-07-01,2017-07-01,"hml,smb,mom",mkt,14,5,32,10,2,mom
2014-07-01_to_2017-07-01,2014-07-01,2017-07-01,"hml,smb,mom",mkt,14,5,32,10,3,mom
2014-07-01_to_2017-07-01,2014-07-01,2017-07-01,"hml,smb,mom",mkt,14,5,32,10,4,mom
2014-07-01_to_2017-07-01,2014-07-01,2017-07-01,"hml,smb,mom",mkt,14,5,32,10,5,smb
2014-07-01_to_2017-07-01,2014-07-01,2017-07-01,"hml,smb,mom",mkt,14,5,32,10,6,smb
2014-07-01_to_2017-07-01,2014-07-01,2017-07-01,"hml,smb,mom",mkt,14,5,32,10,7,mom
2014-07-01_to_2017-07-01,2014-07-01,2017-07-01,"hml,smb,mom",mkt,14,5,32,10,8,hml
2014-07-01_to_2017-07-01,2014-07-01,2017-07-01,"hml,smb,mom",mkt,14,5,32,10,9,mom
2014-07-01_to_2017-07-01,2014-07-01,2017-07-01,"hml,smb,mom",mkt,14,5,32,10,10,hml
2014-07-01_to_2017-07-01,2014-07-01,2017-07-01,"hml,smb,mom",mkt,14,5,33,10,1,mom
2014-07-01_to_2017-07-01,2014-07-01,2017-07-01,"hml,smb,mom",mkt,14,5,33,10,2,mom
2014-07-01_to_2017-07-01,2014-07-01,2017-07-01,"hml,smb,mom",mkt,14,5,33,10,3,mom
2014-07-01_to_2017-07-01,2014-07-01,2017-07-01,"hml,smb,mom",mkt,14,5,33,10,4,mom
2014-07-01_to_2017-07-01,2014-07-01,2017-07-01,"hml,smb,mom",mkt,14,5,33,10,5,smb
2014-07-01_to_2017-07-01,2014-07-01,2017-07-01,"hml,smb,mom",mkt,14,5,33,10,6,smb
2014-07-01_to_2017-07-01,2014-07-01,2017-07-01,"hml,smb,mom",mkt,14,5,33,10,7,mom
2014-07-01_to_2017-07-01,2014-07-01,2017-07-01,"hml,smb,mom",mkt,14,5,33,10,8,hml
2014-07-01_to_2017-07-01,2014-07-01,2017-07-01,"hml,smb,mom",mkt,14,5,33,10,9,mom
2014-07-01_to_2017-07-01,2014-07-01,2017-07-01,"hml,smb,mom",mkt,14,5,33,10,10,hml
2014-07-01_to_2017-07-01,2014-07-01,2017-07-01,"hml,smb,mom",mkt,14,5,34,8,1,mom
2014-07-01_to_2017-07-01,2014-07-01,2017-07-01,"hml,smb,mom",mkt,14,5,34,8,2,mom
2014-07-01_to_2017-07-01,2014-07-01,2017-07-01,"hml,smb,mom",mkt,14,5,34,8,3,mom
2014-07-01_to_2017-07-01,2014-07-01,2017-07-01,"hml,smb,mom",mkt,14,5,34,8,4,mom
2014-07-01_to_2017-07-01,2014-07-01,2017-07-01,"hml,smb,mom",mkt,14,5,34,8,5,smb
2014-07-01_to_2017-07-01,2014-07-01,2017-07-01,"hml,smb,mom",mkt,14,5,34,8,6,smb
2014-07-01_to_2017-07-01,2014-07-01,2017-07-01,"hml,smb,mom",mkt,14,5,34,8,7,mom
2014-07-01_to_2017-07-01,2014-07-01,2017-07-01,"hml,smb,mom",mkt,14,5,34,8,8,hml
2014-07-01_to_2017-07-01,2014-07-01,2017-07-01,"hml,smb,mom",mkt,14,5,37,7,1,mom
2014-07-01_to_2017-07-01,2014-07-01,2017-07-01,"hml,smb,mom",mkt,14,5,37,7,2,mom
2014-07-01_to_2017-07-01,2014-07-01,2017-07-01,"hml,smb,mom",mkt,14,5,37,7,3,mom
2014-07-01_to_2017-07-01,2014-07-01,2017-07-01,"hml,smb,mom",mkt,14,5,37,7,4,mom
2014-07-01_to_2017-07-01,2014-07-01,2017-07-01,"hml,smb,mom",mkt,14,5,37,7,5,smb
2014-07-01_to_2017-07-01,2014-07-01,2017-07-01,"hml,smb,mom",mkt,14,5,37,7,6,mom
2014-07-01_to_2017-07-01,2014-07-01,2017-07-01,"hml,smb,mom",mkt,14,5,37,7,7,hml
2014-07-01_to_2017-07-01,2014-07-01,2017-07-01,"hml,smb,mom",mkt,14,5,38,7,1,mom
2014-07-01_to_2017-07-01,2014-07-01,2017-07-01,"hml,smb,mom",mkt,14,5,38,7,2,mom
2014-07-01_to_2017-07-01,2014-07-01,2017-07-01,"hml,smb,mom",mkt,14,5,38,7,3,mom
2014-07-01_to_2017-07-01,2014-07-01,2017-07-01,"hml,smb,mom",mkt,14,5,38,7,4,mom
2014-07-01_to_2017-07-01,2014-07-01,2017-07-01,"hml,smb,mom",mkt,14,5,38,7,5,smb
2014-07-01_to_2017-07-01,2014-07-01,2017-07-01,"hml,smb,mom",mkt,14,5,38,7,6,mom
2014-07-01_to_2017-07-01,2014-07-01,2017-07-01,"hml,smb,mom",mkt,14,5,38,7,7,hml
2014-07-01_to_2017-07-01,2014-07-01,2017-07-01,"hml,smb,mom",mkt,14,5,40,7,1,mom
2014-07-01_to_2017-07-01,2014-07-01,2017-07-01,"hml,smb,mom",mkt,14,5,40,7,2,mom
2014-07-01_to_2017-07-01,2014-07-01,2017-07-01,"hml,smb,mom",mkt,14,5,40,7,3,mom
2014-07-01_to_2017-07-01,2014-07-01,2017-07-01,"hml,smb,mom",mkt,14,5,40,7,4,mom
2014-07-01_to_2017-07-01,2014-07-01,2017-07-01,"hml,smb,mom",mkt,14,5,40,7,5,smb
2014-07-01_to_2017-07-01,2014-07-01,2017-07-01,"hml,smb,mom",mkt,14,5,40,7,6,mom
2014-07-01_to_2017-07-01,2014-07-01,2017-07-01,"hml,smb,mom",mkt,14,5,40,7,7,hml
2014-07-01_to_2017-07-01,2014-07-01,2017-07-01,"hml,smb,mom",mkt,14,5,42,8,1,mom
2014-07-01_to_2017-07-01,2014-07-01,2017-07-01,"hml,smb,mom",mkt,14,5,42,8,2,mom
2014-07-01_to_2017-07-01,2014-07-01,2017-07-01,"hml,smb,mom",mkt,14,5,42,8,3,mom
2014-07-01_to_2017-07-01,2014-07-01,2017-07-01,"hml,smb,mom",mkt,14,5,42,8,4,mom
2014-07-01_to_2017-07-01,2014-07-01,2017-07-01,"hml,smb,mom",mkt,14,5,42,8,5,smb
2014-07-01_to_2017-07-01,2014-07-01,2017-07-01,"hml,smb,mom",mkt,14,5,42,8,6,mom
2014-07-01_to_2017-07-01,2014-07-01,2017-07-01,"hml,smb,mom",mkt,14,5,42,8,7,hml
2014-07-01_to_2017-07-01,2014-07-01,2017-07-01,"hml,smb,mom",mkt,14,5,42,8,8,smb
2014-07-01_to_2017-07-01,2014-07-01,2017-07-01,"hml,smb,mom",mkt,14,5,44,9,1,mom
2014-07-01_to_2017-07-01,2014-07-01,2017-07-01,"hml,smb,mom",mkt,14,5,44,9,2,mom
2014-07-01_to_2017-07-01,2014-07-01,2017-07-01,"hml,smb,mom",mkt,14,5,44,9,3,mom
2014-07-01_to_2017-07-01,2014-07-01,2017-07-01,"hml,smb,mom",mkt,14,5,44,9,4,mom
2014-07-01_to_2017-07-01,2014-07-01,2017-07-01,"hml,smb,mom",mkt,14,5,44,9,5,smb
2014-07-01_to_2017-07-01,2014-07-01,2017-07-01,"hml,smb,mom",mkt,14,5,44,9,6,mom
2014-07-01_to_2017-07-01,2014-07-01,2017-07-01,"hml,smb,mom",mkt,14,5,44,9,7,hml
2014-07-01_to_2017-07-01,2014-07-01,2017-07-01,"hml,smb,mom",mkt,14,5,44,9,8,smb
2014-07-01_to_2017-07-01,2014-07-01,2017-07-01,"hml,smb,mom",mkt,14,5,44,9,9,smb
2014-07-01_to_2017-07-01,2014-07-01,2017-07-01,"hml,smb,mom",mkt,14,5,45,9,1,mom
2014-07-01_to_2017-07-01,2014-07-01,2017-07-01,"hml,smb,mom",mkt,14,5,45,9,2,mom
2014-07-01_to_2017-07-01,2014-07-01,2017-07-01,"hml,smb,mom",mkt,14,5,45,9,3,mom
2014-07-01_to_2017-07-01,2014-07-01,2017-07-01,"hml,smb,mom",mkt,14,5,45,9,4,mom
2014-07-01_to_2017-07-01,2014-07-01,2017-07-01,"hml,smb,mom",mkt,14,5,45,9,5,smb
2014-07-01_to_2017-07-01,2014-07-01,2017-07-01,"hml,smb,mom",mkt,14,5,45,9,6,mom
2014-07-01_to_2017-07-01,2014-07-01,2017-07-01,"hml,smb,mom",mkt,14,5,45,9,7,hml
2014-07-01_to_2017-07-01,2014-07-01,2017-07-01,"hml,smb,mom",mkt,14,5,45,9,8,smb
2014-07-01_to_2017-07-01,2014-07-01,2017-07-01,"hml,smb,mom",mkt,14,5,45,9,9,smb
2014-07-01_to_2017-07-01,2014-07-01,2017-07-01,"hml,smb,mom",mkt,14,5,49,7,1,mom
2014-07-01_to_2017-07-01,2014-07-01,2017-07-01,"hml,smb,mom",mkt,14,5,49,7,2,mom
2014-07-01_to_2017-07-01,2014-07-01,2017-07-01,"hml,smb,mom",mkt,14,5,49,7,3,mom
2014-07-01_to_2017-07-01,2014-07-01,2017-07-01,"hml,smb,mom",mkt,14,5,49,7,4,mom
2014-07-01_to_2017-07-01,2014-07-01,2017-07-01,"hml,smb,mom",mkt,14,5,49,7,5,smb
2014-07-01_to_2017-07-01,2014-07-01,2017-07-01,"hml,smb,mom",mkt,14,5,49,7,6,hml
2014-07-01_to_2017-07-01,2014-07-01,2017-07-01,"hml,smb,mom",mkt,14,5,49,7,7,hml
2014-07-01_to_2017-07-01,2014-07-01,2017-07-01,"hml,smb,mom",mkt,14,5,50,7,1,mom
2014-07-01_to_2017-07-01,2014-07-01,2017-07-01,"hml,smb,mom",mkt,14,5,50,7,2,mom
2014-07-01_to_2017-07-01,2014-07-01,2017-07-01,"hml,smb,mom",mkt,14,5,50,7,3,mom
2014-07-01_to_2017-07-01,2014-07-01,2017-07-01,"hml,smb,mom",mkt,14,5,50,7,4,mom
2014-07-01_to_2017-07-01,2014-07-01,2017-07-01,"hml,smb,mom",mkt,14,5,50,7,5,smb
2014-07-01_to_2017-07-01,2014-07-01,2017-07-01,"hml,smb,mom",mkt,14,5,50,7,6,hml
2014-07-01_to_2017-07-01,2014-07-01,2017-07-01,"hml,smb,mom",mkt,14,5,50,7,7,hml
2014-07-01_to_2017-07-01,2014-07-01,2017-07-01,"hml,smb,mom",mkt,14,5,52,7,1,mom
2014-07-01_to_2017-07-01,2014-07-01,2017-07-01,"hml,smb,mom",mkt,14,5,52,7,2,mom
2014-07-01_to_2017-07-01,2014-07-01,2017-07-01,"hml,smb,mom",mkt,14,5,52,7,3,mom
2014-07-01_to_2017-07-01,2014-07-01,2017-07-01,"hml,smb,mom",mkt,14,5,52,7,4,mom
2014-07-01_to_2017-07-01,2014-07-01,2017-07-01,"hml,smb,mom",mkt,14,5,52,7,5,smb
2014-07-01_to_2017-07-01,2014-07-01,2017-07-01,"hml,smb,mom",mkt,14,5,52,7,6,hml
2014-07-01_to_2017-07-01,2014-07-01,2017-07-01,"hml,smb,mom",mkt,14,5,52,7,7,hml
2014-07-01_to_2017-07-01,2014-07-01,2017-07-01,"hml,smb,mom",mkt,14,5,53,7,1,mom
2014-07-01_to_2017-07-01,2014-07-01,2017-07-01,"hml,smb,mom",mkt,14,5,53,7,2,mom
2014-07-01_to_2017-07-01,2014-07-01,2017-07-01,"hml,smb,mom",mkt,14,5,53,7,3,mom
2014-07-01_to_2017-07-01,2014-07-01,2017-07-01,"hml,smb,mom",mkt,14,5,53,7,4,mom
2014-07-01_to_2017-07-01,2014-07-01,2017-07-01,"hml,smb,mom",mkt,14,5,53,7,5,smb
2014-07-01_to_2017-07-01,2014-07-01,2017-07-01,"hml,smb,mom",mkt,14,5,53,7,6,hml
2014-07-01_to_2017-07-01,2014-07-01,2017-07-01,"hml,smb,mom",mkt,14,5,53,7,7,hml
2014-07-01_to_2017-07-01,2014-07-01,2017-07-01,"hml,smb,mom",mkt,14,5,57,8,1,mom
2014-07-01_to_2017-07-01,2014-07-01,2017-07-01,"hml,smb,mom",mkt,14,5,57,8,2,mom
2014-07-01_to_2017-07-01,2014-07-01,2017-07-01,"hml,smb,mom",mkt,14,5,57,8,3,mom
2014-07-01_to_2017-07-01,2014-07-01,2017-07-01,"hml,smb,mom",mkt,14,5,57,8,4,mom
2014-07-01_to_2017-07-01,2014-07-01,2017-07-01,"hml,smb,mom",mkt,14,5,57,8,5,smb
2014-07-01_to_2017-07-01,2014-07-01,2017-07-01,"hml,smb,mom",mkt,14,5,57,8,6,hml
2014-07-01_to_2017-07-01,2014-07-01,2017-07-01,"hml,smb,mom",mkt,14,5,57,8,7,mom
2014-07-01_to_2017-07-01,2014-07-01,2017-07-01,"hml,smb,mom",mkt,14,5,57,8,8,hml
2014-07-01_to_2017-07-01,2014-07-01,2017-07-01,"hml,smb,mom",mkt,14,5,58,8,1,mom
2014-07-01_to_2017-07-01,2014-07-01,2017-07-01,"hml,smb,mom",mkt,14,5,58,8,2,mom
2014-07-01_to_2017-07-01,2014-07-01,2017-07-01,"hml,smb,mom",mkt,14,5,58,8,3,mom
2014-07-01_to_2017-07-01,2014-07-01,2017-07-01,"hml,smb,mom",mkt,14,5,58,8,4,mom
2014-07-01_to_2017-07-01,2014-07-01,2017-07-01,"hml,smb,mom",mkt,14,5,58,8,5,smb
2014-07-01_to_2017-07-01,2014-07-01,2017-07-01,"hml,smb,mom",mkt,14,5,58,8,6,hml
2014-07-01_to_2017-07-01,2014-07-01,2017-07-01,"hml,smb,mom",mkt,14,5,58,8,7,mom
2014-07-01_to_2017-07-01,2014-07-01,2017-07-01,"hml,smb,mom",mkt,14,5,58,8,8,hml
2014-07-01_to_2017-07-01,2014-07-01,2017-07-01,"hml,smb,mom",mkt,14,5,59,7,1,mom
2014-07-01_to_2017-07-01,2014-07-01,2017-07-01,"hml,smb,mom",mkt,14,5,59,7,2,mom
2014-07-01_to_2017-07-01,2014-07-01,2017-07-01,"hml,smb,mom",mkt,14,5,59,7,3,mom
2014-07-01_to_2017-07-01,2014-07-01,2017-07-01,"hml,smb,mom",mkt,14,5,59,7,4,mom
2014-07-01_to_2017-07-01,2014-07-01,2017-07-01,"hml,smb,mom",mkt,14,5,59,7,5,smb
2014-07-01_to_2017-07-01,2014-07-01,2017-07-01,"hml,smb,mom",mkt,14,5,59,7,6,hml
2014-07-01_to_2017-07-01,2014-07-01,2017-07-01,"hml,smb,mom",mkt,14,5,59,7,7,mom
2014-07-01_to_2017-07-01,2014-07-01,2017-07-01,"hml,smb,mom",mkt,14,5,60,6,1,mom
2014-07-01_to_2017-07-01,2014-07-01,2017-07-01,"hml,smb,mom",mkt,14,5,60,6,2,mom
2014-07-01_to_2017-07-01,2014-07-01,2017-07-01,"hml,smb,mom",mkt,14,5,60,6,3,mom
2014-07-01_to_2017-07-01,2014-07-01,2017-07-01,"hml,smb,mom",mkt,14,5,60,6,4,mom
2014-07-01_to_2017-07-01,2014-07-01,2017-07-01,"hml,smb,mom",mkt,14,5,60,6,5,smb
2014-07-01_to_2017-07-01,2014-07-01,2017-07-01,"hml,smb,mom",mkt,14,5,60,6,6,hml
2014-07-01_to_2017-07-01,2014-07-01,2017-07-01,"hml,smb,mom",mkt,14,5,68,9,1,mom
2014-07-01_to_2017-07-01,2014-07-01,2017-07-01,"hml,smb,mom",mkt,14,5,68,9,2,mom
2014-07-01_to_2017-07-01,2014-07-01,2017-07-01,"hml,smb,mom",mkt,14,5,68,9,3,mom
2014-07-01_to_2017-07-01,2014-07-01,2017-07-01,"hml,smb,mom",mkt,14,5,68,9,4,mom
2014-07-01_to_2017-07-01,2014-07-01,2017-07-01,"hml,smb,mom",mkt,14,5,68,9,5,smb
2014-07-01_to_2017-07-01,2014-07-01,2017-07-01,"hml,smb,mom",mkt,14,5,68,9,6,hml
2014-07-01_to_2017-07-01,2014-07-01,2017-07-01,"hml,smb,mom",mkt,14,5,68,9,7,hml
2014-07-01_to_2017-07-01,2014-07-01,2017-07-01,"hml,smb,mom",mkt,14,5,68,9,8,hml
2014-07-01_to_2017-07-01,2014-07-01,2017-07-01,"hml,smb,mom",mkt,14,5,68,9,9,smb
2014-07-01_to_2017-07-01,2014-07-01,2017-07-01,"hml,smb,mom",mkt,14,5,70,10,1,mom
2014-07-01_to_2017-07-01,2014-07-01,2017-07-01,"hml,smb,mom",mkt,14,5,70,10,2,mom
2014-07-01_to_2017-07-01,2014-07-01,2017-07-01,"hml,smb,mom",mkt,14,5,70,10,3,mom
2014-07-01_to_2017-07-01,2014-07-01,2017-07-01,"hml,smb,mom",mkt,14,5,70,10,4,mom
2014-07-01_to_2017-07-01,2014-07-01,2017-07-01,"hml,smb,mom",mkt,14,5,70,10,5,smb
2014-07-01_to_2017-07-01,2014-07-01,2017-07-01,"hml,smb,mom",mkt,14,5,70,10,6,hml
2014-07-01_to_2017-07-01,2014-07-01,2017-07-01,"hml,smb,mom",mkt,14,5,70,10,7,hml
2014-07-01_to_2017-07-01,2014-07-01,2017-07-01,"hml,smb,mom",mkt,14,5,70,10,8,hml
2014-07-01_to_2017-07-01,2014-07-01,2017-07-01,"hml,smb,mom",mkt,14,5,70,10,9,smb
2014-07-01_to_2017-07-01,2014-07-01,2017-07-01,"hml,smb,mom",mkt,14,5,70,10,10,hml
2014-07-01_to_2017-07-01,2014-07-01,2017-07-01,"hml,smb,mom",mkt,14,5,72,11,1,mom
2014-07-01_to_2017-07-01,2014-07-01,2017-07-01,"hml,smb,mom",mkt,14,5,72,11,2,mom
2014-07-01_to_2017-07-01,2014-07-01,2017-07-01,"hml,smb,mom",mkt,14,5,72,11,3,mom
2014-07-01_to_2017-07-01,2014-07-01,2017-07-01,"hml,smb,mom",mkt,14,5,72,11,4,mom
2014-07-01_to_2017-07-01,2014-07-01,2017-07-01,"hml,smb,mom",mkt,14,5,72,11,5,smb
2014-07-01_to_2017-07-01,2014-07-01,2017-07-01,"hml,smb,mom",mkt,14,5,72,11,6,hml
2014-07-01_to_2017-07-01,2014-07-01,2017-07-01,"hml,smb,mom",mkt,14,5,72,11,7,hml
2014-07-01_to_2017-07-01,2014-07-01,2017-07-01,"hml,smb,mom",mkt,14,5,72,11,8,hml
2014-07-01_to_2017-07-01,2014-07-01,2017-07-01,"hml,smb,mom",mkt,14,5,72,11,9,smb
2014-07-01_to_2017-07-01,2014-07-01,2017-07-01,"hml,smb,mom",mkt,14,5,72,11,10,hml
2014-07-01_to_2017-07-01,2014-07-01,2017-07-01,"hml,smb,mom",mkt,14,5,72,11,11,hml
2014-07-01_to_2017-07-01,2014-07-01,2017-07-01,"hml,smb,mom",mkt,14,5,73,11,1,mom
2014-07-01_to_2017-07-01,2014-07-01,2017-07-01,"hml,smb,mom",mkt,14,5,73,11,2,mom
2014-07-01_to_2017-07-01,2014-07-01,2017-07-01,"hml,smb,mom",mkt,14,5,73,11,3,mom
2014-07-01_to_2017-07-01,2014-07-01,2017-07-01,"hml,smb,mom",mkt,14,5,73,11,4,mom
2014-07-01_to_2017-07-01,2014-07-01,2017-07-01,"hml,smb,mom",mkt,14,5,73,11,5,smb
2014-07-01_to_2017-07-01,2014-07-01,2017-07-01,"hml,smb,mom",mkt,14,5,73,11,6,hml
2014-07-01_to_2017-07-01,2014-07-01,2017-07-01,"hml,smb,mom",mkt,14,5,73,11,7,hml
2014-07-01_to_2017-07-01,2014-07-01,2017-07-01,"hml,smb,mom",mkt,14,5,73,11,8,hml
2014-07-01_to_2017-07-01,2014-07-01,2017-07-01,"hml,smb,mom",mkt,14,5,73,11,9,smb
2014-07-01_to_2017-07-01,2014-07-01,2017-07-01,"hml,smb,mom",mkt,14,5,73,11,10,hml
2014-07-01_to_2017-07-01,2014-07-01,2017-07-01,"hml,smb,mom",mkt,14,5,73,11,11,hml
2014-07-01_to_2017-07-01,2014-07-01,2017-07-01,"hml,smb,mom",mkt,14,5,74,8,1,mom
2014-07-01_to_2017-07-01,2014-07-01,2017-07-01,"hml,smb,mom",mkt,14,5,74,8,2,mom
2014-07-01_to_2017-07-01,2014-07-01,2017-07-01,"hml,smb,mom",mkt,14,5,74,8,3,mom
2014-07-01_to_2017-07-01,2014-07-01,2017-07-01,"hml,smb,mom",mkt,14,5,74,8,4,mom
2014-07-01_to_2017-07-01,2014-07-01,2017-07-01,"hml,smb,mom",mkt,14,5,74,8,5,smb
2014-07-01_to_2017-07-01,2014-07-01,2017-07-01,"hml,smb,mom",mkt,14,5,74,8,6,hml
2014-07-01_to_2017-07-01,2014-07-01,2017-07-01,"hml,smb,mom",mkt,14,5,74,8,7,hml
2014-07-01_to_2017-07-01,2014-07-01,2017-07-01,"hml,smb,mom",mkt,14,5,74,8,8,hml
2014-07-01_to_2017-07-01,2014-07-01,2017-07-01,"hml,smb,mom",mkt,14,5,75,7,1,mom
2014-07-01_to_2017-07-01,2014-07-01,2017-07-01,"hml,smb,mom",mkt,14,5,75,7,2,mom
2014-07-01_to_2017-07-01,2014-07-01,2017-07-01,"hml,smb,mom",mkt,14,5,75,7,3,mom
2014-07-01_to_2017-07-01,2014-07-01,2017-07-01,"hml,smb,mom",mkt,14,5,75,7,4,mom
2014-07-01_to_2017-07-01,2014-07-01,2017-07-01,"hml,smb,mom",mkt,14,5,75,7,5,smb
2014-07-01_to_2017-07-01,2014-07-01,2017-07-01,"hml,smb,mom",mkt,14,5,75,7,6,hml
2014-07-01_to_2017-07-01,2014-07-01,2017-07-01,"hml,smb,mom",mkt,14,5,75,7,7,hml
2014-07-01_to_2017-07-01,2014-07-01,2017-07-01,"hml,smb,mom",mkt,14,5,76,6,1,mom
2014-07-01_to_2017-07-01,2014-07-01,2017-07-01,"hml,smb,mom",mkt,14,5,76,6,2,mom
2014-07-01_to_2017-07-01,2014-07-01,2017-07-01,"hml,smb,mom",mkt,14,5,76,6,3,mom
2014-07-01_to_2017-07-01,2014-07-01,2017-07-01,"hml,smb,mom",mkt,14,5,76,6,4,mom
2014-07-01_to_2017-07-01,2014-07-01,2017-07-01,"hml,smb,mom",mkt,14,5,76,6,5,smb
2014-07-01_to_2017-07-01,2014-07-01,2017-07-01,"hml,smb,mom",mkt,14,5,76,6,6,hml
2014-07-01_to_2017-07-01,2014-07-01,2017-07-01,"hml,smb,mom",mkt,14,5,79,7,1,mom
2014-07-01_to_2017-07-01,2014-07-01,2017-07-01,"hml,smb,mom",mkt,14,5,79,7,2,mom
2014-07-01_to_2017-07-01,2014-07-01,2017-07-01,"hml,smb,mom",mkt,14,5,79,7,3,mom
2014-07-01_to_2017-07-01,2014-07-01,2017-07-01,"hml,smb,mom",mkt,14,5,79,7,4,mom
2014-07-01_to_2017-07-01,2014-07-01,2017-07-01,"hml,smb,mom",mkt,14,5,79,7,5,smb
2014-07-01_to_2017-07-01,2014-07-01,2017-07-01,"hml,smb,mom",mkt,14,5,79,7,6,mom
2014-07-01_to_2017-07-01,2014-07-01,2017-07-01,"hml,smb,mom",mkt,14,5,79,7,7,smb
2014-07-01_to_2017-07-01,2014-07-01,2017-07-01,"hml,smb,mom",mkt,14,5,82,9,1,mom
2014-07-01_to_2017-07-01,2014-07-01,2017-07-01,"hml,smb,mom",mkt,14,5,82,9,2,mom
2014-07-01_to_2017-07-01,2014-07-01,2017-07-01,"hml,smb,mom",mkt,14,5,82,9,3,mom
2014-07-01_to_2017-07-01,2014-07-01,2017-07-01,"hml,smb,mom",mkt,14,5,82,9,4,mom
2014-07-01_to_2017-07-01,2014-07-01,2017-07-01,"hml,smb,mom",mkt,14,5,82,9,5,smb
2014-07-01_to_2017-07-01,2014-07-01,2017-07-01,"hml,smb,mom",mkt,14,5,82,9,6,mom
2014-07-01_to_2017-07-01,2014-07-01,2017-07-01,"hml,smb,mom",mkt,14,5,82,9,7,smb
2014-07-01_to_2017-07-01,2014-07-01,2017-07-01,"hml,smb,mom",mkt,14,5,82,9,8,hml
2014-07-01_to_2017-07-01,2014-07-01,2017-07-01,"hml,smb,mom",mkt,14,5,82,9,9,mom
2014-07-01_to_2017-07-01,2014-07-01,2017-07-01,"hml,smb,mom",mkt,14,5,83,9,1,mom
2014-07-01_to_2017-07-01,2014-07-01,2017-07-01,"hml,smb,mom",mkt,14,5,83,9,2,mom
2014-07-01_to_2017-07-01,2014-07-01,2017-07-01,"hml,smb,mom",mkt,14,5,83,9,3,mom
2014-07-01_to_2017-07-01,2014-07-01,2017-07-01,"hml,smb,mom",mkt,14,5,83,9,4,mom
2014-07-01_to_2017-07-01,2014-07-01,2017-07-01,"hml,smb,mom",mkt,14,5,83,9,5,smb
2014-07-01_to_2017-07-01,2014-07-01,2017-07-01,"hml,smb,mom",mkt,14,5,83,9,6,mom
2014-07-01_to_2017-07-01,2014-07-01,2017-07-01,"hml,smb,mom",mkt,14,5,83,9,7,smb
2014-07-01_to_2017-07-01,2014-07-01,2017-07-01,"hml,smb,mom",mkt,14,5,83,9,8,hml
2014-07-01_to_2017-07-01,2014-07-01,2017-07-01,"hml,smb,mom",mkt,14,5,83,9,9,mom
2014-07-01_to_2017-07-01,2014-07-01,2017-07-01,"hml,smb,mom",mkt,14,5,85,9,1,mom
2014-07-01_to_2017-07-01,2014-07-01,2017-07-01,"hml,smb,mom",mkt,14,5,85,9,2,mom
2014-07-01_to_2017-07-01,2014-07-01,2017-07-01,"hml,smb,mom",mkt,14,5,85,9,3,mom
2014-07-01_to_2017-07-01,2014-07-01,2017-07-01,"hml,smb,mom",mkt,14,5,85,9,4,mom
2014-07-01_to_2017-07-01,2014-07-01,2017-07-01,"hml,smb,mom",mkt,14,5,85,9,5,smb
2014-07-01_to_2017-07-01,2014-07-01,2017-07-01,"hml,smb,mom",mkt,14,5,85,9,6,mom
2014-07-01_to_2017-07-01,2014-07-01,2017-07-01,"hml,smb,mom",mkt,14,5,85,9,7,smb
2014-07-01_to_2017-07-01,2014-07-01,2017-07-01,"hml,smb,mom",mkt,14,5,85,9,8,hml
2014-07-01_to_2017-07-01,2014-07-01,2017-07-01,"hml,smb,mom",mkt,14,5,85,9,9,mom
2014-07-01_to_2017-07-01,2014-07-01,2017-07-01,"hml,smb,mom",mkt,14,5,86,9,1,mom
2014-07-01_to_2017-07-01,2014-07-01,2017-07-01,"hml,smb,mom",mkt,14,5,86,9,2,mom
2014-07-01_to_2017-07-01,2014-07-01,2017-07-01,"hml,smb,mom",mkt,14,5,86,9,3,mom
2014-07-01_to_2017-07-01,2014-07-01,2017-07-01,"hml,smb,mom",mkt,14,5,86,9,4,mom
2014-07-01_to_2017-07-01,2014-07-01,2017-07-01,"hml,smb,mom",mkt,14,5,86,9,5,smb
2014-07-01_to_2017-07-01,2014-07-01,2017-07-01,"hml,smb,mom",mkt,14,5,86,9,6,mom
2014-07-01_to_2017-07-01,2014-07-01,2017-07-01,"hml,smb,mom",mkt,14,5,86,9,7,smb
2014-07-01_to_2017-07-01,2014-07-01,2017-07-01,"hml,smb,mom",mkt,14,5,86,9,8,hml
2014-07-01_to_2017-07-01,2014-07-01,2017-07-01,"hml,smb,mom",mkt,14,5,86,9,9,mom
2014-07-01_to_2017-07-01,2014-07-01,2017-07-01,"hml,smb,mom",mkt,14,5,88,7,1,mom
2014-07-01_to_2017-07-01,2014-07-01,2017-07-01,"hml,smb,mom",mkt,14,5,88,7,2,mom
2014-07-01_to_2017-07-01,2014-07-01,2017-07-01,"hml,smb,mom",mkt,14,5,88,7,3,mom
2014-07-01_to_2017-07-01,2014-07-01,2017-07-01,"hml,smb,mom",mkt,14,5,88,7,4,mom
2014-07-01_to_2017-07-01,2014-07-01,2017-07-01,"hml,smb,mom",mkt,14,5,88,7,5,smb
2014-07-01_to_2017-07-01,2014-07-01,2017-07-01,"hml,smb,mom",mkt,14,5,88,7,6,mom
2014-07-01_to_2017-07-01,2014-07-01,2017-07-01,"hml,smb,mom",mkt,14,5,88,7,7,hml
2014-07-01_to_2017-07-01,2014-07-01,2017-07-01,"hml,smb,mom",mkt,14,5,89,7,1,mom
2014-07-01_to_2017-07-01,2014-07-01,2017-07-01,"hml,smb,mom",mkt,14,5,89,7,2,mom
2014-07-01_to_2017-07-01,2014-07-01,2017-07-01,"hml,smb,mom",mkt,14,5,89,7,3,mom
2014-07-01_to_2017-07-01,2014-07-01,2017-07-01,"hml,smb,mom",mkt,14,5,89,7,4,mom
2014-07-01_to_2017-07-01,2014-07-01,2017-07-01,"hml,smb,mom",mkt,14,5,89,7,5,smb
2014-07-01_to_2017-07-01,2014-07-01,2017-07-01,"hml,smb,mom",mkt,14,5,89,7,6,mom
2014-07-01_to_2017-07-01,2014-07-01,2017-07-01,"hml,smb,mom",mkt,14,5,89,7,7,hml
2014-07-01_to_2017-07-01,2014-07-01,2017-07-01,"hml,smb,mom",mkt,14,5,91,5,1,mom
2014-07-01_to_2017-07-01,2014-07-01,2017-07-01,"hml,smb,mom",mkt,14,5,91,5,2,mom
2014-07-01_to_2017-07-01,2014-07-01,2017-07-01,"hml,smb,mom",mkt,14,5,91,5,3,mom
2014-07-01_to_2017-07-01,2014-07-01,2017-07-01,"hml,smb,mom",mkt,14,5,91,5,4,mom
2014-07-01_to_2017-07-01,2014-07-01,2017-07-01,"hml,smb,mom",mkt,14,5,91,5,5,smb
2014-07-01_to_2017-07-01,2014-07-01,2017-07-01,"hml,smb,mom",mkt,14,5,97,10,1,mom
2014-07-01_to_2017-07-01,2014-07-01,2017-07-01,"hml,smb,mom",mkt,14,5,97,10,2,mom
2014-07-01_to_2017-07-01,2014-07-01,2017-07-01,"hml,smb,mom",mkt,14,5,97,10,3,mom
2014-07-01_to_2017-07-01,2014-07-01,2017-07-01,"hml,smb,mom",mkt,14,5,97,10,4,mom
2014-07-01_to_2017-07-01,2014-07-01,2017-07-01,"hml,smb,mom",mkt,14,5,97,10,5,smb
2014-07-01_to_2017-07-01,2014-07-01,2017-07-01,"hml,smb,mom",mkt,14,5,97,10,6,hml
2014-07-01_to_2017-07-01,2014-07-01,2017-07-01,"hml,smb,mom",mkt,14,5,97,10,7,hml
2014-07-01_to_2017-07-01,2014-07-01,2017-07-01,"hml,smb,mom",mkt,14,5,97,10,8,mom
2014-07-01_to_2017-07-01,2014-07-01,2017-07-01,"hml,smb,mom",mkt,14,5,97,10,9,smb
2014-07-01_to_2017-07-01,2014-07-01,2017-07-01,"hml,smb,mom",mkt,14,5,97,10,10,hml
2014-07-01_to_2017-07-01,2014-07-01,2017-07-01,"hml,smb,mom",mkt,14,5,99,11,1,mom
2014-07-01_to_2017-07-01,2014-07-01,2017-07-01,"hml,smb,mom",mkt,14,5,99,11,2,mom
2014-07-01_to_2017-07-01,2014-07-01,2017-07-01,"hml,smb,mom",mkt,14,5,99,11,3,mom
2014-07-01_to_2017-07-01,2014-07-01,2017-07-01,"hml,smb,mom",mkt,14,5,99,11,4,mom
2014-07-01_to_2017-07-01,2014-07-01,2017-07-01,"hml,smb,mom",mkt,14,5,99,11,5,smb
2014-07-01_to_2017-07-01,2014-07-01,2017-07-01,"hml,smb,mom",mkt,14,5,99,11,6,hml
2014-07-01_to_2017-07-01,2014-07-01,2017-07-01,"hml,smb,mom",mkt,14,5,99,11,7,hml
2014-07-01_to_2017-07-01,2014-07-01,2017-07-01,"hml,smb,mom",mkt,14,5,99,11,8,mom
2014-07-01_to_2017-07-01,2014-07-01,2017-07-01,"hml,smb,mom",mkt,14,5,99,11,9,smb
2014-07-01_to_2017-07-01,2014-07-01,2017-07-01,"hml,smb,mom",mkt,14,5,99,11,10,hml
2014-07-01_to_2017-07-01,2014-07-01,2017-07-01,"hml,smb,mom",mkt,14,5,99,11,11,smb
2014-07-01_to_2017-07-01,2014-07-01,2017-07-01,"hml,smb,mom",mkt,14,5,100,11,1,mom
2014-07-01_to_2017-07-01,2014-07-01,2017-07-01,"hml,smb,mom",mkt,14,5,100,11,2,mom
2014-07-01_to_2017-07-01,2014-07-01,2017-07-01,"hml,smb,mom",mkt,14,5,100,11,3,mom
2014-07-01_to_2017-07-01,2014-07-01,2017-07-01,"hml,smb,mom",mkt,14,5,100,11,4,mom
2014-07-01_to_2017-07-01,2014-07-01,2017-07-01,"hml,smb,mom",mkt,14,5,100,11,5,smb
2014-07-01_to_2017-07-01,2014-07-01,2017-07-01,"hml,smb,mom",mkt,14,5,100,11,6,hml
2014-07-01_to_2017-07-01,2014-07-01,2017-07-01,"hml,smb,mom",mkt,14,5,100,11,7,hml
2014-07-01_to_2017-07-01,2014-07-01,2017-07-01,"hml,smb,mom",mkt,14,5,100,11,8,mom
2014-07-01_to_2017-07-01,2014-07-01,2017-07-01,"hml,smb,mom",mkt,14,5,100,11,9,smb
2014-07-01_to_2017-07-01,2014-07-01,2017-07-01,"hml,smb,mom",mkt,14,5,100,11,10,hml
2014-07-01_to_2017-07-01,2014-07-01,2017-07-01,"hml,smb,mom",mkt,14,5,100,11,11,smb
2014-07-01_to_2017-07-01,2014-07-01,2017-07-01,"hml,smb,mom",mkt,14,5,106,14,1,mom
2014-07-01_to_2017-07-01,2014-07-01,2017-07-01,"hml,smb,mom",mkt,14,5,106,14,2,mom
2014-07-01_to_2017-07-01,2014-07-01,2017-07-01,"hml,smb,mom",mkt,14,5,106,14,3,mom
2014-07-01_to_2017-07-01,2014-07-01,2017-07-01,"hml,smb,mom",mkt,14,5,106,14,4,mom
2014-07-01_to_2017-07-01,2014-07-01,2017-07-01,"hml,smb,mom",mkt,14,5,106,14,5,smb
2014-07-01_to_2017-07-01,2014-07-01,2017-07-01,"hml,smb,mom",mkt,14,5,106,14,6,hml
2014-07-01_to_2017-07-01,2014-07-01,2017-07-01,"hml,smb,mom",mkt,14,5,106,14,7,hml
2014-07-01_to_2017-07-01,2014-07-01,2017-07-01,"hml,smb,mom",mkt,14,5,106,14,8,mom
2014-07-01_to_2017-07-01,2014-07-01,2017-07-01,"hml,smb,mom",mkt,14,5,106,14,9,smb
2014-07-01_to_2017-07-01,2014-07-01,2017-07-01,"hml,smb,mom",mkt,14,5,106,14,10,mom
2014-07-01_to_2017-07-01,2014-07-01,2017-07-01,"hml,smb,mom",mkt,14,5,106,14,11,hml
2014-07-01_to_2017-07-01,2014-07-01,2017-07-01,"hml,smb,mom",mkt,14,5,106,14,12,smb
2014-07-01_to_2017-07-01,2014-07-01,2017-07-01,"hml,smb,mom",mkt,14,5,106,14,13,mom
2014-07-01_to_2017-07-01,2014-07-01,2017-07-01,"hml,smb,mom",mkt,14,5,106,14,14,smb
2014-07-01_to_2017-07-01,2014-07-01,2017-07-01,"hml,smb,mom",mkt,14,5,107,14,1,mom
2014-07-01_to_2017-07-01,2014-07-01,2017-07-01,"hml,smb,mom",mkt,14,5,107,14,2,mom
2014-07-01_to_2017-07-01,2014-07-01,2017-07-01,"hml,smb,mom",mkt,14,5,107,14,3,mom
2014-07-01_to_2017-07-01,2014-07-01,2017-07-01,"hml,smb,mom",mkt,14,5,107,14,4,mom
2014-07-01_to_2017-07-01,2014-07-01,2017-07-01,"hml,smb,mom",mkt,14,5,107,14,5,smb
2014-07-01_to_2017-07-01,2014-07-01,2017-07-01,"hml,smb,mom",mkt,14,5,107,14,6,hml
2014-07-01_to_2017-07-01,2014-07-01,2017-07-01,"hml,smb,mom",mkt,14,5,107,14,7,hml
2014-07-01_to_2017-07-01,2014-07-01,2017-07-01,"hml,smb,mom",mkt,14,5,107,14,8,mom
2014-07-01_to_2017-07-01,2014-07-01,2017-07-01,"hml,smb,mom",mkt,14,5,107,14,9,smb
2014-07-01_to_2017-07-01,2014-07-01,2017-07-01,"hml,smb,mom",mkt,14,5,107,14,10,mom
2014-07-01_to_2017-07-01,2014-07-01,2017-07-01,"hml,smb,mom",mkt,14,5,107,14,11,hml
2014-07-01_to_2017-07-01,2014-07-01,2017-07-01,"hml,smb,mom",mkt,14,5,107,14,12,smb
2014-07-01_to_2017-07-01,2014-07-01,2017-07-01,"hml,smb,mom",mkt,14,5,107,14,13,mom
2014-07-01_to_2017-07-01,2014-07-01,2017-07-01,"hml,smb,mom",mkt,14,5,107,14,14,smb
2014-07-01_to_2017-07-01,2014-07-01,2017-07-01,"hml,smb,mom",mkt,14,5,108,13,1,mom
2014-07-01_to_2017-07-01,2014-07-01,2017-07-01,"hml,smb,mom",mkt,14,5,108,13,2,mom
2014-07-01_to_2017-07-01,2014-07-01,2017-07-01,"hml,smb,mom",mkt,14,5,108,13,3,mom
2014-07-01_to_2017-07-01,2014-07-01,2017-07-01,"hml,smb,mom",mkt,14,5,108,13,4,mom
2014-07-01_to_2017-07-01,2014-07-01,2017-07-01,"hml,smb,mom",mkt,14,5,108,13,5,smb
2014-07-01_to_2017-07-01,2014-07-01,2017-07-01,"hml,smb,mom",mkt,14,5,108,13,6,hml
2014-07-01_to_2017-07-01,2014-07-01,2017-07-01,"hml,smb,mom",mkt,14,5,108,13,7,hml
2014-07-01_to_2017-07-01,2014-07-01,2017-07-01,"hml,smb,mom",mkt,14,5,108,13,8,mom
2014-07-01_to_2017-07-01,2014-07-01,2017-07-01,"hml,smb,mom",mkt,14,5,108,13,9,smb
2014-07-01_to_2017-07-01,2014-07-01,2017-07-01,"hml,smb,mom",mkt,14,5,108,13,10,mom
2014-07-01_to_2017-07-01,2014-07-01,2017-07-01,"hml,smb,mom",mkt,14,5,108,13,11,hml
2014-07-01_to_2017-07-01,2014-07-01,2017-07-01,"hml,smb,mom",mkt,14,5,108,13,12,smb
2014-07-01_to_2017-07-01,2014-07-01,2017-07-01,"hml,smb,mom",mkt,14,5,108,13,13,mom
2014-07-01_to_2017-07-01,2014-07-01,2017-07-01,"hml,smb,mom",mkt,14,5,109,12,1,mom
2014-07-01_to_2017-07-01,2014-07-01,2017-07-01,"hml,smb,mom",mkt,14,5,109,12,2,mom
2014-07-01_to_2017-07-01,2014-07-01,2017-07-01,"hml,smb,mom",mkt,14,5,109,12,3,mom
2014-07-01_to_2017-07-01,2014-07-01,2017-07-01,"hml,smb,mom",mkt,14,5,109,12,4,mom
2014-07-01_to_2017-07-01,2014-07-01,2017-07-01,"hml,smb,mom",mkt,14,5,109,12,5,smb
2014-07-01_to_2017-07-01,2014-07-01,2017-07-01,"hml,smb,mom",mkt,14,5,109,12,6,hml
2014-07-01_to_2017-07-01,2014-07-01,2017-07-01,"hml,smb,mom",mkt,14,5,109,12,7,hml
2014-07-01_to_2017-07-01,2014-07-01,2017-07-01,"hml,smb,mom",mkt,14,5,109,12,8,mom
2014-07-01_to_2017-07-01,2014-07-01,2017-07-01,"hml,smb,mom",mkt,14,5,109,12,9,smb
2014-07-01_to_2017-07-01,2014-07-01,2017-07-01,"hml,smb,mom",mkt,14,5,109,12,10,mom
2014-07-01_to_2017-07-01,2014-07-01,2017-07-01,"hml,smb,mom",mkt,14,5,109,12,11,hml
2014-07-01_to_2017-07-01,2014-07-01,2017-07-01,"hml,smb,mom",mkt,14,5,109,12,12,smb
2014-07-01_to_2017-07-01,2014-07-01,2017-07-01,"hml,smb,mom",mkt,14,5,110,11,1,mom
2014-07-01_to_2017-07-01,2014-07-01,2017-07-01,"hml,smb,mom",mkt,14,5,110,11,2,mom
2014-07-01_to_2017-07-01,2014-07-01,2017-07-01,"hml,smb,mom",mkt,14,5,110,11,3,mom
2014-07-01_to_2017-07-01,2014-07-01,2017-07-01,"hml,smb,mom",mkt,14,5,110,11,4,mom
2014-07-01_to_2017-07-01,2014-07-01,2017-07-01,"hml,smb,mom",mkt,14,5,110,11,5,smb
2014-07-01_to_2017-07-01,2014-07-01,2017-07-01,"hml,smb,mom",mkt,14,5,110,11,6,hml
2014-07-01_to_2017-07-01,2014-07-01,2017-07-01,"hml,smb,mom",mkt,14,5,110,11,7,hml
2014-07-01_to_2017-07-01,2014-07-01,2017-07-01,"hml,smb,mom",mkt,14,5,110,11,8,mom
2014-07-01_to_2017-07-01,2014-07-01,2017-07-01,"hml,smb,mom",mkt,14,5,110,11,9,smb
2014-07-01_to_2017-07-01,2014-07-01,2017-07-01,"hml,smb,mom",mkt,14,5,110,11,10,mom
2014-07-01_to_2017-07-01,2014-07-01,2017-07-01,"hml,smb,mom",mkt,14,5,110,11,11,hml
2014-07-01_to_2017-07-01,2014-07-01,2017-07-01,"hml,smb,mom",mkt,14,5,113,12,1,mom
2014-07-01_to_2017-07-01,2014-07-01,2017-07-01,"hml,smb,mom",mkt,14,5,113,12,2,mom
2014-07-01_to_2017-07-01,2014-07-01,2017-07-01,"hml,smb,mom",mkt,14,5,113,12,3,mom
2014-07-01_to_2017-07-01,2014-07-01,2017-07-01,"hml,smb,mom",mkt,14,5,113,12,4,mom
2014-07-01_to_2017-07-01,2014-07-01,2017-07-01,"hml,smb,mom",mkt,14,5,113,12,5,smb
2014-07-01_to_2017-07-01,2014-07-01,2017-07-01,"hml,smb,mom",mkt,14,5,113,12,6,hml
2014-07-01_to_2017-07-01,2014-07-01,2017-07-01,"hml,smb,mom",mkt,14,5,113,12,7,hml
2014-07-01_to_2017-07-01,2014-07-01,2017-07-01,"hml,smb,mom",mkt,14,5,113,12,8,mom
2014-07-01_to_2017-07-01,2014-07-01,2017-07-01,"hml,smb,mom",mkt,14,5,113,12,9,smb
2014-07-01_to_2017-07-01,2014-07-01,2017-07-01,"hml,smb,mom",mkt,14,5,113,12,10,mom
2014-07-01_to_2017-07-01,2014-07-01,2017-07-01,"hml,smb,mom",mkt,14,5,113,12,11,hml
2014-07-01_to_2017-07-01,2014-07-01,2017-07-01,"hml,smb,mom",mkt,14,5,113,12,12,mom
2014-07-01_to_2017-07-01,2014-07-01,2017-07-01,"hml,smb,mom",mkt,14,5,114,12,1,mom
2014-07-01_to_2017-07-01,2014-07-01,2017-07-01,"hml,smb,mom",mkt,14,5,114,12,2,mom
2014-07-01_to_2017-07-01,2014-07-01,2017-07-01,"hml,smb,mom",mkt,14,5,114,12,3,mom
2014-07-01_to_2017-07-01,2014-07-01,2017-07-01,"hml,smb,mom",mkt,14,5,114,12,4,mom
2014-07-01_to_2017-07-01,2014-07-01,2017-07-01,"hml,smb,mom",mkt,14,5,114,12,5,smb
2014-07-01_to_2017-07-01,2014-07-01,2017-07-01,"hml,smb,mom",mkt,14,5,114,12,6,hml
2014-07-01_to_2017-07-01,2014-07-01,2017-07-01,"hml,smb,mom",mkt,14,5,114,12,7,hml
2014-07-01_to_2017-07-01,2014-07-01,2017-07-01,"hml,smb,mom",mkt,14,5,114,12,8,mom
2014-07-01_to_2017-07-01,2014-07-01,2017-07-01,"hml,smb,mom",mkt,14,5,114,12,9,smb
2014-07-01_to_2017-07-01,2014-07-01,2017-07-01,"hml,smb,mom",mkt,14,5,114,12,10,mom
2014-07-01_to_2017-07-01,2014-07-01,2017-07-01,"hml,smb,mom",mkt,14,5,114,12,11,hml
2014-07-01_to_2017-07-01,2014-07-01,2017-07-01,"hml,smb,mom",mkt,14,5,114,12,12,mom
2014-07-01_to_2017-07-01,2014-07-01,2017-07-01,"hml,smb,mom",mkt,14,5,115,11,1,mom
2014-07-01_to_2017-07-01,2014-07-01,2017-07-01,"hml,smb,mom",mkt,14,5,115,11,2,mom
2014-07-01_to_2017-07-01,2014-07-01,2017-07-01,"hml,smb,mom",mkt,14,5,115,11,3,mom
2014-07-01_to_2017-07-01,2014-07-01,2017-07-01,"hml,smb,mom",mkt,14,5,115,11,4,mom
2014-07-01_to_2017-07-01,2014-07-01,2017-07-01,"hml,smb,mom",mkt,14,5,115,11,5,smb
2014-07-01_to_2017-07-01,2014-07-01,2017-07-01,"hml,smb,mom",mkt,14,5,115,11,6,hml
2014-07-01_to_2017-07-01,2014-07-01,2017-07-01,"hml,smb,mom",mkt,14,5,115,11,7,hml
2014-07-01_to_2017-07-01,2014-07-01,2017-07-01,"hml,smb,mom",mkt,14,5,115,11,8,mom
2014-07-01_to_2017-07-01,2014-07-01,2017-07-01,"hml,smb,mom",mkt,14,5,115,11,9,smb
2014-07-01_to_2017-07-01,2014-07-01,2017-07-01,"hml,smb,mom",mkt,14,5,115,11,10,mom
2014-07-01_to_2017-07-01,2014-07-01,2017-07-01,"hml,smb,mom",mkt,14,5,115,11,11,hml
2014-07-01_to_2017-07-01,2014-07-01,2017-07-01,"hml,smb,mom",mkt,14,5,119,11,1,mom
2014-07-01_to_2017-07-01,2014-07-01,2017-07-01,"hml,smb,mom",mkt,14,5,119,11,2,mom
2014-07-01_to_2017-07-01,2014-07-01,2017-07-01,"hml,smb,mom",mkt,14,5,119,11,3,mom
2014-07-01_to_2017-07-01,2014-07-01,2017-07-01,"hml,smb,mom",mkt,14,5,119,11,4,mom
2014-07-01_to_2017-07-01,2014-07-01,2017-07-01,"hml,smb,mom",mkt,14,5,119,11,5,smb
2014-07-01_to_2017-07-01,2014-07-01,2017-07-01,"hml,smb,mom",mkt,14,5,119,11,6,hml
2014-07-01_to_2017-07-01,2014-07-01,2017-07-01,"hml,smb,mom",mkt,14,5,119,11,7,hml
2014-07-01_to_2017-07-01,2014-07-01,2017-07-01,"hml,smb,mom",mkt,14,5,119,11,8,mom
2014-07-01_to_2017-07-01,2014-07-01,2017-07-01,"hml,smb,mom",mkt,14,5,119,11,9,smb
2014-07-01_to_2017-07-01,2014-07-01,2017-07-01,"hml,smb,mom",mkt,14,5,119,11,10,smb
2014-07-01_to_2017-07-01,2014-07-01,2017-07-01,"hml,smb,mom",mkt,14,5,119,11,11,hml
2014-07-01_to_2017-07-01,2014-07-01,2017-07-01,"hml,smb,mom",mkt,14,5,120,11,1,mom
2014-07-01_to_2017-07-01,2014-07-01,2017-07-01,"hml,smb,mom",mkt,14,5,120,11,2,mom
2014-07-01_to_2017-07-01,2014-07-01,2017-07-01,"hml,smb,mom",mkt,14,5,120,11,3,mom
2014-07-01_to_2017-07-01,2014-07-01,2017-07-01,"hml,smb,mom",mkt,14,5,120,11,4,mom
2014-07-01_to_2017-07-01,2014-07-01,2017-07-01,"hml,smb,mom",mkt,14,5,120,11,5,smb
2014-07-01_to_2017-07-01,2014-07-01,2017-07-01,"hml,smb,mom",mkt,14,5,120,11,6,hml
2014-07-01_to_2017-07-01,2014-07-01,2017-07-01,"hml,smb,mom",mkt,14,5,120,11,7,hml
2014-07-01_to_2017-07-01,2014-07-01,2017-07-01,"hml,smb,mom",mkt,14,5,120,11,8,mom
2014-07-01_to_2017-07-01,2014-07-01,2017-07-01,"hml,smb,mom",mkt,14,5,120,11,9,smb
2014-07-01_to_2017-07-01,2014-07-01,2017-07-01,"hml,smb,mom",mkt,14,5,120,11,10,smb
2014-07-01_to_2017-07-01,2014-07-01,2017-07-01,"hml,smb,mom",mkt,14,5,120,11,11,hml
2014-07-01_to_2017-07-01,2014-07-01,2017-07-01,"hml,smb,mom",mkt,14,5,121,10,1,mom
2014-07-01_to_2017-07-01,2014-07-01,2017-07-01,"hml,smb,mom",mkt,14,5,121,10,2,mom
2014-07-01_to_2017-07-01,2014-07-01,2017-07-01,"hml,smb,mom",mkt,14,5,121,10,3,mom
2014-07-01_to_2017-07-01,2014-07-01,2017-07-01,"hml,smb,mom",mkt,14,5,121,10,4,mom
2014-07-01_to_2017-07-01,2014-07-01,2017-07-01,"hml,smb,mom",mkt,14,5,121,10,5,smb
2014-07-01_to_2017-07-01,2014-07-01,2017-07-01,"hml,smb,mom",mkt,14,5,121,10,6,hml
2014-07-01_to_2017-07-01,2014-07-01,2017-07-01,"hml,smb,mom",mkt,14,5,121,10,7,hml
2014-07-01_to_2017-07-01,2014-07-01,2017-07-01,"hml,smb,mom",mkt,14,5,121,10,8,mom
2014-07-01_to_2017-07-01,2014-07-01,2017-07-01,"hml,smb,mom",mkt,14,5,121,10,9,smb
2014-07-01_to_2017-07-01,2014-07-01,2017-07-01,"hml,smb,mom",mkt,14,5,121,10,10,smb
2014-07-01_to_2017-07-01,2014-07-01,2017-07-01,"hml,smb,mom",mkt,14,5,122,9,1,mom
2014-07-01_to_2017-07-01,2014-07-01,2017-07-01,"hml,smb,mom",mkt,14,5,122,9,2,mom
2014-07-01_to_2017-07-01,2014-07-01,2017-07-01,"hml,smb,mom",mkt,14,5,122,9,3,mom
2014-07-01_to_2017-07-01,2014-07-01,2017-07-01,"hml,smb,mom",mkt,14,5,122,9,4,mom
2014-07-01_to_2017-07-01,2014-07-01,2017-07-01,"hml,smb,mom",mkt,14,5,122,9,5,smb
2014-07-01_to_2017-07-01,2014-07-01,2017-07-01,"hml,smb,mom",mkt,14,5,122,9,6,hml
2014-07-01_to_2017-07-01,2014-07-01,2017-07-01,"hml,smb,mom",mkt,14,5,122,9,7,hml
2014-07-01_to_2017-07-01,2014-07-01,2017-07-01,"hml,smb,mom",mkt,14,5,122,9,8,mom
2014-07-01_to_2017-07-01,2014-07-01,2017-07-01,"hml,smb,mom",mkt,14,5,122,9,9,smb
2014-07-01_to_2017-07-01,2014-07-01,2017-07-01,"hml,smb,mom",mkt,14,5,124,8,1,mom
2014-07-01_to_2017-07-01,2014-07-01,2017-07-01,"hml,smb,mom",mkt,14,5,124,8,2,mom
2014-07-01_to_2017-07-01,2014-07-01,2017-07-01,"hml,smb,mom",mkt,14,5,124,8,3,mom
2014-07-01_to_2017-07-01,2014-07-01,2017-07-01,"hml,smb,mom",mkt,14,5,124,8,4,mom
2014-07-01_to_2017-07-01,2014-07-01,2017-07-01,"hml,smb,mom",mkt,14,5,124,8,5,smb
2014-07-01_to_2017-07-01,2014-07-01,2017-07-01,"hml,smb,mom",mkt,14,5,124,8,6,hml
2014-07-01_to_2017-07-01,2014-07-01,2017-07-01,"hml,smb,mom",mkt,14,5,124,8,7,hml
2014-07-01_to_2017-07-01,2014-07-01,2017-07-01,"hml,smb,mom",mkt,14,5,124,8,8,mom
2014-07-01_to_2017-07-01,2014-07-01,2017-07-01,"hml,smb,mom",mkt,14,5,125,8,1,mom
2014-07-01_to_2017-07-01,2014-07-01,2017-07-01,"hml,smb,mom",mkt,14,5,125,8,2,mom
2014-07-01_to_2017-07-01,2014-07-01,2017-07-01,"hml,smb,mom",mkt,14,5,125,8,3,mom
2014-07-01_to_2017-07-01,2014-07-01,2017-07-01,"hml,smb,mom",mkt,14,5,125,8,4,mom
2014-07-01_to_2017-07-01,2014-07-01,2017-07-01,"hml,smb,mom",mkt,14,5,125,8,5,smb
2014-07-01_to_2017-07-01,2014-07-01,2017-07-01,"hml,smb,mom",mkt,14,5,125,8,6,hml
2014-07-01_to_2017-07-01,2014-07-01,2017-07-01,"hml,smb,mom",mkt,14,5,125,8,7,hml
2014-07-01_to_2017-07-01,2014-07-01,2017-07-01,"hml,smb,mom",mkt,14,5,125,8,8,mom
2014-07-01_to_2017-07-01,2014-07-01,2017-07-01,"hml,smb,mom",mkt,14,5,126,6,1,mom
2014-07-01_to_2017-07-01,2014-07-01,2017-07-01,"hml,smb,mom",mkt,14,5,126,6,2,mom
2014-07-01_to_2017-07-01,2014-07-01,2017-07-01,"hml,smb,mom",mkt,14,5,126,6,3,mom
2014-07-01_to_2017-07-01,2014-07-01,2017-07-01,"hml,smb,mom",mkt,14,5,126,6,4,mom
2014-07-01_to_2017-07-01,2014-07-01,2017-07-01,"hml,smb,mom",mkt,14,5,126,6,5,smb
2014-07-01_to_2017-07-01,2014-07-01,2017-07-01,"hml,smb,mom",mkt,14,5,126,6,6,hml
2014-07-01_to_2017-07-01,2014-07-01,2017-07-01,"hml,smb,mom",mkt,14,5,132,8,1,mom
2014-07-01_to_2017-07-01,2014-07-01,2017-07-01,"hml,smb,mom",mkt,14,5,132,8,2,mom
2014-07-01_to_2017-07-01,2014-07-01,2017-07-01,"hml,smb,mom",mkt,14,5,132,8,3,mom
2014-07-01_to_2017-07-01,2014-07-01,2017-07-01,"hml,smb,mom",mkt,14,5,132,8,4,mom
2014-07-01_to_2017-07-01,2014-07-01,2017-07-01,"hml,smb,mom",mkt,14,5,132,8,5,hml
2014-07-01_to_2017-07-01,2014-07-01,2017-07-01,"hml,smb,mom",mkt,14,5,132,8,6,hml
2014-07-01_to_2017-07-01,2014-07-01,2017-07-01,"hml,smb,mom",mkt,14,5,132,8,7,smb
2014-07-01_to_2017-07-01,2014-07-01,2017-07-01,"hml,smb,mom",mkt,14,5,132,8,8,hml
2014-07-01_to_2017-07-01,2014-07-01,2017-07-01,"hml,smb,mom",mkt,14,5,133,8,1,mom
2014-07-01_to_2017-07-01,2014-07-01,2017-07-01,"hml,smb,mom",mkt,14,5,133,8,2,mom
2014-07-01_to_2017-07-01,2014-07-01,2017-07-01,"hml,smb,mom",mkt,14,5,133,8,3,mom
2014-07-01_to_2017-07-01,2014-07-01,2017-07-01,"hml,smb,mom",mkt,14,5,133,8,4,mom
2014-07-01_to_2017-07-01,2014-07-01,2017-07-01,"hml,smb,mom",mkt,14,5,133,8,5,hml
2014-07-01_to_2017-07-01,2014-07-01,2017-07-01,"hml,smb,mom",mkt,14,5,133,8,6,hml
2014-07-01_to_2017-07-01,2014-07-01,2017-07-01,"hml,smb,mom",mkt,14,5,133,8,7,smb
2014-07-01_to_2017-07-01,2014-07-01,2017-07-01,"hml,smb,mom",mkt,14,5,133,8,8,hml
2014-07-01_to_2017-07-01,2014-07-01,2017-07-01,"hml,smb,mom",mkt,14,5,136,9,1,mom
2014-07-01_to_2017-07-01,2014-07-01,2017-07-01,"hml,smb,mom",mkt,14,5,136,9,2,mom
2014-07-01_to_2017-07-01,2014-07-01,2017-07-01,"hml,smb,mom",mkt,14,5,136,9,3,mom
2014-07-01_to_2017-07-01,2014-07-01,2017-07-01,"hml,smb,mom",mkt,14,5,136,9,4,mom
2014-07-01_to_2017-07-01,2014-07-01,2017-07-01,"hml,smb,mom",mkt,14,5,136,9,5,hml
2014-07-01_to_2017-07-01,2014-07-01,2017-07-01,"hml,smb,mom",mkt,14,5,136,9,6,hml
2014-07-01_to_2017-07-01,2014-07-01,2017-07-01,"hml,smb,mom",mkt,14,5,136,9,7,smb
2014-07-01_to_2017-07-01,2014-07-01,2017-07-01,"hml,smb,mom",mkt,14,5,136,9,8,mom
2014-07-01_to_2017-07-01,2014-07-01,2017-07-01,"hml,smb,mom",mkt,14,5,136,9,9,smb
2014-07-01_to_2017-07-01,2014-07-01,2017-07-01,"hml,smb,mom",mkt,14,5,138,10,1,mom
2014-07-01_to_2017-07-01,2014-07-01,2017-07-01,"hml,smb,mom",mkt,14,5,138,10,2,mom
2014-07-01_to_2017-07-01,2014-07-01,2017-07-01,"hml,smb,mom",mkt,14,5,138,10,3,mom
2014-07-01_to_2017-07-01,2014-07-01,2017-07-01,"hml,smb,mom",mkt,14,5,138,10,4,mom
2014-07-01_to_2017-07-01,2014-07-01,2017-07-01,"hml,smb,mom",mkt,14,5,138,10,5,hml
2014-07-01_to_2017-07-01,2014-07-01,2017-07-01,"hml,smb,mom",mkt,14,5,138,10,6,hml
2014-07-01_to_2017-07-01,2014-07-01,2017-07-01,"hml,smb,mom",mkt,14,5,138,10,7,smb
2014-07-01_to_2017-07-01,2014-07-01,2017-07-01,"hml,smb,mom",mkt,14,5,138,10,8,mom
2014-07-01_to_2017-07-01,2014-07-01,2017-07-01,"hml,smb,mom",mkt,14,5,138,10,9,smb
2014-07-01_to_2017-07-01,2014-07-01,2017-07-01,"hml,smb,mom",mkt,14,5,138,10,10,hml
2014-07-01_to_2017-07-01,2014-07-01,2017-07-01,"hml,smb,mom",mkt,14,5,139,10,1,mom
2014-07-01_to_2017-07-01,2014-07-01,2017-07-01,"hml,smb,mom",mkt,14,5,139,10,2,mom
2014-07-01_to_2017-07-01,2014-07-01,2017-07-01,"hml,smb,mom",mkt,14,5,139,10,3,mom
2014-07-01_to_2017-07-01,2014-07-01,2017-07-01,"hml,smb,mom",mkt,14,5,139,10,4,mom
2014-07-01_to_2017-07-01,2014-07-01,2017-07-01,"hml,smb,mom",mkt,14,5,139,10,5,hml
2014-07-01_to_2017-07-01,2014-07-01,2017-07-01,"hml,smb,mom",mkt,14,5,139,10,6,hml
2014-07-01_to_2017-07-01,2014-07-01,2017-07-01,"hml,smb,mom",mkt,14,5,139,10,7,smb
2014-07-01_to_2017-07-01,2014-07-01,2017-07-01,"hml,smb,mom",mkt,14,5,139,10,8,mom
2014-07-01_to_2017-07-01,2014-07-01,2017-07-01,"hml,smb,mom",mkt,14,5,139,10,9,smb
2014-07-01_to_2017-07-01,2014-07-01,2017-07-01,"hml,smb,mom",mkt,14,5,139,10,10,hml
2014-07-01_to_2017-07-01,2014-07-01,2017-07-01,"hml,smb,mom",mkt,14,5,141,9,1,mom
2014-07-01_to_2017-07-01,2014-07-01,2017-07-01,"hml,smb,mom",mkt,14,5,141,9,2,mom
2014-07-01_to_2017-07-01,2014-07-01,2017-07-01,"hml,smb,mom",mkt,14,5,141,9,3,mom
2014-07-01_to_2017-07-01,2014-07-01,2017-07-01,"hml,smb,mom",mkt,14,5,141,9,4,mom
2014-07-01_to_2017-07-01,2014-07-01,2017-07-01,"hml,smb,mom",mkt,14,5,141,9,5,hml
2014-07-01_to_2017-07-01,2014-07-01,2017-07-01,"hml,smb,mom",mkt,14,5,141,9,6,hml
2014-07-01_to_2017-07-01,2014-07-01,2017-07-01,"hml,smb,mom",mkt,14,5,141,9,7,smb
2014-07-01_to_2017-07-01,2014-07-01,2017-07-01,"hml,smb,mom",mkt,14,5,141,9,8,mom
2014-07-01_to_2017-07-01,2014-07-01,2017-07-01,"hml,smb,mom",mkt,14,5,141,9,9,mom
2014-07-01_to_2017-07-01,2014-07-01,2017-07-01,"hml,smb,mom",mkt,14,5,142,9,1,mom
2014-07-01_to_2017-07-01,2014-07-01,2017-07-01,"hml,smb,mom",mkt,14,5,142,9,2,mom
2014-07-01_to_2017-07-01,2014-07-01,2017-07-01,"hml,smb,mom",mkt,14,5,142,9,3,mom
2014-07-01_to_2017-07-01,2014-07-01,2017-07-01,"hml,smb,mom",mkt,14,5,142,9,4,mom
2014-07-01_to_2017-07-01,2014-07-01,2017-07-01,"hml,smb,mom",mkt,14,5,142,9,5,hml
2014-07-01_to_2017-07-01,2014-07-01,2017-07-01,"hml,smb,mom",mkt,14,5,142,9,6,hml
2014-07-01_to_2017-07-01,2014-07-01,2017-07-01,"hml,smb,mom",mkt,14,5,142,9,7,smb
2014-07-01_to_2017-07-01,2014-07-01,2017-07-01,"hml,smb,mom",mkt,14,5,142,9,8,mom
2014-07-01_to_2017-07-01,2014-07-01,2017-07-01,"hml,smb,mom",mkt,14,5,142,9,9,mom
2014-07-01_to_2017-07-01,2014-07-01,2017-07-01,"hml,smb,mom",mkt,14,5,143,6,1,mom
2014-07-01_to_2017-07-01,2014-07-01,2017-07-01,"hml,smb,mom",mkt,14,5,143,6,2,mom
2014-07-01_to_2017-07-01,2014-07-01,2017-07-01,"hml,smb,mom",mkt,14,5,143,6,3,mom
2014-07-01_to_2017-07-01,2014-07-01,2017-07-01,"hml,smb,mom",mkt,14,5,143,6,4,mom
2014-07-01_to_2017-07-01,2014-07-01,2017-07-01,"hml,smb,mom",mkt,14,5,143,6,5,hml
2014-07-01_to_2017-07-01,2014-07-01,2017-07-01,"hml,smb,mom",mkt,14,5,143,6,6,hml
2014-07-01_to_2017-07-01,2014-07-01,2017-07-01,"hml,smb,mom",mkt,14,5,147,8,1,mom
2014-07-01_to_2017-07-01,2014-07-01,2017-07-01,"hml,smb,mom",mkt,14,5,147,8,2,mom
2014-07-01_to_2017-07-01,2014-07-01,2017-07-01,"hml,smb,mom",mkt,14,5,147,8,3,mom
2014-07-01_to_2017-07-01,2014-07-01,2017-07-01,"hml,smb,mom",mkt,14,5,147,8,4,mom
2014-07-01_to_2017-07-01,2014-07-01,2017-07-01,"hml,smb,mom",mkt,14,5,147,8,5,hml
2014-07-01_to_2017-07-01,2014-07-01,2017-07-01,"hml,smb,mom",mkt,14,5,147,8,6,mom
2014-07-01_to_2017-07-01,2014-07-01,2017-07-01,"hml,smb,mom",mkt,14,5,147,8,7,hml
2014-07-01_to_2017-07-01,2014-07-01,2017-07-01,"hml,smb,mom",mkt,14,5,147,8,8,hml
2014-07-01_to_2017-07-01,2014-07-01,2017-07-01,"hml,smb,mom",mkt,14,5,148,8,1,mom
2014-07-01_to_2017-07-01,2014-07-01,2017-07-01,"hml,smb,mom",mkt,14,5,148,8,2,mom
2014-07-01_to_2017-07-01,2014-07-01,2017-07-01,"hml,smb,mom",mkt,14,5,148,8,3,mom
2014-07-01_to_2017-07-01,2014-07-01,2017-07-01,"hml,smb,mom",mkt,14,5,148,8,4,mom
2014-07-01_to_2017-07-01,2014-07-01,2017-07-01,"hml,smb,mom",mkt,14,5,148,8,5,hml
2014-07-01_to_2017-07-01,2014-07-01,2017-07-01,"hml,smb,mom",mkt,14,5,148,8,6,mom
2014-07-01_to_2017-07-01,2014-07-01,2017-07-01,"hml,smb,mom",mkt,14,5,148,8,7,hml
2014-07-01_to_2017-07-01,2014-07-01,2017-07-01,"hml,smb,mom",mkt,14,5,148,8,8,hml
2014-07-01_to_2017-07-01,2014-07-01,2017-07-01,"hml,smb,mom",mkt,14,5,149,7,1,mom
2014-07-01_to_2017-07-01,2014-07-01,2017-07-01,"hml,smb,mom",mkt,14,5,149,7,2,mom
2014-07-01_to_2017-07-01,2014-07-01,2017-07-01,"hml,smb,mom",mkt,14,5,149,7,3,mom
2014-07-01_to_2017-07-01,2014-07-01,2017-07-01,"hml,smb,mom",mkt,14,5,149,7,4,mom
2014-07-01_to_2017-07-01,2014-07-01,2017-07-01,"hml,smb,mom",mkt,14,5,149,7,5,hml
2014-07-01_to_2017-07-01,2014-07-01,2017-07-01,"hml,smb,mom",mkt,14,5,149,7,6,mom
2014-07-01_to_2017-07-01,2014-07-01,2017-07-01,"hml,smb,mom",mkt,14,5,149,7,7,hml
2014-07-01_to_2017-07-01,2014-07-01,2017-07-01,"hml,smb,mom",mkt,14,5,153,9,1,mom
2014-07-01_to_2017-07-01,2014-07-01,2017-07-01,"hml,smb,mom",mkt,14,5,153,9,2,mom
2014-07-01_to_2017-07-01,2014-07-01,2017-07-01,"hml,smb,mom",mkt,14,5,153,9,3,mom
2014-07-01_to_2017-07-01,2014-07-01,2017-07-01,"hml,smb,mom",mkt,14,5,153,9,4,mom
2014-07-01_to_2017-07-01,2014-07-01,2017-07-01,"hml,smb,mom",mkt,14,5,153,9,5,hml
2014-07-01_to_2017-07-01,2014-07-01,2017-07-01,"hml,smb,mom",mkt,14,5,153,9,6,mom
2014-07-01_to_2017-07-01,2014-07-01,2017-07-01,"hml,smb,mom",mkt,14,5,153,9,7,hml
2014-07-01_to_2017-07-01,2014-07-01,2017-07-01,"hml,smb,mom",mkt,14,5,153,9,8,smb
2014-07-01_to_2017-07-01,2014-07-01,2017-07-01,"hml,smb,mom",mkt,14,5,153,9,9,mom
2014-07-01_to_2017-07-01,2014-07-01,2017-07-01,"hml,smb,mom",mkt,14,5,154,9,1,mom
2014-07-01_to_2017-07-01,2014-07-01,2017-07-01,"hml,smb,mom",mkt,14,5,154,9,2,mom
2014-07-01_to_2017-07-01,2014-07-01,2017-07-01,"hml,smb,mom",mkt,14,5,154,9,3,mom
2014-07-01_to_2017-07-01,2014-07-01,2017-07-01,"hml,smb,mom",mkt,14,5,154,9,4,mom
2014-07-01_to_2017-07-01,2014-07-01,2017-07-01,"hml,smb,mom",mkt,14,5,154,9,5,hml
2014-07-01_to_2017-07-01,2014-07-01,2017-07-01,"hml,smb,mom",mkt,14,5,154,9,6,mom
2014-07-01_to_2017-07-01,2014-07-01,2017-07-01,"hml,smb,mom",mkt,14,5,154,9,7,hml
2014-07-01_to_2017-07-01,2014-07-01,2017-07-01,"hml,smb,mom",mkt,14,5,154,9,8,smb
2014-07-01_to_2017-07-01,2014-07-01,2017-07-01,"hml,smb,mom",mkt,14,5,154,9,9,mom
2014-07-01_to_2017-07-01,2014-07-01,2017-07-01,"hml,smb,mom",mkt,14,5,155,8,1,mom
2014-07-01_to_2017-07-01,2014-07-01,2017-07-01,"hml,smb,mom",mkt,14,5,155,8,2,mom
2014-07-01_to_2017-07-01,2014-07-01,2017-07-01,"hml,smb,mom",mkt,14,5,155,8,3,mom
2014-07-01_to_2017-07-01,2014-07-01,2017-07-01,"hml,smb,mom",mkt,14,5,155,8,4,mom
2014-07-01_to_2017-07-01,2014-07-01,2017-07-01,"hml,smb,mom",mkt,14,5,155,8,5,hml
2014-07-01_to_2017-07-01,2014-07-01,2017-07-01,"hml,smb,mom",mkt,14,5,155,8,6,mom
2014-07-01_to_2017-07-01,2014-07-01,2017-07-01,"hml,smb,mom",mkt,14,5,155,8,7,hml
2014-07-01_to_2017-07-01,2014-07-01,2017-07-01,"hml,smb,mom",mkt,14,5,155,8,8,smb
2014-07-01_to_2017-07-01,2014-07-01,2017-07-01,"hml,smb,mom",mkt,14,5,157,8,1,mom
2014-07-01_to_2017-07-01,2014-07-01,2017-07-01,"hml,smb,mom",mkt,14,5,157,8,2,mom
2014-07-01_to_2017-07-01,2014-07-01,2017-07-01,"hml,smb,mom",mkt,14,5,157,8,3,mom
2014-07-01_to_2017-07-01,2014-07-01,2017-07-01,"hml,smb,mom",mkt,14,5,157,8,4,mom
2014-07-01_to_2017-07-01,2014-07-01,2017-07-01,"hml,smb,mom",mkt,14,5,157,8,5,hml
2014-07-01_to_2017-07-01,2014-07-01,2017-07-01,"hml,smb,mom",mkt,14,5,157,8,6,mom
2014-07-01_to_2017-07-01,2014-07-01,2017-07-01,"hml,smb,mom",mkt,14,5,157,8,7,hml
2014-07-01_to_2017-07-01,2014-07-01,2017-07-01,"hml,smb,mom",mkt,14,5,157,8,8,mom
2014-07-01_to_2017-07-01,2014-07-01,2017-07-01,"hml,smb,mom",mkt,14,5,159,9,1,mom
2014-07-01_to_2017-07-01,2014-07-01,2017-07-01,"hml,smb,mom",mkt,14,5,159,9,2,mom
2014-07-01_to_2017-07-01,2014-07-01,2017-07-01,"hml,smb,mom",mkt,14,5,159,9,3,mom
2014-07-01_to_2017-07-01,2014-07-01,2017-07-01,"hml,smb,mom",mkt,14,5,159,9,4,mom
2014-07-01_to_2017-07-01,2014-07-01,2017-07-01,"hml,smb,mom",mkt,14,5,159,9,5,hml
2014-07-01_to_2017-07-01,2014-07-01,2017-07-01,"hml,smb,mom",mkt,14,5,159,9,6,mom
2014-07-01_to_2017-07-01,2014-07-01,2017-07-01,"hml,smb,mom",mkt,14,5,159,9,7,hml
2014-07-01_to_2017-07-01,2014-07-01,2017-07-01,"hml,smb,mom",mkt,14,5,159,9,8,mom
2014-07-01_to_2017-07-01,2014-07-01,2017-07-01,"hml,smb,mom",mkt,14,5,159,9,9,mom
2014-07-01_to_2017-07-01,2014-07-01,2017-07-01,"hml,smb,mom",mkt,14,5,160,9,1,mom
2014-07-01_to_2017-07-01,2014-07-01,2017-07-01,"hml,smb,mom",mkt,14,5,160,9,2,mom
2014-07-01_to_2017-07-01,2014-07-01,2017-07-01,"hml,smb,mom",mkt,14,5,160,9,3,mom
2014-07-01_to_2017-07-01,2014-07-01,2017-07-01,"hml,smb,mom",mkt,14,5,160,9,4,mom
2014-07-01_to_2017-07-01,2014-07-01,2017-07-01,"hml,smb,mom",mkt,14,5,160,9,5,hml
2014-07-01_to_2017-07-01,2014-07-01,2017-07-01,"hml,smb,mom",mkt,14,5,160,9,6,mom
2014-07-01_to_2017-07-01,2014-07-01,2017-07-01,"hml,smb,mom",mkt,14,5,160,9,7,hml
2014-07-01_to_2017-07-01,2014-07-01,2017-07-01,"hml,smb,mom",mkt,14,5,160,9,8,mom
2014-07-01_to_2017-07-01,2014-07-01,2017-07-01,"hml,smb,mom",mkt,14,5,160,9,9,mom
2014-07-01_to_2017-07-01,2014-07-01,2017-07-01,"hml,smb,mom",mkt,14,5,162,5,1,mom
2014-07-01_to_2017-07-01,2014-07-01,2017-07-01,"hml,smb,mom",mkt,14,5,162,5,2,mom
2014-07-01_to_2017-07-01,2014-07-01,2017-07-01,"hml,smb,mom",mkt,14,5,162,5,3,mom
2014-07-01_to_2017-07-01,2014-07-01,2017-07-01,"hml,smb,mom",mkt,14,5,162,5,4,mom
2014-07-01_to_2017-07-01,2014-07-01,2017-07-01,"hml,smb,mom",mkt,14,5,162,5,5,hml
2014-07-01_to_2017-07-01,2014-07-01,2017-07-01,"hml,smb,mom",mkt,14,5,168,10,1,mom
2014-07-01_to_2017-07-01,2014-07-01,2017-07-01,"hml,smb,mom",mkt,14,5,168,10,2,mom
2014-07-01_to_2017-07-01,2014-07-01,2017-07-01,"hml,smb,mom",mkt,14,5,168,10,3,mom
2014-07-01_to_2017-07-01,2014-07-01,2017-07-01,"hml,smb,mom",mkt,14,5,168,10,4,mom
2014-07-01_to_2017-07-01,2014-07-01,2017-07-01,"hml,smb,mom",mkt,14,5,168,10,5,hml
2014-07-01_to_2017-07-01,2014-07-01,2017-07-01,"hml,smb,mom",mkt,14,5,168,10,6,mom
2014-07-01_to_2017-07-01,2014-07-01,2017-07-01,"hml,smb,mom",mkt,14,5,168,10,7,hml
2014-07-01_to_2017-07-01,2014-07-01,2017-07-01,"hml,smb,mom",mkt,14,5,168,10,8,hml
2014-07-01_to_2017-07-01,2014-07-01,2017-07-01,"hml,smb,mom",mkt,14,5,168,10,9,smb
2014-07-01_to_2017-07-01,2014-07-01,2017-07-01,"hml,smb,mom",mkt,14,5,168,10,10,mom
2014-07-01_to_2017-07-01,2014-07-01,2017-07-01,"hml,smb,mom",mkt,14,5,169,10,1,mom
2014-07-01_to_2017-07-01,2014-07-01,2017-07-01,"hml,smb,mom",mkt,14,5,169,10,2,mom
2014-07-01_to_2017-07-01,2014-07-01,2017-07-01,"hml,smb,mom",mkt,14,5,169,10,3,mom
2014-07-01_to_2017-07-01,2014-07-01,2017-07-01,"hml,smb,mom",mkt,14,5,169,10,4,mom
2014-07-01_to_2017-07-01,2014-07-01,2017-07-01,"hml,smb,mom",mkt,14,5,169,10,5,hml
2014-07-01_to_2017-07-01,2014-07-01,2017-07-01,"hml,smb,mom",mkt,14,5,169,10,6,mom
2014-07-01_to_2017-07-01,2014-07-01,2017-07-01,"hml,smb,mom",mkt,14,5,169,10,7,hml
2014-07-01_to_2017-07-01,2014-07-01,2017-07-01,"hml,smb,mom",mkt,14,5,169,10,8,hml
2014-07-01_to_2017-07-01,2014-07-01,2017-07-01,"hml,smb,mom",mkt,14,5,169,10,9,smb
2014-07-01_to_2017-07-01,2014-07-01,2017-07-01,"hml,smb,mom",mkt,14,5,169,10,10,mom
2014-07-01_to_2017-07-01,2014-07-01,2017-07-01,"hml,smb,mom",mkt,14,5,170,9,1,mom
2014-07-01_to_2017-07-01,2014-07-01,2017-07-01,"hml,smb,mom",mkt,14,5,170,9,2,mom
2014-07-01_to_2017-07-01,2014-07-01,2017-07-01,"hml,smb,mom",mkt,14,5,170,9,3,mom
2014-07-01_to_2017-07-01,2014-07-01,2017-07-01,"hml,smb,mom",mkt,14,5,170,9,4,mom
2014-07-01_to_2017-07-01,2014-07-01,2017-07-01,"hml,smb,mom",mkt,14,5,170,9,5,hml
2014-07-01_to_2017-07-01,2014-07-01,2017-07-01,"hml,smb,mom",mkt,14,5,170,9,6,mom
2014-07-01_to_2017-07-01,2014-07-01,2017-07-01,"hml,smb,mom",mkt,14,5,170,9,7,hml
2014-07-01_to_2017-07-01,2014-07-01,2017-07-01,"hml,smb,mom",mkt,14,5,170,9,8,hml
2014-07-01_to_2017-07-01,2014-07-01,2017-07-01,"hml,smb,mom",mkt,14,5,170,9,9,smb
2014-07-01_to_2017-07-01,2014-07-01,2017-07-01,"hml,smb,mom",mkt,14,5,172,9,1,mom
2014-07-01_to_2017-07-01,2014-07-01,2017-07-01,"hml,smb,mom",mkt,14,5,172,9,2,mom
2014-07-01_to_2017-07-01,2014-07-01,2017-07-01,"hml,smb,mom",mkt,14,5,172,9,3,mom
2014-07-01_to_2017-07-01,2014-07-01,2017-07-01,"hml,smb,mom",mkt,14,5,172,9,4,mom
2014-07-01_to_2017-07-01,2014-07-01,2017-07-01,"hml,smb,mom",mkt,14,5,172,9,5,hml
2014-07-01_to_2017-07-01,2014-07-01,2017-07-01,"hml,smb,mom",mkt,14,5,172,9,6,mom
2014-07-01_to_2017-07-01,2014-07-01,2017-07-01,"hml,smb,mom",mkt,14,5,172,9,7,hml
2014-07-01_to_2017-07-01,2014-07-01,2017-07-01,"hml,smb,mom",mkt,14,5,172,9,8,hml
2014-07-01_to_2017-07-01,2014-07-01,2017-07-01,"hml,smb,mom",mkt,14,5,172,9,9,hml
2014-07-01_to_2017-07-01,2014-07-01,2017-07-01,"hml,smb,mom",mkt,14,5,173,9,1,mom
2014-07-01_to_2017-07-01,2014-07-01,2017-07-01,"hml,smb,mom",mkt,14,5,173,9,2,mom
2014-07-01_to_2017-07-01,2014-07-01,2017-07-01,"hml,smb,mom",mkt,14,5,173,9,3,mom
2014-07-01_to_2017-07-01,2014-07-01,2017-07-01,"hml,smb,mom",mkt,14,5,173,9,4,mom
2014-07-01_to_2017-07-01,2014-07-01,2017-07-01,"hml,smb,mom",mkt,14,5,173,9,5,hml
2014-07-01_to_2017-07-01,2014-07-01,2017-07-01,"hml,smb,mom",mkt,14,5,173,9,6,mom
2014-07-01_to_2017-07-01,2014-07-01,2017-07-01,"hml,smb,mom",mkt,14,5,173,9,7,hml
2014-07-01_to_2017-07-01,2014-07-01,2017-07-01,"hml,smb,mom",mkt,14,5,173,9,8,hml
2014-07-01_to_2017-07-01,2014-07-01,2017-07-01,"hml,smb,mom",mkt,14,5,173,9,9,hml
2014-07-01_to_2017-07-01,2014-07-01,2017-07-01,"hml,smb,mom",mkt,14,5,175,8,1,mom
2014-07-01_to_2017-07-01,2014-07-01,2017-07-01,"hml,smb,mom",mkt,14,5,175,8,2,mom
2014-07-01_to_2017-07-01,2014-07-01,2017-07-01,"hml,smb,mom",mkt,14,5,175,8,3,mom
2014-07-01_to_2017-07-01,2014-07-01,2017-07-01,"hml,smb,mom",mkt,14,5,175,8,4,mom
2014-07-01_to_2017-07-01,2014-07-01,2017-07-01,"hml,smb,mom",mkt,14,5,175,8,5,hml
2014-07-01_to_2017-07-01,2014-07-01,2017-07-01,"hml,smb,mom",mkt,14,5,175,8,6,mom
2014-07-01_to_2017-07-01,2014-07-01,2017-07-01,"hml,smb,mom",mkt,14,5,175,8,7,hml
2014-07-01_to_2017-07-01,2014-07-01,2017-07-01,"hml,smb,mom",mkt,14,5,175,8,8,smb
2014-07-01_to_2017-07-01,2014-07-01,2017-07-01,"hml,smb,mom",mkt,14,5,176,8,1,mom
2014-07-01_to_2017-07-01,2014-07-01,2017-07-01,"hml,smb,mom",mkt,14,5,176,8,2,mom
2014-07-01_to_2017-07-01,2014-07-01,2017-07-01,"hml,smb,mom",mkt,14,5,176,8,3,mom
2014-07-01_to_2017-07-01,2014-07-01,2017-07-01,"hml,smb,mom",mkt,14,5,176,8,4,mom
2014-07-01_to_2017-07-01,2014-07-01,2017-07-01,"hml,smb,mom",mkt,14,5,176,8,5,hml
2014-07-01_to_2017-07-01,2014-07-01,2017-07-01,"hml,smb,mom",mkt,14,5,176,8,6,mom
2014-07-01_to_2017-07-01,2014-07-01,2017-07-01,"hml,smb,mom",mkt,14,5,176,8,7,hml
2014-07-01_to_2017-07-01,2014-07-01,2017-07-01,"hml,smb,mom",mkt,14,5,176,8,8,smb
2014-07-01_to_2017-07-01,2014-07-01,2017-07-01,"hml,smb,mom",mkt,14,5,180,9,1,mom
2014-07-01_to_2017-07-01,2014-07-01,2017-07-01,"hml,smb,mom",mkt,14,5,180,9,2,mom
2014-07-01_to_2017-07-01,2014-07-01,2017-07-01,"hml,smb,mom",mkt,14,5,180,9,3,mom
2014-07-01_to_2017-07-01,2014-07-01,2017-07-01,"hml,smb,mom",mkt,14,5,180,9,4,mom
2014-07-01_to_2017-07-01,2014-07-01,2017-07-01,"hml,smb,mom",mkt,14,5,180,9,5,hml
2014-07-01_to_2017-07-01,2014-07-01,2017-07-01,"hml,smb,mom",mkt,14,5,180,9,6,mom
2014-07-01_to_2017-07-01,2014-07-01,2017-07-01,"hml,smb,mom",mkt,14,5,180,9,7,hml
2014-07-01_to_2017-07-01,2014-07-01,2017-07-01,"hml,smb,mom",mkt,14,5,180,9,8,hml
2014-07-01_to_2017-07-01,2014-07-01,2017-07-01,"hml,smb,mom",mkt,14,5,180,9,9,mom
2014-07-01_to_2017-07-01,2014-07-01,2017-07-01,"hml,smb,mom",mkt,14,5,182,10,1,mom
2014-07-01_to_2017-07-01,2014-07-01,2017-07-01,"hml,smb,mom",mkt,14,5,182,10,2,mom
2014-07-01_to_2017-07-01,2014-07-01,2017-07-01,"hml,smb,mom",mkt,14,5,182,10,3,mom
2014-07-01_to_2017-07-01,2014-07-01,2017-07-01,"hml,smb,mom",mkt,14,5,182,10,4,mom
2014-07-01_to_2017-07-01,2014-07-01,2017-07-01,"hml,smb,mom",mkt,14,5,182,10,5,hml
2014-07-01_to_2017-07-01,2014-07-01,2017-07-01,"hml,smb,mom",mkt,14,5,182,10,6,mom
2014-07-01_to_2017-07-01,2014-07-01,2017-07-01,"hml,smb,mom",mkt,14,5,182,10,7,hml
2014-07-01_to_2017-07-01,2014-07-01,2017-07-01,"hml,smb,mom",mkt,14,5,182,10,8,hml
2014-07-01_to_2017-07-01,2014-07-01,2017-07-01,"hml,smb,mom",mkt,14,5,182,10,9,mom
2014-07-01_to_2017-07-01,2014-07-01,2017-07-01,"hml,smb,mom",mkt,14,5,182,10,10,hml
2014-07-01_to_2017-07-01,2014-07-01,2017-07-01,"hml,smb,mom",mkt,14,5,183,10,1,mom
2014-07-01_to_2017-07-01,2014-07-01,2017-07-01,"hml,smb,mom",mkt,14,5,183,10,2,mom
2014-07-01_to_2017-07-01,2014-07-01,2017-07-01,"hml,smb,mom",mkt,14,5,183,10,3,mom
2014-07-01_to_2017-07-01,2014-07-01,2017-07-01,"hml,smb,mom",mkt,14,5,183,10,4,mom
2014-07-01_to_2017-07-01,2014-07-01,2017-07-01,"hml,smb,mom",mkt,14,5,183,10,5,hml
2014-07-01_to_2017-07-01,2014-07-01,2017-07-01,"hml,smb,mom",mkt,14,5,183,10,6,mom
2014-07-01_to_2017-07-01,2014-07-01,2017-07-01,"hml,smb,mom",mkt,14,5,183,10,7,hml
2014-07-01_to_2017-07-01,2014-07-01,2017-07-01,"hml,smb,mom",mkt,14,5,183,10,8,hml
2014-07-01_to_2017-07-01,2014-07-01,2017-07-01,"hml,smb,mom",mkt,14,5,183,10,9,mom
2014-07-01_to_2017-07-01,2014-07-01,2017-07-01,"hml,smb,mom",mkt,14,5,183,10,10,hml
2014-07-01_to_2017-07-01,2014-07-01,2017-07-01,"hml,smb,mom",mkt,14,5,186,10,1,mom
2014-07-01_to_2017-07-01,2014-07-01,2017-07-01,"hml,smb,mom",mkt,14,5,186,10,2,mom
2014-07-01_to_2017-07-01,2014-07-01,2017-07-01,"hml,smb,mom",mkt,14,5,186,10,3,mom
2014-07-01_to_2017-07-01,2014-07-01,2017-07-01,"hml,smb,mom",mkt,14,5,186,10,4,mom
2014-07-01_to_2017-07-01,2014-07-01,2017-07-01,"hml,smb,mom",mkt,14,5,186,10,5,hml
2014-07-01_to_2017-07-01,2014-07-01,2017-07-01,"hml,smb,mom",mkt,14,5,186,10,6,mom
2014-07-01_to_2017-07-01,2014-07-01,2017-07-01,"hml,smb,mom",mkt,14,5,186,10,7,hml
2014-07-01_to_2017-07-01,2014-07-01,2017-07-01,"hml,smb,mom",mkt,14,5,186,10,8,hml
2014-07-01_to_2017-07-01,2014-07-01,2017-07-01,"hml,smb,mom",mkt,14,5,186,10,9,mom
2014-07-01_to_2017-07-01,2014-07-01,2017-07-01,"hml,smb,mom",mkt,14,5,186,10,10,smb
2014-07-01_to_2017-07-01,2014-07-01,2017-07-01,"hml,smb,mom",mkt,14,5,187,10,1,mom
2014-07-01_to_2017-07-01,2014-07-01,2017-07-01,"hml,smb,mom",mkt,14,5,187,10,2,mom
2014-07-01_to_2017-07-01,2014-07-01,2017-07-01,"hml,smb,mom",mkt,14,5,187,10,3,mom
2014-07-01_to_2017-07-01,2014-07-01,2017-07-01,"hml,smb,mom",mkt,14,5,187,10,4,mom
2014-07-01_to_2017-07-01,2014-07-01,2017-07-01,"hml,smb,mom",mkt,14,5,187,10,5,hml
2014-07-01_to_2017-07-01,2014-07-01,2017-07-01,"hml,smb,mom",mkt,14,5,187,10,6,mom
2014-07-01_to_2017-07-01,2014-07-01,2017-07-01,"hml,smb,mom",mkt,14,5,187,10,7,hml
2014-07-01_to_2017-07-01,2014-07-01,2017-07-01,"hml,smb,mom",mkt,14,5,187,10,8,hml
2014-07-01_to_2017-07-01,2014-07-01,2017-07-01,"hml,smb,mom",mkt,14,5,187,10,9,mom
2014-07-01_to_2017-07-01,2014-07-01,2017-07-01,"hml,smb,mom",mkt,14,5,187,10,10,smb
2014-07-01_to_2017-07-01,2014-07-01,2017-07-01,"hml,smb,mom",mkt,14,5,188,9,1,mom
2014-07-01_to_2017-07-01,2014-07-01,2017-07-01,"hml,smb,mom",mkt,14,5,188,9,2,mom
2014-07-01_to_2017-07-01,2014-07-01,2017-07-01,"hml,smb,mom",mkt,14,5,188,9,3,mom
2014-07-01_to_2017-07-01,2014-07-01,2017-07-01,"hml,smb,mom",mkt,14,5,188,9,4,mom
2014-07-01_to_2017-07-01,2014-07-01,2017-07-01,"hml,smb,mom",mkt,14,5,188,9,5,hml
2014-07-01_to_2017-07-01,2014-07-01,2017-07-01,"hml,smb,mom",mkt,14,5,188,9,6,mom
2014-07-01_to_2017-07-01,2014-07-01,2017-07-01,"hml,smb,mom",mkt,14,5,188,9,7,hml
2014-07-01_to_2017-07-01,2014-07-01,2017-07-01,"hml,smb,mom",mkt,14,5,188,9,8,hml
2014-07-01_to_2017-07-01,2014-07-01,2017-07-01,"hml,smb,mom",mkt,14,5,188,9,9,mom
2014-07-01_to_2017-07-01,2014-07-01,2017-07-01,"hml,smb,mom",mkt,14,5,190,8,1,mom
2014-07-01_to_2017-07-01,2014-07-01,2017-07-01,"hml,smb,mom",mkt,14,5,190,8,2,mom
2014-07-01_to_2017-07-01,2014-07-01,2017-07-01,"hml,smb,mom",mkt,14,5,190,8,3,mom
2014-07-01_to_2017-07-01,2014-07-01,2017-07-01,"hml,smb,mom",mkt,14,5,190,8,4,mom
2014-07-01_to_2017-07-01,2014-07-01,2017-07-01,"hml,smb,mom",mkt,14,5,190,8,5,hml
2014-07-01_to_2017-07-01,2014-07-01,2017-07-01,"hml,smb,mom",mkt,14,5,190,8,6,mom
2014-07-01_to_2017-07-01,2014-07-01,2017-07-01,"hml,smb,mom",mkt,14,5,190,8,7,hml
2014-07-01_to_2017-07-01,2014-07-01,2017-07-01,"hml,smb,mom",mkt,14,5,190,8,8,hml
2014-07-01_to_2017-07-01,2014-07-01,2017-07-01,"hml,smb,mom",mkt,14,5,191,8,1,mom
2014-07-01_to_2017-07-01,2014-07-01,2017-07-01,"hml,smb,mom",mkt,14,5,191,8,2,mom
2014-07-01_to_2017-07-01,2014-07-01,2017-07-01,"hml,smb,mom",mkt,14,5,191,8,3,mom
2014-07-01_to_2017-07-01,2014-07-01,2017-07-01,"hml,smb,mom",mkt,14,5,191,8,4,mom
2014-07-01_to_2017-07-01,2014-07-01,2017-07-01,"hml,smb,mom",mkt,14,5,191,8,5,hml
2014-07-01_to_2017-07-01,2014-07-01,2017-07-01,"hml,smb,mom",mkt,14,5,191,8,6,mom
2014-07-01_to_2017-07-01,2014-07-01,2017-07-01,"hml,smb,mom",mkt,14,5,191,8,7,hml
2014-07-01_to_2017-07-01,2014-07-01,2017-07-01,"hml,smb,mom",mkt,14,5,191,8,8,hml
2014-07-01_to_2017-07-01,2014-07-01,2017-07-01,"hml,smb,mom",mkt,14,5,198,7,1,mom
2014-07-01_to_2017-07-01,2014-07-01,2017-07-01,"hml,smb,mom",mkt,14,5,198,7,2,mom
2014-07-01_to_2017-07-01,2014-07-01,2017-07-01,"hml,smb,mom",mkt,14,5,198,7,3,mom
2014-07-01_to_2017-07-01,2014-07-01,2017-07-01,"hml,smb,mom",mkt,14,5,198,7,4,mom
2014-07-01_to_2017-07-01,2014-07-01,2017-07-01,"hml,smb,mom",mkt,14,5,198,7,5,mom
2014-07-01_to_2017-07-01,2014-07-01,2017-07-01,"hml,smb,mom",mkt,14,5,198,7,6,hml
2014-07-01_to_2017-07-01,2014-07-01,2017-07-01,"hml,smb,mom",mkt,14,5,198,7,7,smb
2014-07-01_to_2017-07-01,2014-07-01,2017-07-01,"hml,smb,mom",mkt,14,5,201,9,1,mom
2014-07-01_to_2017-07-01,2014-07-01,2017-07-01,"hml,smb,mom",mkt,14,5,201,9,2,mom
2014-07-01_to_2017-07-01,2014-07-01,2017-07-01,"hml,smb,mom",mkt,14,5,201,9,3,mom
2014-07-01_to_2017-07-01,2014-07-01,2017-07-01,"hml,smb,mom",mkt,14,5,201,9,4,mom
2014-07-01_to_2017-07-01,2014-07-01,2017-07-01,"hml,smb,mom",mkt,14,5,201,9,5,mom
2014-07-01_to_2017-07-01,2014-07-01,2017-07-01,"hml,smb,mom",mkt,14,5,201,9,6,hml
2014-07-01_to_2017-07-01,2014-07-01,2017-07-01,"hml,smb,mom",mkt,14,5,201,9,7,smb
2014-07-01_to_2017-07-01,2014-07-01,2017-07-01,"hml,smb,mom",mkt,14,5,201,9,8,smb
2014-07-01_to_2017-07-01,2014-07-01,2017-07-01,"hml,smb,mom",mkt,14,5,201,9,9,smb
2014-07-01_to_2017-07-01,2014-07-01,2017-07-01,"hml,smb,mom",mkt,14,5,203,10,1,mom
2014-07-01_to_2017-07-01,2014-07-01,2017-07-01,"hml,smb,mom",mkt,14,5,203,10,2,mom
2014-07-01_to_2017-07-01,2014-07-01,2017-07-01,"hml,smb,mom",mkt,14,5,203,10,3,mom
2014-07-01_to_2017-07-01,2014-07-01,2017-07-01,"hml,smb,mom",mkt,14,5,203,10,4,mom
2014-07-01_to_2017-07-01,2014-07-01,2017-07-01,"hml,smb,mom",mkt,14,5,203,10,5,mom
2014-07-01_to_2017-07-01,2014-07-01,2017-07-01,"hml,smb,mom",mkt,14,5,203,10,6,hml
2014-07-01_to_2017-07-01,2014-07-01,2017-07-01,"hml,smb,mom",mkt,14,5,203,10,7,smb
2014-07-01_to_2017-07-01,2014-07-01,2017-07-01,"hml,smb,mom",mkt,14,5,203,10,8,smb
2014-07-01_to_2017-07-01,2014-07-01,2017-07-01,"hml,smb,mom",mkt,14,5,203,10,9,smb
2014-07-01_to_2017-07-01,2014-07-01,2017-07-01,"hml,smb,mom",mkt,14,5,203,10,10,smb
2014-07-01_to_2017-07-01,2014-07-01,2017-07-01,"hml,smb,mom",mkt,14,5,204,10,1,mom
2014-07-01_to_2017-07-01,2014-07-01,2017-07-01,"hml,smb,mom",mkt,14,5,204,10,2,mom
2014-07-01_to_2017-07-01,2014-07-01,2017-07-01,"hml,smb,mom",mkt,14,5,204,10,3,mom
2014-07-01_to_2017-07-01,2014-07-01,2017-07-01,"hml,smb,mom",mkt,14,5,204,10,4,mom
2014-07-01_to_2017-07-01,2014-07-01,2017-07-01,"hml,smb,mom",mkt,14,5,204,10,5,mom
2014-07-01_to_2017-07-01,2014-07-01,2017-07-01,"hml,smb,mom",mkt,14,5,204,10,6,hml
2014-07-01_to_2017-07-01,2014-07-01,2017-07-01,"hml,smb,mom",mkt,14,5,204,10,7,smb
2014-07-01_to_2017-07-01,2014-07-01,2017-07-01,"hml,smb,mom",mkt,14,5,204,10,8,smb
2014-07-01_to_2017-07-01,2014-07-01,2017-07-01,"hml,smb,mom",mkt,14,5,204,10,9,smb
2014-07-01_to_2017-07-01,2014-07-01,2017-07-01,"hml,smb,mom",mkt,14,5,204,10,10,smb
2014-07-01_to_2017-07-01,2014-07-01,2017-07-01,"hml,smb,mom",mkt,14,5,206,9,1,mom
2014-07-01_to_2017-07-01,2014-07-01,2017-07-01,"hml,smb,mom",mkt,14,5,206,9,2,mom
2014-07-01_to_2017-07-01,2014-07-01,2017-07-01,"hml,smb,mom",mkt,14,5,206,9,3,mom
2014-07-01_to_2017-07-01,2014-07-01,2017-07-01,"hml,smb,mom",mkt,14,5,206,9,4,mom
2014-07-01_to_2017-07-01,2014-07-01,2017-07-01,"hml,smb,mom",mkt,14,5,206,9,5,mom
2014-07-01_to_2017-07-01,2014-07-01,2017-07-01,"hml,smb,mom",mkt,14,5,206,9,6,hml
2014-07-01_to_2017-07-01,2014-07-01,2017-07-01,"hml,smb,mom",mkt,14,5,206,9,7,smb
2014-07-01_to_2017-07-01,2014-07-01,2017-07-01,"hml,smb,mom",mkt,14,5,206,9,8,smb
2014-07-01_to_2017-07-01,2014-07-01,2017-07-01,"hml,smb,mom",mkt,14,5,206,9,9,hml
2014-07-01_to_2017-07-01,2014-07-01,2017-07-01,"hml,smb,mom",mkt,14,5,207,9,1,mom
2014-07-01_to_2017-07-01,2014-07-01,2017-07-01,"hml,smb,mom",mkt,14,5,207,9,2,mom
2014-07-01_to_2017-07-01,2014-07-01,2017-07-01,"hml,smb,mom",mkt,14,5,207,9,3,mom
2014-07-01_to_2017-07-01,2014-07-01,2017-07-01,"hml,smb,mom",mkt,14,5,207,9,4,mom
2014-07-01_to_2017-07-01,2014-07-01,2017-07-01,"hml,smb,mom",mkt,14,5,207,9,5,mom
2014-07-01_to_2017-07-01,2014-07-01,2017-07-01,"hml,smb,mom",mkt,14,5,207,9,6,hml
2014-07-01_to_2017-07-01,2014-07-01,2017-07-01,"hml,smb,mom",mkt,14,5,207,9,7,smb
2014-07-01_to_2017-07-01,2014-07-01,2017-07-01,"hml,smb,mom",mkt,14,5,207,9,8,smb
2014-07-01_to_2017-07-01,2014-07-01,2017-07-01,"hml,smb,mom",mkt,14,5,207,9,9,hml
2014-07-01_to_2017-07-01,2014-07-01,2017-07-01,"hml,smb,mom",mkt,14,5,210,8,1,mom
2014-07-01_to_2017-07-01,2014-07-01,2017-07-01,"hml,smb,mom",mkt,14,5,210,8,2,mom
2014-07-01_to_2017-07-01,2014-07-01,2017-07-01,"hml,smb,mom",mkt,14,5,210,8,3,mom
2014-07-01_to_2017-07-01,2014-07-01,2017-07-01,"hml,smb,mom",mkt,14,5,210,8,4,mom
2014-07-01_to_2017-07-01,2014-07-01,2017-07-01,"hml,smb,mom",mkt,14,5,210,8,5,mom
2014-07-01_to_2017-07-01,2014-07-01,2017-07-01,"hml,smb,mom",mkt,14,5,210,8,6,hml
2014-07-01_to_2017-07-01,2014-07-01,2017-07-01,"hml,smb,mom",mkt,14,5,210,8,7,mom
2014-07-01_to_2017-07-01,2014-07-01,2017-07-01,"hml,smb,mom",mkt,14,5,210,8,8,mom
2014-07-01_to_2017-07-01,2014-07-01,2017-07-01,"hml,smb,mom",mkt,14,5,211,8,1,mom
2014-07-01_to_2017-07-01,2014-07-01,2017-07-01,"hml,smb,mom",mkt,14,5,211,8,2,mom
2014-07-01_to_2017-07-01,2014-07-01,2017-07-01,"hml,smb,mom",mkt,14,5,211,8,3,mom
2014-07-01_to_2017-07-01,2014-07-01,2017-07-01,"hml,smb,mom",mkt,14,5,211,8,4,mom
2014-07-01_to_2017-07-01,2014-07-01,2017-07-01,"hml,smb,mom",mkt,14,5,211,8,5,mom
2014-07-01_to_2017-07-01,2014-07-01,2017-07-01,"hml,smb,mom",mkt,14,5,211,8,6,hml
2014-07-01_to_2017-07-01,2014-07-01,2017-07-01,"hml,smb,mom",mkt,14,5,211,8,7,mom
2014-07-01_to_2017-07-01,2014-07-01,2017-07-01,"hml,smb,mom",mkt,14,5,211,8,8,mom
2014-07-01_to_2017-07-01,2014-07-01,2017-07-01,"hml,smb,mom",mkt,14,5,213,8,1,mom
2014-07-01_to_2017-07-01,2014-07-01,2017-07-01,"hml,smb,mom",mkt,14,5,213,8,2,mom
2014-07-01_to_2017-07-01,2014-07-01,2017-07-01,"hml,smb,mom",mkt,14,5,213,8,3,mom
2014-07-01_to_2017-07-01,2014-07-01,2017-07-01,"hml,smb,mom",mkt,14,5,213,8,4,mom
2014-07-01_to_2017-07-01,2014-07-01,2017-07-01,"hml,smb,mom",mkt,14,5,213,8,5,mom
2014-07-01_to_2017-07-01,2014-07-01,2017-07-01,"hml,smb,mom",mkt,14,5,213,8,6,hml
2014-07-01_to_2017-07-01,2014-07-01,2017-07-01,"hml,smb,mom",mkt,14,5,213,8,7,mom
2014-07-01_to_2017-07-01,2014-07-01,2017-07-01,"hml,smb,mom",mkt,14,5,213,8,8,smb
2014-07-01_to_2017-07-01,2014-07-01,2017-07-01,"hml,smb,mom",mkt,14,5,215,9,1,mom
2014-07-01_to_2017-07-01,2014-07-01,2017-07-01,"hml,smb,mom",mkt,14,5,215,9,2,mom
2014-07-01_to_2017-07-01,2014-07-01,2017-07-01,"hml,smb,mom",mkt,14,5,215,9,3,mom
2014-07-01_to_2017-07-01,2014-07-01,2017-07-01,"hml,smb,mom",mkt,14,5,215,9,4,mom
2014-07-01_to_2017-07-01,2014-07-01,2017-07-01,"hml,smb,mom",mkt,14,5,215,9,5,mom
2014-07-01_to_2017-07-01,2014-07-01,2017-07-01,"hml,smb,mom",mkt,14,5,215,9,6,hml
2014-07-01_to_2017-07-01,2014-07-01,2017-07-01,"hml,smb,mom",mkt,14,5,215,9,7,mom
2014-07-01_to_2017-07-01,2014-07-01,2017-07-01,"hml,smb,mom",mkt,14,5,215,9,8,smb
2014-07-01_to_2017-07-01,2014-07-01,2017-07-01,"hml,smb,mom",mkt,14,5,215,9,9,smb
2014-07-01_to_2017-07-01,2014-07-01,2017-07-01,"hml,smb,mom",mkt,14,5,216,9,1,mom
2014-07-01_to_2017-07-01,2014-07-01,2017-07-01,"hml,smb,mom",mkt,14,5,216,9,2,mom
2014-07-01_to_2017-07-01,2014-07-01,2017-07-01,"hml,smb,mom",mkt,14,5,216,9,3,mom
2014-07-01_to_2017-07-01,2014-07-01,2017-07-01,"hml,smb,mom",mkt,14,5,216,9,4,mom
2014-07-01_to_2017-07-01,2014-07-01,2017-07-01,"hml,smb,mom",mkt,14,5,216,9,5,mom
2014-07-01_to_2017-07-01,2014-07-01,2017-07-01,"hml,smb,mom",mkt,14,5,216,9,6,hml
2014-07-01_to_2017-07-01,2014-07-01,2017-07-01,"hml,smb,mom",mkt,14,5,216,9,7,mom
2014-07-01_to_2017-07-01,2014-07-01,2017-07-01,"hml,smb,mom",mkt,14,5,216,9,8,smb
2014-07-01_to_2017-07-01,2014-07-01,2017-07-01,"hml,smb,mom",mkt,14,5,216,9,9,smb
2014-07-01_to_2017-07-01,2014-07-01,2017-07-01,"hml,smb,mom",mkt,14,5,220,8,1,mom
2014-07-01_to_2017-07-01,2014-07-01,2017-07-01,"hml,smb,mom",mkt,14,5,220,8,2,mom
2014-07-01_to_2017-07-01,2014-07-01,2017-07-01,"hml,smb,mom",mkt,14,5,220,8,3,mom
2014-07-01_to_2017-07-01,2014-07-01,2017-07-01,"hml,smb,mom",mkt,14,5,220,8,4,mom
2014-07-01_to_2017-07-01,2014-07-01,2017-07-01,"hml,smb,mom",mkt,14,5,220,8,5,mom
2014-07-01_to_2017-07-01,2014-07-01,2017-07-01,"hml,smb,mom",mkt,14,5,220,8,6,smb
2014-07-01_to_2017-07-01,2014-07-01,2017-07-01,"hml,smb,mom",mkt,14,5,220,8,7,hml
2014-07-01_to_2017-07-01,2014-07-01,2017-07-01,"hml,smb,mom",mkt,14,5,220,8,8,hml
2014-07-01_to_2017-07-01,2014-07-01,2017-07-01,"hml,smb,mom",mkt,14,5,221,8,1,mom
2014-07-01_to_2017-07-01,2014-07-01,2017-07-01,"hml,smb,mom",mkt,14,5,221,8,2,mom
2014-07-01_to_2017-07-01,2014-07-01,2017-07-01,"hml,smb,mom",mkt,14,5,221,8,3,mom
2014-07-01_to_2017-07-01,2014-07-01,2017-07-01,"hml,smb,mom",mkt,14,5,221,8,4,mom
2014-07-01_to_2017-07-01,2014-07-01,2017-07-01,"hml,smb,mom",mkt,14,5,221,8,5,mom
2014-07-01_to_2017-07-01,2014-07-01,2017-07-01,"hml,smb,mom",mkt,14,5,221,8,6,smb
2014-07-01_to_2017-07-01,2014-07-01,2017-07-01,"hml,smb,mom",mkt,14,5,221,8,7,hml
2014-07-01_to_2017-07-01,2014-07-01,2017-07-01,"hml,smb,mom",mkt,14,5,221,8,8,hml
2014-07-01_to_2017-07-01,2014-07-01,2017-07-01,"hml,smb,mom",mkt,14,5,222,7,1,mom
2014-07-01_to_2017-07-01,2014-07-01,2017-07-01,"hml,smb,mom",mkt,14,5,222,7,2,mom
2014-07-01_to_2017-07-01,2014-07-01,2017-07-01,"hml,smb,mom",mkt,14,5,222,7,3,mom
2014-07-01_to_2017-07-01,2014-07-01,2017-07-01,"hml,smb,mom",mkt,14,5,222,7,4,mom
2014-07-01_to_2017-07-01,2014-07-01,2017-07-01,"hml,smb,mom",mkt,14,5,222,7,5,mom
2014-07-01_to_2017-07-01,2014-07-01,2017-07-01,"hml,smb,mom",mkt,14,5,222,7,6,smb
2014-07-01_to_2017-07-01,2014-07-01,2017-07-01,"hml,smb,mom",mkt,14,5,222,7,7,hml
2014-07-01_to_2017-07-01,2014-07-01,2017-07-01,"hml,smb,mom",mkt,14,5,224,7,1,mom
2014-07-01_to_2017-07-01,2014-07-01,2017-07-01,"hml,smb,mom",mkt,14,5,224,7,2,mom
2014-07-01_to_2017-07-01,2014-07-01,2017-07-01,"hml,smb,mom",mkt,14,5,224,7,3,mom
2014-07-01_to_2017-07-01,2014-07-01,2017-07-01,"hml,smb,mom",mkt,14,5,224,7,4,mom
2014-07-01_to_2017-07-01,2014-07-01,2017-07-01,"hml,smb,mom",mkt,14,5,224,7,5,mom
2014-07-01_to_2017-07-01,2014-07-01,2017-07-01,"hml,smb,mom",mkt,14,5,224,7,6,smb
2014-07-01_to_2017-07-01,2014-07-01,2017-07-01,"hml,smb,mom",mkt,14,5,224,7,7,smb
2014-07-01_to_2017-07-01,2014-07-01,2017-07-01,"hml,smb,mom",mkt,14,5,227,9,1,mom
2014-07-01_to_2017-07-01,2014-07-01,2017-07-01,"hml,smb,mom",mkt,14,5,227,9,2,mom
2014-07-01_to_2017-07-01,2014-07-01,2017-07-01,"hml,smb,mom",mkt,14,5,227,9,3,mom
2014-07-01_to_2017-07-01,2014-07-01,2017-07-01,"hml,smb,mom",mkt,14,5,227,9,4,mom
2014-07-01_to_2017-07-01,2014-07-01,2017-07-01,"hml,smb,mom",mkt,14,5,227,9,5,mom
2014-07-01_to_2017-07-01,2014-07-01,2017-07-01,"hml,smb,mom",mkt,14,5,227,9,6,smb
2014-07-01_to_2017-07-01,2014-07-01,2017-07-01,"hml,smb,mom",mkt,14,5,227,9,7,smb
2014-07-01_to_2017-07-01,2014-07-01,2017-07-01,"hml,smb,mom",mkt,14,5,227,9,8,hml
2014-07-01_to_2017-07-01,2014-07-01,2017-07-01,"hml,smb,mom",mkt,14,5,227,9,9,hml
2014-07-01_to_2017-07-01,2014-07-01,2017-07-01,"hml,smb,mom",mkt,14,5,230,11,1,mom
2014-07-01_to_2017-07-01,2014-07-01,2017-07-01,"hml,smb,mom",mkt,14,5,230,11,2,mom
2014-07-01_to_2017-07-01,2014-07-01,2017-07-01,"hml,smb,mom",mkt,14,5,230,11,3,mom
2014-07-01_to_2017-07-01,2014-07-01,2017-07-01,"hml,smb,mom",mkt,14,5,230,11,4,mom
2014-07-01_to_2017-07-01,2014-07-01,2017-07-01,"hml,smb,mom",mkt,14,5,230,11,5,mom
2014-07-01_to_2017-07-01,2014-07-01,2017-07-01,"hml,smb,mom",mkt,14,5,230,11,6,smb
2014-07-01_to_2017-07-01,2014-07-01,2017-07-01,"hml,smb,mom",mkt,14,5,230,11,7,smb
2014-07-01_to_2017-07-01,2014-07-01,2017-07-01,"hml,smb,mom",mkt,14,5,230,11,8,hml
2014-07-01_to_2017-07-01,2014-07-01,2017-07-01,"hml,smb,mom",mkt,14,5,230,11,9,hml
2014-07-01_to_2017-07-01,2014-07-01,2017-07-01,"hml,smb,mom",mkt,14,5,230,11,10,mom
2014-07-01_to_2017-07-01,2014-07-01,2017-07-01,"hml,smb,mom",mkt,14,5,230,11,11,hml
2014-07-01_to_2017-07-01,2014-07-01,2017-07-01,"hml,smb,mom",mkt,14,5,231,11,1,mom
2014-07-01_to_2017-07-01,2014-07-01,2017-07-01,"hml,smb,mom",mkt,14,5,231,11,2,mom
2014-07-01_to_2017-07-01,2014-07-01,2017-07-01,"hml,smb,mom",mkt,14,5,231,11,3,mom
2014-07-01_to_2017-07-01,2014-07-01,2017-07-01,"hml,smb,mom",mkt,14,5,231,11,4,mom
2014-07-01_to_2017-07-01,2014-07-01,2017-07-01,"hml,smb,mom",mkt,14,5,231,11,5,mom
2014-07-01_to_2017-07-01,2014-07-01,2017-07-01,"hml,smb,mom",mkt,14,5,231,11,6,smb
2014-07-01_to_2017-07-01,2014-07-01,2017-07-01,"hml,smb,mom",mkt,14,5,231,11,7,smb
2014-07-01_to_2017-07-01,2014-07-01,2017-07-01,"hml,smb,mom",mkt,14,5,231,11,8,hml
2014-07-01_to_2017-07-01,2014-07-01,2017-07-01,"hml,smb,mom",mkt,14,5,231,11,9,hml
2014-07-01_to_2017-07-01,2014-07-01,2017-07-01,"hml,smb,mom",mkt,14,5,231,11,10,mom
2014-07-01_to_2017-07-01,2014-07-01,2017-07-01,"hml,smb,mom",mkt,14,5,231,11,11,hml
2014-07-01_to_2017-07-01,2014-07-01,2017-07-01,"hml,smb,mom",mkt,14,5,232,10,1,mom
2014-07-01_to_2017-07-01,2014-07-01,2017-07-01,"hml,smb,mom",mkt,14,5,232,10,2,mom
2014-07-01_to_2017-07-01,2014-07-01,2017-07-01,"hml,smb,mom",mkt,14,5,232,10,3,mom
2014-07-01_to_2017-07-01,2014-07-01,2017-07-01,"hml,smb,mom",mkt,14,5,232,10,4,mom
2014-07-01_to_2017-07-01,2014-07-01,2017-07-01,"hml,smb,mom",mkt,14,5,232,10,5,mom
2014-07-01_to_2017-07-01,2014-07-01,2017-07-01,"hml,smb,mom",mkt,14,5,232,10,6,smb
2014-07-01_to_2017-07-01,2014-07-01,2017-07-01,"hml,smb,mom",mkt,14,5,232,10,7,smb
2014-07-01_to_2017-07-01,2014-07-01,2017-07-01,"hml,smb,mom",mkt,14,5,232,10,8,hml
2014-07-01_to_2017-07-01,2014-07-01,2017-07-01,"hml,smb,mom",mkt,14,5,232,10,9,hml
2014-07-01_to_2017-07-01,2014-07-01,2017-07-01,"hml,smb,mom",mkt,14,5,232,10,10,mom
2014-07-01_to_2017-07-01,2014-07-01,2017-07-01,"hml,smb,mom",mkt,14,5,235,10,1,mom
2014-07-01_to_2017-07-01,2014-07-01,2017-07-01,"hml,smb,mom",mkt,14,5,235,10,2,mom
2014-07-01_to_2017-07-01,2014-07-01,2017-07-01,"hml,smb,mom",mkt,14,5,235,10,3,mom
2014-07-01_to_2017-07-01,2014-07-01,2017-07-01,"hml,smb,mom",mkt,14,5,235,10,4,mom
2014-07-01_to_2017-07-01,2014-07-01,2017-07-01,"hml,smb,mom",mkt,14,5,235,10,5,mom
2014-07-01_to_2017-07-01,2014-07-01,2017-07-01,"hml,smb,mom",mkt,14,5,235,10,6,smb
2014-07-01_to_2017-07-01,2014-07-01,2017-07-01,"hml,smb,mom",mkt,14,5,235,10,7,smb
2014-07-01_to_2017-07-01,2014-07-01,2017-07-01,"hml,smb,mom",mkt,14,5,235,10,8,hml
2014-07-01_to_2017-07-01,2014-07-01,2017-07-01,"hml,smb,mom",mkt,14,5,235,10,9,hml
2014-07-01_to_2017-07-01,2014-07-01,2017-07-01,"hml,smb,mom",mkt,14,5,235,10,10,hml
2014-07-01_to_2017-07-01,2014-07-01,2017-07-01,"hml,smb,mom",mkt,14,5,236,10,1,mom
2014-07-01_to_2017-07-01,2014-07-01,2017-07-01,"hml,smb,mom",mkt,14,5,236,10,2,mom
2014-07-01_to_2017-07-01,2014-07-01,2017-07-01,"hml,smb,mom",mkt,14,5,236,10,3,mom
2014-07-01_to_2017-07-01,2014-07-01,2017-07-01,"hml,smb,mom",mkt,14,5,236,10,4,mom
2014-07-01_to_2017-07-01,2014-07-01,2017-07-01,"hml,smb,mom",mkt,14,5,236,10,5,mom
2014-07-01_to_2017-07-01,2014-07-01,2017-07-01,"hml,smb,mom",mkt,14,5,236,10,6,smb
2014-07-01_to_2017-07-01,2014-07-01,2017-07-01,"hml,smb,mom",mkt,14,5,236,10,7,smb
2014-07-01_to_2017-07-01,2014-07-01,2017-07-01,"hml,smb,mom",mkt,14,5,236,10,8,hml
2014-07-01_to_2017-07-01,2014-07-01,2017-07-01,"hml,smb,mom",mkt,14,5,236,10,9,hml
2014-07-01_to_2017-07-01,2014-07-01,2017-07-01,"hml,smb,mom",mkt,14,5,236,10,10,hml
2014-07-01_to_2017-07-01,2014-07-01,2017-07-01,"hml,smb,mom",mkt,14,5,237,9,1,mom
2014-07-01_to_2017-07-01,2014-07-01,2017-07-01,"hml,smb,mom",mkt,14,5,237,9,2,mom
2014-07-01_to_2017-07-01,2014-07-01,2017-07-01,"hml,smb,mom",mkt,14,5,237,9,3,mom
2014-07-01_to_2017-07-01,2014-07-01,2017-07-01,"hml,smb,mom",mkt,14,5,237,9,4,mom
2014-07-01_to_2017-07-01,2014-07-01,2017-07-01,"hml,smb,mom",mkt,14,5,237,9,5,mom
2014-07-01_to_2017-07-01,2014-07-01,2017-07-01,"hml,smb,mom",mkt,14,5,237,9,6,smb
2014-07-01_to_2017-07-01,2014-07-01,2017-07-01,"hml,smb,mom",mkt,14,5,237,9,7,smb
2014-07-01_to_2017-07-01,2014-07-01,2017-07-01,"hml,smb,mom",mkt,14,5,237,9,8,hml
2014-07-01_to_2017-07-01,2014-07-01,2017-07-01,"hml,smb,mom",mkt,14,5,237,9,9,hml
2014-07-01_to_2017-07-01,2014-07-01,2017-07-01,"hml,smb,mom",mkt,14,5,244,10,1,mom
2014-07-01_to_2017-07-01,2014-07-01,2017-07-01,"hml,smb,mom",mkt,14,5,244,10,2,mom
2014-07-01_to_2017-07-01,2014-07-01,2017-07-01,"hml,smb,mom",mkt,14,5,244,10,3,mom
2014-07-01_to_2017-07-01,2014-07-01,2017-07-01,"hml,smb,mom",mkt,14,5,244,10,4,mom
2014-07-01_to_2017-07-01,2014-07-01,2017-07-01,"hml,smb,mom",mkt,14,5,244,10,5,mom
2014-07-01_to_2017-07-01,2014-07-01,2017-07-01,"hml,smb,mom",mkt,14,5,244,10,6,hml
2014-07-01_to_2017-07-01,2014-07-01,2017-07-01,"hml,smb,mom",mkt,14,5,244,10,7,hml
2014-07-01_to_2017-07-01,2014-07-01,2017-07-01,"hml,smb,mom",mkt,14,5,244,10,8,smb
2014-07-01_to_2017-07-01,2014-07-01,2017-07-01,"hml,smb,mom",mkt,14,5,244,10,9,hml
2014-07-01_to_2017-07-01,2014-07-01,2017-07-01,"hml,smb,mom",mkt,14,5,244,10,10,hml
2014-07-01_to_2017-07-01,2014-07-01,2017-07-01,"hml,smb,mom",mkt,14,5,245,10,1,mom
2014-07-01_to_2017-07-01,2014-07-01,2017-07-01,"hml,smb,mom",mkt,14,5,245,10,2,mom
2014-07-01_to_2017-07-01,2014-07-01,2017-07-01,"hml,smb,mom",mkt,14,5,245,10,3,mom
2014-07-01_to_2017-07-01,2014-07-01,2017-07-01,"hml,smb,mom",mkt,14,5,245,10,4,mom
2014-07-01_to_2017-07-01,2014-07-01,2017-07-01,"hml,smb,mom",mkt,14,5,245,10,5,mom
2014-07-01_to_2017-07-01,2014-07-01,2017-07-01,"hml,smb,mom",mkt,14,5,245,10,6,hml
2014-07-01_to_2017-07-01,2014-07-01,2017-07-01,"hml,smb,mom",mkt,14,5,245,10,7,hml
2014-07-01_to_2017-07-01,2014-07-01,2017-07-01,"hml,smb,mom",mkt,14,5,245,10,8,smb
2014-07-01_to_2017-07-01,2014-07-01,2017-07-01,"hml,smb,mom",mkt,14,5,245,10,9,hml
2014-07-01_to_2017-07-01,2014-07-01,2017-07-01,"hml,smb,mom",mkt,14,5,245,10,10,hml
2014-07-01_to_2017-07-01,2014-07-01,2017-07-01,"hml,smb,mom",mkt,14,5,246,9,1,mom
2014-07-01_to_2017-07-01,2014-07-01,2017-07-01,"hml,smb,mom",mkt,14,5,246,9,2,mom
2014-07-01_to_2017-07-01,2014-07-01,2017-07-01,"hml,smb,mom",mkt,14,5,246,9,3,mom
2014-07-01_to_2017-07-01,2014-07-01,2017-07-01,"hml,smb,mom",mkt,14,5,246,9,4,mom
2014-07-01_to_2017-07-01,2014-07-01,2017-07-01,"hml,smb,mom",mkt,14,5,246,9,5,mom
2014-07-01_to_2017-07-01,2014-07-01,2017-07-01,"hml,smb,mom",mkt,14,5,246,9,6,hml
2014-07-01_to_2017-07-01,2014-07-01,2017-07-01,"hml,smb,mom",mkt,14,5,246,9,7,hml
2014-07-01_to_2017-07-01,2014-07-01,2017-07-01,"hml,smb,mom",mkt,14,5,246,9,8,smb
2014-07-01_to_2017-07-01,2014-07-01,2017-07-01,"hml,smb,mom",mkt,14,5,246,9,9,hml
2014-07-01_to_2017-07-01,2014-07-01,2017-07-01,"hml,smb,mom",mkt,14,5,249,10,1,mom
2014-07-01_to_2017-07-01,2014-07-01,2017-07-01,"hml,smb,mom",mkt,14,5,249,10,2,mom
2014-07-01_to_2017-07-01,2014-07-01,2017-07-01,"hml,smb,mom",mkt,14,5,249,10,3,mom
2014-07-01_to_2017-07-01,2014-07-01,2017-07-01,"hml,smb,mom",mkt,14,5,249,10,4,mom
2014-07-01_to_2017-07-01,2014-07-01,2017-07-01,"hml,smb,mom",mkt,14,5,249,10,5,mom
2014-07-01_to_2017-07-01,2014-07-01,2017-07-01,"hml,smb,mom",mkt,14,5,249,10,6,hml
2014-07-01_to_2017-07-01,2014-07-01,2017-07-01,"hml,smb,mom",mkt,14,5,249,10,7,hml
2014-07-01_to_2017-07-01,2014-07-01,2017-07-01,"hml,smb,mom",mkt,14,5,249,10,8,smb
2014-07-01_to_2017-07-01,2014-07-01,2017-07-01,"hml,smb,mom",mkt,14,5,249,10,9,smb
2014-07-01_to_2017-07-01,2014-07-01,2017-07-01,"hml,smb,mom",mkt,14,5,249,10,10,smb
2014-07-01_to_2017-07-01,2014-07-01,2017-07-01,"hml,smb,mom",mkt,14,5,251,11,1,mom
2014-07-01_to_2017-07-01,2014-07-01,2017-07-01,"hml,smb,mom",mkt,14,5,251,11,2,mom
2014-07-01_to_2017-07-01,2014-07-01,2017-07-01,"hml,smb,mom",mkt,14,5,251,11,3,mom
2014-07-01_to_2017-07-01,2014-07-01,2017-07-01,"hml,smb,mom",mkt,14,5,251,11,4,mom
2014-07-01_to_2017-07-01,2014-07-01,2017-07-01,"hml,smb,mom",mkt,14,5,251,11,5,mom
2014-07-01_to_2017-07-01,2014-07-01,2017-07-01,"hml,smb,mom",mkt,14,5,251,11,6,hml
2014-07-01_to_2017-07-01,2014-07-01,2017-07-01,"hml,smb,mom",mkt,14,5,251,11,7,hml
2014-07-01_to_2017-07-01,2014-07-01,2017-07-01,"hml,smb,mom",mkt,14,5,251,11,8,smb
2014-07-01_to_2017-07-01,2014-07-01,2017-07-01,"hml,smb,mom",mkt,14,5,251,11,9,smb
2014-07-01_to_2017-07-01,2014-07-01,2017-07-01,"hml,smb,mom",mkt,14,5,251,11,10,smb
2014-07-01_to_2017-07-01,2014-07-01,2017-07-01,"hml,smb,mom",mkt,14,5,251,11,11,mom
2014-07-01_to_2017-07-01,2014-07-01,2017-07-01,"hml,smb,mom",mkt,14,5,252,11,1,mom
2014-07-01_to_2017-07-01,2014-07-01,2017-07-01,"hml,smb,mom",mkt,14,5,252,11,2,mom
2014-07-01_to_2017-07-01,2014-07-01,2017-07-01,"hml,smb,mom",mkt,14,5,252,11,3,mom
2014-07-01_to_2017-07-01,2014-07-01,2017-07-01,"hml,smb,mom",mkt,14,5,252,11,4,mom
2014-07-01_to_2017-07-01,2014-07-01,2017-07-01,"hml,smb,mom",mkt,14,5,252,11,5,mom
2014-07-01_to_2017-07-01,2014-07-01,2017-07-01,"hml,smb,mom",mkt,14,5,252,11,6,hml
2014-07-01_to_2017-07-01,2014-07-01,2017-07-01,"hml,smb,mom",mkt,14,5,252,11,7,hml
2014-07-01_to_2017-07-01,2014-07-01,2017-07-01,"hml,smb,mom",mkt,14,5,252,11,8,smb
2014-07-01_to_2017-07-01,2014-07-01,2017-07-01,"hml,smb,mom",mkt,14,5,252,11,9,smb
2014-07-01_to_2017-07-01,2014-07-01,2017-07-01,"hml,smb,mom",mkt,14,5,252,11,10,smb
2014-07-01_to_2017-07-01,2014-07-01,2017-07-01,"hml,smb,mom",mkt,14,5,252,11,11,mom
2014-07-01_to_2017-07-01,2014-07-01,2017-07-01,"hml,smb,mom",mkt,14,5,253,9,1,mom
2014-07-01_to_2017-07-01,2014-07-01,2017-07-01,"hml,smb,mom",mkt,14,5,253,9,2,mom
2014-07-01_to_2017-07-01,2014-07-01,2017-07-01,"hml,smb,mom",mkt,14,5,253,9,3,mom
2014-07-01_to_2017-07-01,2014-07-01,2017-07-01,"hml,smb,mom",mkt,14,5,253,9,4,mom
2014-07-01_to_2017-07-01,2014-07-01,2017-07-01,"hml,smb,mom",mkt,14,5,253,9,5,mom
2014-07-01_to_2017-07-01,2014-07-01,2017-07-01,"hml,smb,mom",mkt,14,5,253,9,6,hml
2014-07-01_to_2017-07-01,2014-07-01,2017-07-01,"hml,smb,mom",mkt,14,5,253,9,7,hml
2014-07-01_to_2017-07-01,2014-07-01,2017-07-01,"hml,smb,mom",mkt,14,5,253,9,8,smb
2014-07-01_to_2017-07-01,2014-07-01,2017-07-01,"hml,smb,mom",mkt,14,5,253,9,9,smb
2014-07-01_to_2017-07-01,2014-07-01,2017-07-01,"hml,smb,mom",mkt,14,5,254,7,1,mom
2014-07-01_to_2017-07-01,2014-07-01,2017-07-01,"hml,smb,mom",mkt,14,5,254,7,2,mom
2014-07-01_to_2017-07-01,2014-07-01,2017-07-01,"hml,smb,mom",mkt,14,5,254,7,3,mom
2014-07-01_to_2017-07-01,2014-07-01,2017-07-01,"hml,smb,mom",mkt,14,5,254,7,4,mom
2014-07-01_to_2017-07-01,2014-07-01,2017-07-01,"hml,smb,mom",mkt,14,5,254,7,5,mom
2014-07-01_to_2017-07-01,2014-07-01,2017-07-01,"hml,smb,mom",mkt,14,5,254,7,6,hml
2014-07-01_to_2017-07-01,2014-07-01,2017-07-01,"hml,smb,mom",mkt,14,5,254,7,7,hml
2014-07-01_to_2017-07-01,2014-07-01,2017-07-01,"hml,smb,mom",mkt,14,5,255,6,1,mom
2014-07-01_to_2017-07-01,2014-07-01,2017-07-01,"hml,smb,mom",mkt,14,5,255,6,2,mom
2014-07-01_to_2017-07-01,2014-07-01,2017-07-01,"hml,smb,mom",mkt,14,5,255,6,3,mom
2014-07-01_to_2017-07-01,2014-07-01,2017-07-01,"hml,smb,mom",mkt,14,5,255,6,4,mom
2014-07-01_to_2017-07-01,2014-07-01,2017-07-01,"hml,smb,mom",mkt,14,5,255,6,5,mom
2014-07-01_to_2017-07-01,2014-07-01,2017-07-01,"hml,smb,mom",mkt,14,5,255,6,6,hml
2014-07-01_to_2017-07-01,2014-07-01,2017-07-01,"hml,smb,mom",mkt,14,5,260,9,1,mom
2014-07-01_to_2017-07-01,2014-07-01,2017-07-01,"hml,smb,mom",mkt,14,5,260,9,2,mom
2014-07-01_to_2017-07-01,2014-07-01,2017-07-01,"hml,smb,mom",mkt,14,5,260,9,3,mom
2014-07-01_to_2017-07-01,2014-07-01,2017-07-01,"hml,smb,mom",mkt,14,5,260,9,4,mom
2014-07-01_to_2017-07-01,2014-07-01,2017-07-01,"hml,smb,mom",mkt,14,5,260,9,5,mom
2014-07-01_to_2017-07-01,2014-07-01,2017-07-01,"hml,smb,mom",mkt,14,5,260,9,6,hml
2014-07-01_to_2017-07-01,2014-07-01,2017-07-01,"hml,smb,mom",mkt,14,5,260,9,7,smb
2014-07-01_to_2017-07-01,2014-07-01,2017-07-01,"hml,smb,mom",mkt,14,5,260,9,8,smb
2014-07-01_to_2017-07-01,2014-07-01,2017-07-01,"hml,smb,mom",mkt,14,5,260,9,9,hml
2014-07-01_to_2017-07-01,2014-07-01,2017-07-01,"hml,smb,mom",mkt,14,5,261,9,1,mom
2014-07-01_to_2017-07-01,2014-07-01,2017-07-01,"hml,smb,mom",mkt,14,5,261,9,2,mom
2014-07-01_to_2017-07-01,2014-07-01,2017-07-01,"hml,smb,mom",mkt,14,5,261,9,3,mom
2014-07-01_to_2017-07-01,2014-07-01,2017-07-01,"hml,smb,mom",mkt,14,5,261,9,4,mom
2014-07-01_to_2017-07-01,2014-07-01,2017-07-01,"hml,smb,mom",mkt,14,5,261,9,5,mom
2014-07-01_to_2017-07-01,2014-07-01,2017-07-01,"hml,smb,mom",mkt,14,5,261,9,6,hml
2014-07-01_to_2017-07-01,2014-07-01,2017-07-01,"hml,smb,mom",mkt,14,5,261,9,7,smb
2014-07-01_to_2017-07-01,2014-07-01,2017-07-01,"hml,smb,mom",mkt,14,5,261,9,8,smb
2014-07-01_to_2017-07-01,2014-07-01,2017-07-01,"hml,smb,mom",mkt,14,5,261,9,9,hml
2014-07-01_to_2017-07-01,2014-07-01,2017-07-01,"hml,smb,mom",mkt,14,5,263,9,1,mom
2014-07-01_to_2017-07-01,2014-07-01,2017-07-01,"hml,smb,mom",mkt,14,5,263,9,2,mom
2014-07-01_to_2017-07-01,2014-07-01,2017-07-01,"hml,smb,mom",mkt,14,5,263,9,3,mom
2014-07-01_to_2017-07-01,2014-07-01,2017-07-01,"hml,smb,mom",mkt,14,5,263,9,4,mom
2014-07-01_to_2017-07-01,2014-07-01,2017-07-01,"hml,smb,mom",mkt,14,5,263,9,5,mom
2014-07-01_to_2017-07-01,2014-07-01,2017-07-01,"hml,smb,mom",mkt,14,5,263,9,6,hml
2014-07-01_to_2017-07-01,2014-07-01,2017-07-01,"hml,smb,mom",mkt,14,5,263,9,7,smb
2014-07-01_to_2017-07-01,2014-07-01,2017-07-01,"hml,smb,mom",mkt,14,5,263,9,8,smb
2014-07-01_to_2017-07-01,2014-07-01,2017-07-01,"hml,smb,mom",mkt,14,5,263,9,9,hml
2014-07-01_to_2017-07-01,2014-07-01,2017-07-01,"hml,smb,mom",mkt,14,5,264,9,1,mom
2014-07-01_to_2017-07-01,2014-07-01,2017-07-01,"hml,smb,mom",mkt,14,5,264,9,2,mom
2014-07-01_to_2017-07-01,2014-07-01,2017-07-01,"hml,smb,mom",mkt,14,5,264,9,3,mom
2014-07-01_to_2017-07-01,2014-07-01,2017-07-01,"hml,smb,mom",mkt,14,5,264,9,4,mom
2014-07-01_to_2017-07-01,2014-07-01,2017-07-01,"hml,smb,mom",mkt,14,5,264,9,5,mom
2014-07-01_to_2017-07-01,2014-07-01,2017-07-01,"hml,smb,mom",mkt,14,5,264,9,6,hml
2014-07-01_to_2017-07-01,2014-07-01,2017-07-01,"hml,smb,mom",mkt,14,5,264,9,7,smb
2014-07-01_to_2017-07-01,2014-07-01,2017-07-01,"hml,smb,mom",mkt,14,5,264,9,8,smb
2014-07-01_to_2017-07-01,2014-07-01,2017-07-01,"hml,smb,mom",mkt,14,5,264,9,9,hml
2014-07-01_to_2017-07-01,2014-07-01,2017-07-01,"hml,smb,mom",mkt,14,5,266,8,1,mom
2014-07-01_to_2017-07-01,2014-07-01,2017-07-01,"hml,smb,mom",mkt,14,5,266,8,2,mom
2014-07-01_to_2017-07-01,2014-07-01,2017-07-01,"hml,smb,mom",mkt,14,5,266,8,3,mom
2014-07-01_to_2017-07-01,2014-07-01,2017-07-01,"hml,smb,mom",mkt,14,5,266,8,4,mom
2014-07-01_to_2017-07-01,2014-07-01,2017-07-01,"hml,smb,mom",mkt,14,5,266,8,5,mom
2014-07-01_to_2017-07-01,2014-07-01,2017-07-01,"hml,smb,mom",mkt,14,5,266,8,6,hml
2014-07-01_to_2017-07-01,2014-07-01,2017-07-01,"hml,smb,mom",mkt,14,5,266,8,7,smb
2014-07-01_to_2017-07-01,2014-07-01,2017-07-01,"hml,smb,mom",mkt,14,5,266,8,8,hml
2014-07-01_to_2017-07-01,2014-07-01,2017-07-01,"hml,smb,mom",mkt,14,5,267,8,1,mom
2014-07-01_to_2017-07-01,2014-07-01,2017-07-01,"hml,smb,mom",mkt,14,5,267,8,2,mom
2014-07-01_to_2017-07-01,2014-07-01,2017-07-01,"hml,smb,mom",mkt,14,5,267,8,3,mom
2014-07-01_to_2017-07-01,2014-07-01,2017-07-01,"hml,smb,mom",mkt,14,5,267,8,4,mom
2014-07-01_to_2017-07-01,2014-07-01,2017-07-01,"hml,smb,mom",mkt,14,5,267,8,5,mom
2014-07-01_to_2017-07-01,2014-07-01,2017-07-01,"hml,smb,mom",mkt,14,5,267,8,6,hml
2014-07-01_to_2017-07-01,2014-07-01,2017-07-01,"hml,smb,mom",mkt,14,5,267,8,7,smb
2014-07-01_to_2017-07-01,2014-07-01,2017-07-01,"hml,smb,mom",mkt,14,5,267,8,8,hml
2014-07-01_to_2017-07-01,2014-07-01,2017-07-01,"hml,smb,mom",mkt,14,5,270,8,1,mom
2014-07-01_to_2017-07-01,2014-07-01,2017-07-01,"hml,smb,mom",mkt,14,5,270,8,2,mom
2014-07-01_to_2017-07-01,2014-07-01,2017-07-01,"hml,smb,mom",mkt,14,5,270,8,3,mom
2014-07-01_to_2017-07-01,2014-07-01,2017-07-01,"hml,smb,mom",mkt,14,5,270,8,4,mom
2014-07-01_to_2017-07-01,2014-07-01,2017-07-01,"hml,smb,mom",mkt,14,5,270,8,5,mom
2014-07-01_to_2017-07-01,2014-07-01,2017-07-01,"hml,smb,mom",mkt,14,5,270,8,6,hml
2014-07-01_to_2017-07-01,2014-07-01,2017-07-01,"hml,smb,mom",mkt,14,5,270,8,7,mom
2014-07-01_to_2017-07-01,2014-07-01,2017-07-01,"hml,smb,mom",mkt,14,5,270,8,8,mom
2014-07-01_to_2017-07-01,2014-07-01,2017-07-01,"hml,smb,mom",mkt,14,5,272,9,1,mom
2014-07-01_to_2017-07-01,2014-07-01,2017-07-01,"hml,smb,mom",mkt,14,5,272,9,2,mom
2014-07-01_to_2017-07-01,2014-07-01,2017-07-01,"hml,smb,mom",mkt,14,5,272,9,3,mom
2014-07-01_to_2017-07-01,2014-07-01,2017-07-01,"hml,smb,mom",mkt,14,5,272,9,4,mom
2014-07-01_to_2017-07-01,2014-07-01,2017-07-01,"hml,smb,mom",mkt,14,5,272,9,5,mom
2014-07-01_to_2017-07-01,2014-07-01,2017-07-01,"hml,smb,mom",mkt,14,5,272,9,6,hml
2014-07-01_to_2017-07-01,2014-07-01,2017-07-01,"hml,smb,mom",mkt,14,5,272,9,7,mom
2014-07-01_to_2017-07-01,2014-07-01,2017-07-01,"hml,smb,mom",mkt,14,5,272,9,8,mom
2014-07-01_to_2017-07-01,2014-07-01,2017-07-01,"hml,smb,mom",mkt,14,5,272,9,9,hml
2014-07-01_to_2017-07-01,2014-07-01,2017-07-01,"hml,smb,mom",mkt,14,5,273,9,1,mom
2014-07-01_to_2017-07-01,2014-07-01,2017-07-01,"hml,smb,mom",mkt,14,5,273,9,2,mom
2014-07-01_to_2017-07-01,2014-07-01,2017-07-01,"hml,smb,mom",mkt,14,5,273,9,3,mom
2014-07-01_to_2017-07-01,2014-07-01,2017-07-01,"hml,smb,mom",mkt,14,5,273,9,4,mom
2014-07-01_to_2017-07-01,2014-07-01,2017-07-01,"hml,smb,mom",mkt,14,5,273,9,5,mom
2014-07-01_to_2017-07-01,2014-07-01,2017-07-01,"hml,smb,mom",mkt,14,5,273,9,6,hml
2014-07-01_to_2017-07-01,2014-07-01,2017-07-01,"hml,smb,mom",mkt,14,5,273,9,7,mom
2014-07-01_to_2017-07-01,2014-07-01,2017-07-01,"hml,smb,mom",mkt,14,5,273,9,8,mom
2014-07-01_to_2017-07-01,2014-07-01,2017-07-01,"hml,smb,mom",mkt,14,5,273,9,9,hml
2014-07-01_to_2017-07-01,2014-07-01,2017-07-01,"hml,smb,mom",mkt,14,5,276,9,1,mom
2014-07-01_to_2017-07-01,2014-07-01,2017-07-01,"hml,smb,mom",mkt,14,5,276,9,2,mom
2014-07-01_to_2017-07-01,2014-07-01,2017-07-01,"hml,smb,mom",mkt,14,5,276,9,3,mom
2014-07-01_to_2017-07-01,2014-07-01,2017-07-01,"hml,smb,mom",mkt,14,5,276,9,4,mom
2014-07-01_to_2017-07-01,2014-07-01,2017-07-01,"hml,smb,mom",mkt,14,5,276,9,5,mom
2014-07-01_to_2017-07-01,2014-07-01,2017-07-01,"hml,smb,mom",mkt,14,5,276,9,6,hml
2014-07-01_to_2017-07-01,2014-07-01,2017-07-01,"hml,smb,mom",mkt,14,5,276,9,7,mom
2014-07-01_to_2017-07-01,2014-07-01,2017-07-01,"hml,smb,mom",mkt,14,5,276,9,8,hml
2014-07-01_to_2017-07-01,2014-07-01,2017-07-01,"hml,smb,mom",mkt,14,5,276,9,9,hml
2014-07-01_to_2017-07-01,2014-07-01,2017-07-01,"hml,smb,mom",mkt,14,5,277,9,1,mom
2014-07-01_to_2017-07-01,2014-07-01,2017-07-01,"hml,smb,mom",mkt,14,5,277,9,2,mom
2014-07-01_to_2017-07-01,2014-07-01,2017-07-01,"hml,smb,mom",mkt,14,5,277,9,3,mom
2014-07-01_to_2017-07-01,2014-07-01,2017-07-01,"hml,smb,mom",mkt,14,5,277,9,4,mom
2014-07-01_to_2017-07-01,2014-07-01,2017-07-01,"hml,smb,mom",mkt,14,5,277,9,5,mom
2014-07-01_to_2017-07-01,2014-07-01,2017-07-01,"hml,smb,mom",mkt,14,5,277,9,6,hml
2014-07-01_to_2017-07-01,2014-07-01,2017-07-01,"hml,smb,mom",mkt,14,5,277,9,7,mom
2014-07-01_to_2017-07-01,2014-07-01,2017-07-01,"hml,smb,mom",mkt,14,5,277,9,8,hml
2014-07-01_to_2017-07-01,2014-07-01,2017-07-01,"hml,smb,mom",mkt,14,5,277,9,9,hml
2014-07-01_to_2017-07-01,2014-07-01,2017-07-01,"hml,smb,mom",mkt,14,5,278,8,1,mom
2014-07-01_to_2017-07-01,2014-07-01,2017-07-01,"hml,smb,mom",mkt,14,5,278,8,2,mom
2014-07-01_to_2017-07-01,2014-07-01,2017-07-01,"hml,smb,mom",mkt,14,5,278,8,3,mom
2014-07-01_to_2017-07-01,2014-07-01,2017-07-01,"hml,smb,mom",mkt,14,5,278,8,4,mom
2014-07-01_to_2017-07-01,2014-07-01,2017-07-01,"hml,smb,mom",mkt,14,5,278,8,5,mom
2014-07-01_to_2017-07-01,2014-07-01,2017-07-01,"hml,smb,mom",mkt,14,5,278,8,6,hml
2014-07-01_to_2017-07-01,2014-07-01,2017-07-01,"hml,smb,mom",mkt,14,5,278,8,7,mom
2014-07-01_to_2017-07-01,2014-07-01,2017-07-01,"hml,smb,mom",mkt,14,5,278,8,8,hml
2014-07-01_to_2017-07-01,2014-07-01,2017-07-01,"hml,smb,mom",mkt,14,5,281,5,1,mom
2014-07-01_to_2017-07-01,2014-07-01,2017-07-01,"hml,smb,mom",mkt,14,5,281,5,2,mom
2014-07-01_to_2017-07-01,2014-07-01,2017-07-01,"hml,smb,mom",mkt,14,5,281,5,3,mom
2014-07-01_to_2017-07-01,2014-07-01,2017-07-01,"hml,smb,mom",mkt,14,5,281,5,4,mom
2014-07-01_to_2017-07-01,2014-07-01,2017-07-01,"hml,smb,mom",mkt,14,5,281,5,5,smb
2014-07-01_to_2017-07-01,2014-07-01,2017-07-01,"hml,smb,mom",mkt,14,5,286,9,1,mom
2014-07-01_to_2017-07-01,2014-07-01,2017-07-01,"hml,smb,mom",mkt,14,5,286,9,2,mom
2014-07-01_to_2017-07-01,2014-07-01,2017-07-01,"hml,smb,mom",mkt,14,5,286,9,3,mom
2014-07-01_to_2017-07-01,2014-07-01,2017-07-01,"hml,smb,mom",mkt,14,5,286,9,4,mom
2014-07-01_to_2017-07-01,2014-07-01,2017-07-01,"hml,smb,mom",mkt,14,5,286,9,5,smb
2014-07-01_to_2017-07-01,2014-07-01,2017-07-01,"hml,smb,mom",mkt,14,5,286,9,6,mom
2014-07-01_to_2017-07-01,2014-07-01,2017-07-01,"hml,smb,mom",mkt,14,5,286,9,7,hml
2014-07-01_to_2017-07-01,2014-07-01,2017-07-01,"hml,smb,mom",mkt,14,5,286,9,8,mom
2014-07-01_to_2017-07-01,2014-07-01,2017-07-01,"hml,smb,mom",mkt,14,5,286,9,9,hml
2014-07-01_to_2017-07-01,2014-07-01,2017-07-01,"hml,smb,mom",mkt,14,5,287,9,1,mom
2014-07-01_to_2017-07-01,2014-07-01,2017-07-01,"hml,smb,mom",mkt,14,5,287,9,2,mom
2014-07-01_to_2017-07-01,2014-07-01,2017-07-01,"hml,smb,mom",mkt,14,5,287,9,3,mom
2014-07-01_to_2017-07-01,2014-07-01,2017-07-01,"hml,smb,mom",mkt,14,5,287,9,4,mom
2014-07-01_to_2017-07-01,2014-07-01,2017-07-01,"hml,smb,mom",mkt,14,5,287,9,5,smb
2014-07-01_to_2017-07-01,2014-07-01,2017-07-01,"hml,smb,mom",mkt,14,5,287,9,6,mom
2014-07-01_to_2017-07-01,2014-07-01,2017-07-01,"hml,smb,mom",mkt,14,5,287,9,7,hml
2014-07-01_to_2017-07-01,2014-07-01,2017-07-01,"hml,smb,mom",mkt,14,5,287,9,8,mom
2014-07-01_to_2017-07-01,2014-07-01,2017-07-01,"hml,smb,mom",mkt,14,5,287,9,9,hml
2014-07-01_to_2017-07-01,2014-07-01,2017-07-01,"hml,smb,mom",mkt,14,5,289,9,1,mom
2014-07-01_to_2017-07-01,2014-07-01,2017-07-01,"hml,smb,mom",mkt,14,5,289,9,2,mom
2014-07-01_to_2017-07-01,2014-07-01,2017-07-01,"hml,smb,mom",mkt,14,5,289,9,3,mom
2014-07-01_to_2017-07-01,2014-07-01,2017-07-01,"hml,smb,mom",mkt,14,5,289,9,4,mom
2014-07-01_to_2017-07-01,2014-07-01,2017-07-01,"hml,smb,mom",mkt,14,5,289,9,5,smb
2014-07-01_to_2017-07-01,2014-07-01,2017-07-01,"hml,smb,mom",mkt,14,5,289,9,6,mom
2014-07-01_to_2017-07-01,2014-07-01,2017-07-01,"hml,smb,mom",mkt,14,5,289,9,7,hml
2014-07-01_to_2017-07-01,2014-07-01,2017-07-01,"hml,smb,mom",mkt,14,5,289,9,8,mom
2014-07-01_to_2017-07-01,2014-07-01,2017-07-01,"hml,smb,mom",mkt,14,5,289,9,9,hml
2014-07-01_to_2017-07-01,2014-07-01,2017-07-01,"hml,smb,mom",mkt,14,5,290,9,1,mom
2014-07-01_to_2017-07-01,2014-07-01,2017-07-01,"hml,smb,mom",mkt,14,5,290,9,2,mom
2014-07-01_to_2017-07-01,2014-07-01,2017-07-01,"hml,smb,mom",mkt,14,5,290,9,3,mom
2014-07-01_to_2017-07-01,2014-07-01,2017-07-01,"hml,smb,mom",mkt,14,5,290,9,4,mom
2014-07-01_to_2017-07-01,2014-07-01,2017-07-01,"hml,smb,mom",mkt,14,5,290,9,5,smb
2014-07-01_to_2017-07-01,2014-07-01,2017-07-01,"hml,smb,mom",mkt,14,5,290,9,6,mom
2014-07-01_to_2017-07-01,2014-07-01,2017-07-01,"hml,smb,mom",mkt,14,5,290,9,7,hml
2014-07-01_to_2017-07-01,2014-07-01,2017-07-01,"hml,smb,mom",mkt,14,5,290,9,8,mom
2014-07-01_to_2017-07-01,2014-07-01,2017-07-01,"hml,smb,mom",mkt,14,5,290,9,9,hml
2014-07-01_to_2017-07-01,2014-07-01,2017-07-01,"hml,smb,mom",mkt,14,5,294,10,1,mom
2014-07-01_to_2017-07-01,2014-07-01,2017-07-01,"hml,smb,mom",mkt,14,5,294,10,2,mom
2014-07-01_to_2017-07-01,2014-07-01,2017-07-01,"hml,smb,mom",mkt,14,5,294,10,3,mom
2014-07-01_to_2017-07-01,2014-07-01,2017-07-01,"hml,smb,mom",mkt,14,5,294,10,4,mom
2014-07-01_to_2017-07-01,2014-07-01,2017-07-01,"hml,smb,mom",mkt,14,5,294,10,5,smb
2014-07-01_to_2017-07-01,2014-07-01,2017-07-01,"hml,smb,mom",mkt,14,5,294,10,6,mom
2014-07-01_to_2017-07-01,2014-07-01,2017-07-01,"hml,smb,mom",mkt,14,5,294,10,7,hml
2014-07-01_to_2017-07-01,2014-07-01,2017-07-01,"hml,smb,mom",mkt,14,5,294,10,8,hml
2014-07-01_to_2017-07-01,2014-07-01,2017-07-01,"hml,smb,mom",mkt,14,5,294,10,9,smb
2014-07-01_to_2017-07-01,2014-07-01,2017-07-01,"hml,smb,mom",mkt,14,5,294,10,10,hml
2014-07-01_to_2017-07-01,2014-07-01,2017-07-01,"hml,smb,mom",mkt,14,5,297,12,1,mom
2014-07-01_to_2017-07-01,2014-07-01,2017-07-01,"hml,smb,mom",mkt,14,5,297,12,2,mom
2014-07-01_to_2017-07-01,2014-07-01,2017-07-01,"hml,smb,mom",mkt,14,5,297,12,3,mom
2014-07-01_to_2017-07-01,2014-07-01,2017-07-01,"hml,smb,mom",mkt,14,5,297,12,4,mom
2014-07-01_to_2017-07-01,2014-07-01,2017-07-01,"hml,smb,mom",mkt,14,5,297,12,5,smb
2014-07-01_to_2017-07-01,2014-07-01,2017-07-01,"hml,smb,mom",mkt,14,5,297,12,6,mom
2014-07-01_to_2017-07-01,2014-07-01,2017-07-01,"hml,smb,mom",mkt,14,5,297,12,7,hml
2014-07-01_to_2017-07-01,2014-07-01,2017-07-01,"hml,smb,mom",mkt,14,5,297,12,8,hml
2014-07-01_to_2017-07-01,2014-07-01,2017-07-01,"hml,smb,mom",mkt,14,5,297,12,9,smb
2014-07-01_to_2017-07-01,2014-07-01,2017-07-01,"hml,smb,mom",mkt,14,5,297,12,10,hml
2014-07-01_to_2017-07-01,2014-07-01,2017-07-01,"hml,smb,mom",mkt,14,5,297,12,11,smb
2014-07-01_to_2017-07-01,2014-07-01,2017-07-01,"hml,smb,mom",mkt,14,5,297,12,12,smb
2014-07-01_to_2017-07-01,2014-07-01,2017-07-01,"hml,smb,mom",mkt,14,5,298,12,1,mom
2014-07-01_to_2017-07-01,2014-07-01,2017-07-01,"hml,smb,mom",mkt,14,5,298,12,2,mom
2014-07-01_to_2017-07-01,2014-07-01,2017-07-01,"hml,smb,mom",mkt,14,5,298,12,3,mom
2014-07-01_to_2017-07-01,2014-07-01,2017-07-01,"hml,smb,mom",mkt,14,5,298,12,4,mom
2014-07-01_to_2017-07-01,2014-07-01,2017-07-01,"hml,smb,mom",mkt,14,5,298,12,5,smb
2014-07-01_to_2017-07-01,2014-07-01,2017-07-01,"hml,smb,mom",mkt,14,5,298,12,6,mom
2014-07-01_to_2017-07-01,2014-07-01,2017-07-01,"hml,smb,mom",mkt,14,5,298,12,7,hml
2014-07-01_to_2017-07-01,2014-07-01,2017-07-01,"hml,smb,mom",mkt,14,5,298,12,8,hml
2014-07-01_to_2017-07-01,2014-07-01,2017-07-01,"hml,smb,mom",mkt,14,5,298,12,9,smb
2014-07-01_to_2017-07-01,2014-07-01,2017-07-01,"hml,smb,mom",mkt,14,5,298,12,10,hml
2014-07-01_to_2017-07-01,2014-07-01,2017-07-01,"hml,smb,mom",mkt,14,5,298,12,11,smb
2014-07-01_to_2017-07-01,2014-07-01,2017-07-01,"hml,smb,mom",mkt,14,5,298,12,12,smb
2014-07-01_to_2017-07-01,2014-07-01,2017-07-01,"hml,smb,mom",mkt,14,5,300,12,1,mom
2014-07-01_to_2017-07-01,2014-07-01,2017-07-01,"hml,smb,mom",mkt,14,5,300,12,2,mom
2014-07-01_to_2017-07-01,2014-07-01,2017-07-01,"hml,smb,mom",mkt,14,5,300,12,3,mom
2014-07-01_to_2017-07-01,2014-07-01,2017-07-01,"hml,smb,mom",mkt,14,5,300,12,4,mom
2014-07-01_to_2017-07-01,2014-07-01,2017-07-01,"hml,smb,mom",mkt,14,5,300,12,5,smb
2014-07-01_to_2017-07-01,2014-07-01,2017-07-01,"hml,smb,mom",mkt,14,5,300,12,6,mom
2014-07-01_to_2017-07-01,2014-07-01,2017-07-01,"hml,smb,mom",mkt,14,5,300,12,7,hml
2014-07-01_to_2017-07-01,2014-07-01,2017-07-01,"hml,smb,mom",mkt,14,5,300,12,8,hml
2014-07-01_to_2017-07-01,2014-07-01,2017-07-01,"hml,smb,mom",mkt,14,5,300,12,9,smb
2014-07-01_to_2017-07-01,2014-07-01,2017-07-01,"hml,smb,mom",mkt,14,5,300,12,10,hml
2014-07-01_to_2017-07-01,2014-07-01,2017-07-01,"hml,smb,mom",mkt,14,5,300,12,11,smb
2014-07-01_to_2017-07-01,2014-07-01,2017-07-01,"hml,smb,mom",mkt,14,5,300,12,12,hml
2014-07-01_to_2017-07-01,2014-07-01,2017-07-01,"hml,smb,mom",mkt,14,5,301,12,1,mom
2014-07-01_to_2017-07-01,2014-07-01,2017-07-01,"hml,smb,mom",mkt,14,5,301,12,2,mom
2014-07-01_to_2017-07-01,2014-07-01,2017-07-01,"hml,smb,mom",mkt,14,5,301,12,3,mom
2014-07-01_to_2017-07-01,2014-07-01,2017-07-01,"hml,smb,mom",mkt,14,5,301,12,4,mom
2014-07-01_to_2017-07-01,2014-07-01,2017-07-01,"hml,smb,mom",mkt,14,5,301,12,5,smb
2014-07-01_to_2017-07-01,2014-07-01,2017-07-01,"hml,smb,mom",mkt,14,5,301,12,6,mom
2014-07-01_to_2017-07-01,2014-07-01,2017-07-01,"hml,smb,mom",mkt,14,5,301,12,7,hml
2014-07-01_to_2017-07-01,2014-07-01,2017-07-01,"hml,smb,mom",mkt,14,5,301,12,8,hml
2014-07-01_to_2017-07-01,2014-07-01,2017-07-01,"hml,smb,mom",mkt,14,5,301,12,9,smb
2014-07-01_to_2017-07-01,2014-07-01,2017-07-01,"hml,smb,mom",mkt,14,5,301,12,10,hml
2014-07-01_to_2017-07-01,2014-07-01,2017-07-01,"hml,smb,mom",mkt,14,5,301,12,11,smb
2014-07-01_to_2017-07-01,2014-07-01,2017-07-01,"hml,smb,mom",mkt,14,5,301,12,12,hml
2014-07-01_to_2017-07-01,2014-07-01,2017-07-01,"hml,smb,mom",mkt,14,5,303,10,1,mom
2014-07-01_to_2017-07-01,2014-07-01,2017-07-01,"hml,smb,mom",mkt,14,5,303,10,2,mom
2014-07-01_to_2017-07-01,2014-07-01,2017-07-01,"hml,smb,mom",mkt,14,5,303,10,3,mom
2014-07-01_to_2017-07-01,2014-07-01,2017-07-01,"hml,smb,mom",mkt,14,5,303,10,4,mom
2014-07-01_to_2017-07-01,2014-07-01,2017-07-01,"hml,smb,mom",mkt,14,5,303,10,5,smb
2014-07-01_to_2017-07-01,2014-07-01,2017-07-01,"hml,smb,mom",mkt,14,5,303,10,6,mom
2014-07-01_to_2017-07-01,2014-07-01,2017-07-01,"hml,smb,mom",mkt,14,5,303,10,7,hml
2014-07-01_to_2017-07-01,2014-07-01,2017-07-01,"hml,smb,mom",mkt,14,5,303,10,8,hml
2014-07-01_to_2017-07-01,2014-07-01,2017-07-01,"hml,smb,mom",mkt,14,5,303,10,9,smb
2014-07-01_to_2017-07-01,2014-07-01,2017-07-01,"hml,smb,mom",mkt,14,5,303,10,10,smb
2014-07-01_to_2017-07-01,2014-07-01,2017-07-01,"hml,smb,mom",mkt,14,5,305,11,1,mom
2014-07-01_to_2017-07-01,2014-07-01,2017-07-01,"hml,smb,mom",mkt,14,5,305,11,2,mom
2014-07-01_to_2017-07-01,2014-07-01,2017-07-01,"hml,smb,mom",mkt,14,5,305,11,3,mom
2014-07-01_to_2017-07-01,2014-07-01,2017-07-01,"hml,smb,mom",mkt,14,5,305,11,4,mom
2014-07-01_to_2017-07-01,2014-07-01,2017-07-01,"hml,smb,mom",mkt,14,5,305,11,5,smb
2014-07-01_to_2017-07-01,2014-07-01,2017-07-01,"hml,smb,mom",mkt,14,5,305,11,6,mom
2014-07-01_to_2017-07-01,2014-07-01,2017-07-01,"hml,smb,mom",mkt,14,5,305,11,7,hml
2014-07-01_to_2017-07-01,2014-07-01,2017-07-01,"hml,smb,mom",mkt,14,5,305,11,8,hml
2014-07-01_to_2017-07-01,2014-07-01,2017-07-01,"hml,smb,mom",mkt,14,5,305,11,9,smb
2014-07-01_to_2017-07-01,2014-07-01,2017-07-01,"hml,smb,mom",mkt,14,5,305,11,10,smb
2014-07-01_to_2017-07-01,2014-07-01,2017-07-01,"hml,smb,mom",mkt,14,5,305,11,11,mom
2014-07-01_to_2017-07-01,2014-07-01,2017-07-01,"hml,smb,mom",mkt,14,5,306,11,1,mom
2014-07-01_to_2017-07-01,2014-07-01,2017-07-01,"hml,smb,mom",mkt,14,5,306,11,2,mom
2014-07-01_to_2017-07-01,2014-07-01,2017-07-01,"hml,smb,mom",mkt,14,5,306,11,3,mom
2014-07-01_to_2017-07-01,2014-07-01,2017-07-01,"hml,smb,mom",mkt,14,5,306,11,4,mom
2014-07-01_to_2017-07-01,2014-07-01,2017-07-01,"hml,smb,mom",mkt,14,5,306,11,5,smb
2014-07-01_to_2017-07-01,2014-07-01,2017-07-01,"hml,smb,mom",mkt,14,5,306,11,6,mom
2014-07-01_to_2017-07-01,2014-07-01,2017-07-01,"hml,smb,mom",mkt,14,5,306,11,7,hml
2014-07-01_to_2017-07-01,2014-07-01,2017-07-01,"hml,smb,mom",mkt,14,5,306,11,8,hml
2014-07-01_to_2017-07-01,2014-07-01,2017-07-01,"hml,smb,mom",mkt,14,5,306,11,9,smb
2014-07-01_to_2017-07-01,2014-07-01,2017-07-01,"hml,smb,mom",mkt,14,5,306,11,10,smb
2014-07-01_to_2017-07-01,2014-07-01,2017-07-01,"hml,smb,mom",mkt,14,5,306,11,11,mom
2014-07-01_to_2017-07-01,2014-07-01,2017-07-01,"hml,smb,mom",mkt,14,5,309,10,1,mom
2014-07-01_to_2017-07-01,2014-07-01,2017-07-01,"hml,smb,mom",mkt,14,5,309,10,2,mom
2014-07-01_to_2017-07-01,2014-07-01,2017-07-01,"hml,smb,mom",mkt,14,5,309,10,3,mom
2014-07-01_to_2017-07-01,2014-07-01,2017-07-01,"hml,smb,mom",mkt,14,5,309,10,4,mom
2014-07-01_to_2017-07-01,2014-07-01,2017-07-01,"hml,smb,mom",mkt,14,5,309,10,5,smb
2014-07-01_to_2017-07-01,2014-07-01,2017-07-01,"hml,smb,mom",mkt,14,5,309,10,6,mom
2014-07-01_to_2017-07-01,2014-07-01,2017-07-01,"hml,smb,mom",mkt,14,5,309,10,7,hml
2014-07-01_to_2017-07-01,2014-07-01,2017-07-01,"hml,smb,mom",mkt,14,5,309,10,8,hml
2014-07-01_to_2017-07-01,2014-07-01,2017-07-01,"hml,smb,mom",mkt,14,5,309,10,9,hml
2014-07-01_to_2017-07-01,2014-07-01,2017-07-01,"hml,smb,mom",mkt,14,5,309,10,10,smb
2014-07-01_to_2017-07-01,2014-07-01,2017-07-01,"hml,smb,mom",mkt,14,5,310,10,1,mom
2014-07-01_to_2017-07-01,2014-07-01,2017-07-01,"hml,smb,mom",mkt,14,5,310,10,2,mom
2014-07-01_to_2017-07-01,2014-07-01,2017-07-01,"hml,smb,mom",mkt,14,5,310,10,3,mom
2014-07-01_to_2017-07-01,2014-07-01,2017-07-01,"hml,smb,mom",mkt,14,5,310,10,4,mom
2014-07-01_to_2017-07-01,2014-07-01,2017-07-01,"hml,smb,mom",mkt,14,5,310,10,5,smb
2014-07-01_to_2017-07-01,2014-07-01,2017-07-01,"hml,smb,mom",mkt,14,5,310,10,6,mom
2014-07-01_to_2017-07-01,2014-07-01,2017-07-01,"hml,smb,mom",mkt,14,5,310,10,7,hml
2014-07-01_to_2017-07-01,2014-07-01,2017-07-01,"hml,smb,mom",mkt,14,5,310,10,8,hml
2014-07-01_to_2017-07-01,2014-07-01,2017-07-01,"hml,smb,mom",mkt,14,5,310,10,9,hml
2014-07-01_to_2017-07-01,2014-07-01,2017-07-01,"hml,smb,mom",mkt,14,5,310,10,10,smb
2014-07-01_to_2017-07-01,2014-07-01,2017-07-01,"hml,smb,mom",mkt,14,5,311,9,1,mom
2014-07-01_to_2017-07-01,2014-07-01,2017-07-01,"hml,smb,mom",mkt,14,5,311,9,2,mom
2014-07-01_to_2017-07-01,2014-07-01,2017-07-01,"hml,smb,mom",mkt,14,5,311,9,3,mom
2014-07-01_to_2017-07-01,2014-07-01,2017-07-01,"hml,smb,mom",mkt,14,5,311,9,4,mom
2014-07-01_to_2017-07-01,2014-07-01,2017-07-01,"hml,smb,mom",mkt,14,5,311,9,5,smb
2014-07-01_to_2017-07-01,2014-07-01,2017-07-01,"hml,smb,mom",mkt,14,5,311,9,6,mom
2014-07-01_to_2017-07-01,2014-07-01,2017-07-01,"hml,smb,mom",mkt,14,5,311,9,7,hml
2014-07-01_to_2017-07-01,2014-07-01,2017-07-01,"hml,smb,mom",mkt,14,5,311,9,8,hml
2014-07-01_to_2017-07-01,2014-07-01,2017-07-01,"hml,smb,mom",mkt,14,5,311,9,9,hml
2014-07-01_to_2017-07-01,2014-07-01,2017-07-01,"hml,smb,mom",mkt,14,5,314,8,1,mom
2014-07-01_to_2017-07-01,2014-07-01,2017-07-01,"hml,smb,mom",mkt,14,5,314,8,2,mom
2014-07-01_to_2017-07-01,2014-07-01,2017-07-01,"hml,smb,mom",mkt,14,5,314,8,3,mom
2014-07-01_to_2017-07-01,2014-07-01,2017-07-01,"hml,smb,mom",mkt,14,5,314,8,4,mom
2014-07-01_to_2017-07-01,2014-07-01,2017-07-01,"hml,smb,mom",mkt,14,5,314,8,5,smb
2014-07-01_to_2017-07-01,2014-07-01,2017-07-01,"hml,smb,mom",mkt,14,5,314,8,6,mom
2014-07-01_to_2017-07-01,2014-07-01,2017-07-01,"hml,smb,mom",mkt,14,5,314,8,7,mom
2014-07-01_to_2017-07-01,2014-07-01,2017-07-01,"hml,smb,mom",mkt,14,5,314,8,8,hml
2014-07-01_to_2017-07-01,2014-07-01,2017-07-01,"hml,smb,mom",mkt,14,5,316,9,1,mom
2014-07-01_to_2017-07-01,2014-07-01,2017-07-01,"hml,smb,mom",mkt,14,5,316,9,2,mom
2014-07-01_to_2017-07-01,2014-07-01,2017-07-01,"hml,smb,mom",mkt,14,5,316,9,3,mom
2014-07-01_to_2017-07-01,2014-07-01,2017-07-01,"hml,smb,mom",mkt,14,5,316,9,4,mom
2014-07-01_to_2017-07-01,2014-07-01,2017-07-01,"hml,smb,mom",mkt,14,5,316,9,5,smb
2014-07-01_to_2017-07-01,2014-07-01,2017-07-01,"hml,smb,mom",mkt,14,5,316,9,6,mom
2014-07-01_to_2017-07-01,2014-07-01,2017-07-01,"hml,smb,mom",mkt,14,5,316,9,7,mom
2014-07-01_to_2017-07-01,2014-07-01,2017-07-01,"hml,smb,mom",mkt,14,5,316,9,8,hml
2014-07-01_to_2017-07-01,2014-07-01,2017-07-01,"hml,smb,mom",mkt,14,5,316,9,9,hml
2014-07-01_to_2017-07-01,2014-07-01,2017-07-01,"hml,smb,mom",mkt,14,5,318,10,1,mom
2014-07-01_to_2017-07-01,2014-07-01,2017-07-01,"hml,smb,mom",mkt,14,5,318,10,2,mom
2014-07-01_to_2017-07-01,2014-07-01,2017-07-01,"hml,smb,mom",mkt,14,5,318,10,3,mom
2014-07-01_to_2017-07-01,2014-07-01,2017-07-01,"hml,smb,mom",mkt,14,5,318,10,4,mom
2014-07-01_to_2017-07-01,2014-07-01,2017-07-01,"hml,smb,mom",mkt,14,5,318,10,5,smb
2014-07-01_to_2017-07-01,2014-07-01,2017-07-01,"hml,smb,mom",mkt,14,5,318,10,6,mom
2014-07-01_to_2017-07-01,2014-07-01,2017-07-01,"hml,smb,mom",mkt,14,5,318,10,7,mom
2014-07-01_to_2017-07-01,2014-07-01,2017-07-01,"hml,smb,mom",mkt,14,5,318,10,8,hml
2014-07-01_to_2017-07-01,2014-07-01,2017-07-01,"hml,smb,mom",mkt,14,5,318,10,9,hml
2014-07-01_to_2017-07-01,2014-07-01,2017-07-01,"hml,smb,mom",mkt,14,5,318,10,10,hml
2014-07-01_to_2017-07-01,2014-07-01,2017-07-01,"hml,smb,mom",mkt,14,5,319,10,1,mom
2014-07-01_to_2017-07-01,2014-07-01,2017-07-01,"hml,smb,mom",mkt,14,5,319,10,2,mom
2014-07-01_to_2017-07-01,2014-07-01,2017-07-01,"hml,smb,mom",mkt,14,5,319,10,3,mom
2014-07-01_to_2017-07-01,2014-07-01,2017-07-01,"hml,smb,mom",mkt,14,5,319,10,4,mom
2014-07-01_to_2017-07-01,2014-07-01,2017-07-01,"hml,smb,mom",mkt,14,5,319,10,5,smb
2014-07-01_to_2017-07-01,2014-07-01,2017-07-01,"hml,smb,mom",mkt,14,5,319,10,6,mom
2014-07-01_to_2017-07-01,2014-07-01,2017-07-01,"hml,smb,mom",mkt,14,5,319,10,7,mom
2014-07-01_to_2017-07-01,2014-07-01,2017-07-01,"hml,smb,mom",mkt,14,5,319,10,8,hml
2014-07-01_to_2017-07-01,2014-07-01,2017-07-01,"hml,smb,mom",mkt,14,5,319,10,9,hml
2014-07-01_to_2017-07-01,2014-07-01,2017-07-01,"hml,smb,mom",mkt,14,5,319,10,10,hml
2014-07-01_to_2017-07-01,2014-07-01,2017-07-01,"hml,smb,mom",mkt,14,5,321,8,1,mom
2014-07-01_to_2017-07-01,2014-07-01,2017-07-01,"hml,smb,mom",mkt,14,5,321,8,2,mom
2014-07-01_to_2017-07-01,2014-07-01,2017-07-01,"hml,smb,mom",mkt,14,5,321,8,3,mom
2014-07-01_to_2017-07-01,2014-07-01,2017-07-01,"hml,smb,mom",mkt,14,5,321,8,4,mom
2014-07-01_to_2017-07-01,2014-07-01,2017-07-01,"hml,smb,mom",mkt,14,5,321,8,5,smb
2014-07-01_to_2017-07-01,2014-07-01,2017-07-01,"hml,smb,mom",mkt,14,5,321,8,6,mom
2014-07-01_to_2017-07-01,2014-07-01,2017-07-01,"hml,smb,mom",mkt,14,5,321,8,7,mom
2014-07-01_to_2017-07-01,2014-07-01,2017-07-01,"hml,smb,mom",mkt,14,5,321,8,8,smb
2014-07-01_to_2017-07-01,2014-07-01,2017-07-01,"hml,smb,mom",mkt,14,5,323,9,1,mom
2014-07-01_to_2017-07-01,2014-07-01,2017-07-01,"hml,smb,mom",mkt,14,5,323,9,2,mom
2014-07-01_to_2017-07-01,2014-07-01,2017-07-01,"hml,smb,mom",mkt,14,5,323,9,3,mom
2014-07-01_to_2017-07-01,2014-07-01,2017-07-01,"hml,smb,mom",mkt,14,5,323,9,4,mom
2014-07-01_to_2017-07-01,2014-07-01,2017-07-01,"hml,smb,mom",mkt,14,5,323,9,5,smb
2014-07-01_to_2017-07-01,2014-07-01,2017-07-01,"hml,smb,mom",mkt,14,5,323,9,6,mom
2014-07-01_to_2017-07-01,2014-07-01,2017-07-01,"hml,smb,mom",mkt,14,5,323,9,7,mom
2014-07-01_to_2017-07-01,2014-07-01,2017-07-01,"hml,smb,mom",mkt,14,5,323,9,8,smb
2014-07-01_to_2017-07-01,2014-07-01,2017-07-01,"hml,smb,mom",mkt,14,5,323,9,9,hml
2014-07-01_to_2017-07-01,2014-07-01,2017-07-01,"hml,smb,mom",mkt,14,5,324,9,1,mom
2014-07-01_to_2017-07-01,2014-07-01,2017-07-01,"hml,smb,mom",mkt,14,5,324,9,2,mom
2014-07-01_to_2017-07-01,2014-07-01,2017-07-01,"hml,smb,mom",mkt,14,5,324,9,3,mom
2014-07-01_to_2017-07-01,2014-07-01,2017-07-01,"hml,smb,mom",mkt,14,5,324,9,4,mom
2014-07-01_to_2017-07-01,2014-07-01,2017-07-01,"hml,smb,mom",mkt,14,5,324,9,5,smb
2014-07-01_to_2017-07-01,2014-07-01,2017-07-01,"hml,smb,mom",mkt,14,5,324,9,6,mom
2014-07-01_to_2017-07-01,2014-07-01,2017-07-01,"hml,smb,mom",mkt,14,5,324,9,7,mom
2014-07-01_to_2017-07-01,2014-07-01,2017-07-01,"hml,smb,mom",mkt,14,5,324,9,8,smb
2014-07-01_to_2017-07-01,2014-07-01,2017-07-01,"hml,smb,mom",mkt,14,5,324,9,9,hml
2014-07-01_to_2017-07-01,2014-07-01,2017-07-01,"hml,smb,mom",mkt,14,5,327,6,1,mom
2014-07-01_to_2017-07-01,2014-07-01,2017-07-01,"hml,smb,mom",mkt,14,5,327,6,2,mom
2014-07-01_to_2017-07-01,2014-07-01,2017-07-01,"hml,smb,mom",mkt,14,5,327,6,3,mom
2014-07-01_to_2017-07-01,2014-07-01,2017-07-01,"hml,smb,mom",mkt,14,5,327,6,4,mom
2014-07-01_to_2017-07-01,2014-07-01,2017-07-01,"hml,smb,mom",mkt,14,5,327,6,5,hml
2014-07-01_to_2017-07-01,2014-07-01,2017-07-01,"hml,smb,mom",mkt,14,5,327,6,6,mom
2014-07-01_to_2017-07-01,2014-07-01,2017-07-01,"hml,smb,mom",mkt,14,5,328,6,1,mom
2014-07-01_to_2017-07-01,2014-07-01,2017-07-01,"hml,smb,mom",mkt,14,5,328,6,2,mom
2014-07-01_to_2017-07-01,2014-07-01,2017-07-01,"hml,smb,mom",mkt,14,5,328,6,3,mom
2014-07-01_to_2017-07-01,2014-07-01,2017-07-01,"hml,smb,mom",mkt,14,5,328,6,4,mom
2014-07-01_to_2017-07-01,2014-07-01,2017-07-01,"hml,smb,mom",mkt,14,5,328,6,5,hml
2014-07-01_to_2017-07-01,2014-07-01,2017-07-01,"hml,smb,mom",mkt,14,5,328,6,6,mom
2014-07-01_to_2017-07-01,2014-07-01,2017-07-01,"hml,smb,mom",mkt,14,5,330,6,1,mom
2014-07-01_to_2017-07-01,2014-07-01,2017-07-01,"hml,smb,mom",mkt,14,5,330,6,2,mom
2014-07-01_to_2017-07-01,2014-07-01,2017-07-01,"hml,smb,mom",mkt,14,5,330,6,3,mom
2014-07-01_to_2017-07-01,2014-07-01,2017-07-01,"hml,smb,mom",mkt,14,5,330,6,4,mom
2014-07-01_to_2017-07-01,2014-07-01,2017-07-01,"hml,smb,mom",mkt,14,5,330,6,5,hml
2014-07-01_to_2017-07-01,2014-07-01,2017-07-01,"hml,smb,mom",mkt,14,5,330,6,6,hml
2014-07-01_to_2017-07-01,2014-07-01,2017-07-01,"hml,smb,mom",mkt,14,5,331,6,1,mom
2014-07-01_to_2017-07-01,2014-07-01,2017-07-01,"hml,smb,mom",mkt,14,5,331,6,2,mom
2014-07-01_to_2017-07-01,2014-07-01,2017-07-01,"hml,smb,mom",mkt,14,5,331,6,3,mom
2014-07-01_to_2017-07-01,2014-07-01,2017-07-01,"hml,smb,mom",mkt,14,5,331,6,4,mom
2014-07-01_to_2017-07-01,2014-07-01,2017-07-01,"hml,smb,mom",mkt,14,5,331,6,5,hml
2014-07-01_to_2017-07-01,2014-07-01,2017-07-01,"hml,smb,mom",mkt,14,5,331,6,6,hml
2014-07-01_to_2017-07-01,2014-07-01,2017-07-01,"hml,smb,mom",mkt,14,5,332,2,1,mom
2014-07-01_to_2017-07-01,2014-07-01,2017-07-01,"hml,smb,mom",mkt,14,5,332,2,2,mom
2015-01-01_to_2018-01-01,2015-01-01,2018-01-01,"hml,smb,mom",mkt,14,5,6,6,1,mom
2015-01-01_to_2018-01-01,2015-01-01,2018-01-01,"hml,smb,mom",mkt,14,5,6,6,2,mom
2015-01-01_to_2018-01-01,2015-01-01,2018-01-01,"hml,smb,mom",mkt,14,5,6,6,3,mom
2015-01-01_to_2018-01-01,2015-01-01,2018-01-01,"hml,smb,mom",mkt,14,5,6,6,4,mom
2015-01-01_to_2018-01-01,2015-01-01,2018-01-01,"hml,smb,mom",mkt,14,5,6,6,5,mom
2015-01-01_to_2018-01-01,2015-01-01,2018-01-01,"hml,smb,mom",mkt,14,5,6,6,6,mom
2015-01-01_to_2018-01-01,2015-01-01,2018-01-01,"hml,smb,mom",mkt,14,5,8,7,1,mom
2015-01-01_to_2018-01-01,2015-01-01,2018-01-01,"hml,smb,mom",mkt,14,5,8,7,2,mom
2015-01-01_to_2018-01-01,2015-01-01,2018-01-01,"hml,smb,mom",mkt,14,5,8,7,3,mom
2015-01-01_to_2018-01-01,2015-01-01,2018-01-01,"hml,smb,mom",mkt,14,5,8,7,4,mom
2015-01-01_to_2018-01-01,2015-01-01,2018-01-01,"hml,smb,mom",mkt,14,5,8,7,5,mom
2015-01-01_to_2018-01-01,2015-01-01,2018-01-01,"hml,smb,mom",mkt,14,5,8,7,6,mom
2015-01-01_to_2018-01-01,2015-01-01,2018-01-01,"hml,smb,mom",mkt,14,5,8,7,7,hml
2015-01-01_to_2018-01-01,2015-01-01,2018-01-01,"hml,smb,mom",mkt,14,5,9,7,1,mom
2015-01-01_to_2018-01-01,2015-01-01,2018-01-01,"hml,smb,mom",mkt,14,5,9,7,2,mom
2015-01-01_to_2018-01-01,2015-01-01,2018-01-01,"hml,smb,mom",mkt,14,5,9,7,3,mom
2015-01-01_to_2018-01-01,2015-01-01,2018-01-01,"hml,smb,mom",mkt,14,5,9,7,4,mom
2015-01-01_to_2018-01-01,2015-01-01,2018-01-01,"hml,smb,mom",mkt,14,5,9,7,5,mom
2015-01-01_to_2018-01-01,2015-01-01,2018-01-01,"hml,smb,mom",mkt,14,5,9,7,6,mom
2015-01-01_to_2018-01-01,2015-01-01,2018-01-01,"hml,smb,mom",mkt,14,5,9,7,7,hml
2015-01-01_to_2018-01-01,2015-01-01,2018-01-01,"hml,smb,mom",mkt,14,5,13,8,1,mom
2015-01-01_to_2018-01-01,2015-01-01,2018-01-01,"hml,smb,mom",mkt,14,5,13,8,2,mom
2015-01-01_to_2018-01-01,2015-01-01,2018-01-01,"hml,smb,mom",mkt,14,5,13,8,3,mom
2015-01-01_to_2018-01-01,2015-01-01,2018-01-01,"hml,smb,mom",mkt,14,5,13,8,4,mom
2015-01-01_to_2018-01-01,2015-01-01,2018-01-01,"hml,smb,mom",mkt,14,5,13,8,5,mom
2015-01-01_to_2018-01-01,2015-01-01,2018-01-01,"hml,smb,mom",mkt,14,5,13,8,6,mom
2015-01-01_to_2018-01-01,2015-01-01,2018-01-01,"hml,smb,mom",mkt,14,5,13,8,7,smb
2015-01-01_to_2018-01-01,2015-01-01,2018-01-01,"hml,smb,mom",mkt,14,5,13,8,8,hml
2015-01-01_to_2018-01-01,2015-01-01,2018-01-01,"hml,smb,mom",mkt,14,5,14,8,1,mom
2015-01-01_to_2018-01-01,2015-01-01,2018-01-01,"hml,smb,mom",mkt,14,5,14,8,2,mom
2015-01-01_to_2018-01-01,2015-01-01,2018-01-01,"hml,smb,mom",mkt,14,5,14,8,3,mom
2015-01-01_to_2018-01-01,2015-01-01,2018-01-01,"hml,smb,mom",mkt,14,5,14,8,4,mom
2015-01-01_to_2018-01-01,2015-01-01,2018-01-01,"hml,smb,mom",mkt,14,5,14,8,5,mom
2015-01-01_to_2018-01-01,2015-01-01,2018-01-01,"hml,smb,mom",mkt,14,5,14,8,6,mom
2015-01-01_to_2018-01-01,2015-01-01,2018-01-01,"hml,smb,mom",mkt,14,5,14,8,7,smb
2015-01-01_to_2018-01-01,2015-01-01,2018-01-01,"hml,smb,mom",mkt,14,5,14,8,8,hml
2015-01-01_to_2018-01-01,2015-01-01,2018-01-01,"hml,smb,mom",mkt,14,5,16,8,1,mom
2015-01-01_to_2018-01-01,2015-01-01,2018-01-01,"hml,smb,mom",mkt,14,5,16,8,2,mom
2015-01-01_to_2018-01-01,2015-01-01,2018-01-01,"hml,smb,mom",mkt,14,5,16,8,3,mom
2015-01-01_to_2018-01-01,2015-01-01,2018-01-01,"hml,smb,mom",mkt,14,5,16,8,4,mom
2015-01-01_to_2018-01-01,2015-01-01,2018-01-01,"hml,smb,mom",mkt,14,5,16,8,5,mom
2015-01-01_to_2018-01-01,2015-01-01,2018-01-01,"hml,smb,mom",mkt,14,5,16,8,6,mom
2015-01-01_to_2018-01-01,2015-01-01,2018-01-01,"hml,smb,mom",mkt,14,5,16,8,7,smb
2015-01-01_to_2018-01-01,2015-01-01,2018-01-01,"hml,smb,mom",mkt,14,5,16,8,8,mom
2015-01-01_to_2018-01-01,2015-01-01,2018-01-01,"hml,smb,mom",mkt,14,5,18,9,1,mom
2015-01-01_to_2018-01-01,2015-01-01,2018-01-01,"hml,smb,mom",mkt,14,5,18,9,2,mom
2015-01-01_to_2018-01-01,2015-01-01,2018-01-01,"hml,smb,mom",mkt,14,5,18,9,3,mom
2015-01-01_to_2018-01-01,2015-01-01,2018-01-01,"hml,smb,mom",mkt,14,5,18,9,4,mom
2015-01-01_to_2018-01-01,2015-01-01,2018-01-01,"hml,smb,mom",mkt,14,5,18,9,5,mom
2015-01-01_to_2018-01-01,2015-01-01,2018-01-01,"hml,smb,mom",mkt,14,5,18,9,6,mom
2015-01-01_to_2018-01-01,2015-01-01,2018-01-01,"hml,smb,mom",mkt,14,5,18,9,7,smb
2015-01-01_to_2018-01-01,2015-01-01,2018-01-01,"hml,smb,mom",mkt,14,5,18,9,8,mom
2015-01-01_to_2018-01-01,2015-01-01,2018-01-01,"hml,smb,mom",mkt,14,5,18,9,9,smb
2015-01-01_to_2018-01-01,2015-01-01,2018-01-01,"hml,smb,mom",mkt,14,5,19,9,1,mom
2015-01-01_to_2018-01-01,2015-01-01,2018-01-01,"hml,smb,mom",mkt,14,5,19,9,2,mom
2015-01-01_to_2018-01-01,2015-01-01,2018-01-01,"hml,smb,mom",mkt,14,5,19,9,3,mom
2015-01-01_to_2018-01-01,2015-01-01,2018-01-01,"hml,smb,mom",mkt,14,5,19,9,4,mom
2015-01-01_to_2018-01-01,2015-01-01,2018-01-01,"hml,smb,mom",mkt,14,5,19,9,5,mom
2015-01-01_to_2018-01-01,2015-01-01,2018-01-01,"hml,smb,mom",mkt,14,5,19,9,6,mom
2015-01-01_to_2018-01-01,2015-01-01,2018-01-01,"hml,smb,mom",mkt,14,5,19,9,7,smb
2015-01-01_to_2018-01-01,2015-01-01,2018-01-01,"hml,smb,mom",mkt,14,5,19,9,8,mom
2015-01-01_to_2018-01-01,2015-01-01,2018-01-01,"hml,smb,mom",mkt,14,5,19,9,9,smb
2015-01-01_to_2018-01-01,2015-01-01,2018-01-01,"hml,smb,mom",mkt,14,5,21,7,1,mom
2015-01-01_to_2018-01-01,2015-01-01,2018-01-01,"hml,smb,mom",mkt,14,5,21,7,2,mom
2015-01-01_to_2018-01-01,2015-01-01,2018-01-01,"hml,smb,mom",mkt,14,5,21,7,3,mom
2015-01-01_to_2018-01-01,2015-01-01,2018-01-01,"hml,smb,mom",mkt,14,5,21,7,4,mom
2015-01-01_to_2018-01-01,2015-01-01,2018-01-01,"hml,smb,mom",mkt,14,5,21,7,5,mom
2015-01-01_to_2018-01-01,2015-01-01,2018-01-01,"hml,smb,mom",mkt,14,5,21,7,6,mom
2015-01-01_to_2018-01-01,2015-01-01,2018-01-01,"hml,smb,mom",mkt,14,5,21,7,7,smb
2015-01-01_to_2018-01-01,2015-01-01,2018-01-01,"hml,smb,mom",mkt,14,5,22,7,1,mom
2015-01-01_to_2018-01-01,2015-01-01,2018-01-01,"hml,smb,mom",mkt,14,5,22,7,2,mom
2015-01-01_to_2018-01-01,2015-01-01,2018-01-01,"hml,smb,mom",mkt,14,5,22,7,3,mom
2015-01-01_to_2018-01-01,2015-01-01,2018-01-01,"hml,smb,mom",mkt,14,5,22,7,4,mom
2015-01-01_to_2018-01-01,2015-01-01,2018-01-01,"hml,smb,mom",mkt,14,5,22,7,5,mom
2015-01-01_to_2018-01-01,2015-01-01,2018-01-01,"hml,smb,mom",mkt,14,5,22,7,6,mom
2015-01-01_to_2018-01-01,2015-01-01,2018-01-01,"hml,smb,mom",mkt,14,5,22,7,7,smb
2015-01-01_to_2018-01-01,2015-01-01,2018-01-01,"hml,smb,mom",mkt,14,5,27,8,1,mom
2015-01-01_to_2018-01-01,2015-01-01,2018-01-01,"hml,smb,mom",mkt,14,5,27,8,2,mom
2015-01-01_to_2018-01-01,2015-01-01,2018-01-01,"hml,smb,mom",mkt,14,5,27,8,3,mom
2015-01-01_to_2018-01-01,2015-01-01,2018-01-01,"hml,smb,mom",mkt,14,5,27,8,4,mom
2015-01-01_to_2018-01-01,2015-01-01,2018-01-01,"hml,smb,mom",mkt,14,5,27,8,5,mom
2015-01-01_to_2018-01-01,2015-01-01,2018-01-01,"hml,smb,mom",mkt,14,5,27,8,6,hml
2015-01-01_to_2018-01-01,2015-01-01,2018-01-01,"hml,smb,mom",mkt,14,5,27,8,7,smb
2015-01-01_to_2018-01-01,2015-01-01,2018-01-01,"hml,smb,mom",mkt,14,5,27,8,8,mom
2015-01-01_to_2018-01-01,2015-01-01,2018-01-01,"hml,smb,mom",mkt,14,5,29,9,1,mom
2015-01-01_to_2018-01-01,2015-01-01,2018-01-01,"hml,smb,mom",mkt,14,5,29,9,2,mom
2015-01-01_to_2018-01-01,2015-01-01,2018-01-01,"hml,smb,mom",mkt,14,5,29,9,3,mom
2015-01-01_to_2018-01-01,2015-01-01,2018-01-01,"hml,smb,mom",mkt,14,5,29,9,4,mom
2015-01-01_to_2018-01-01,2015-01-01,2018-01-01,"hml,smb,mom",mkt,14,5,29,9,5,mom
2015-01-01_to_2018-01-01,2015-01-01,2018-01-01,"hml,smb,mom",mkt,14,5,29,9,6,hml
2015-01-01_to_2018-01-01,2015-01-01,2018-01-01,"hml,smb,mom",mkt,14,5,29,9,7,smb
2015-01-01_to_2018-01-01,2015-01-01,2018-01-01,"hml,smb,mom",mkt,14,5,29,9,8,mom
2015-01-01_to_2018-01-01,2015-01-01,2018-01-01,"hml,smb,mom",mkt,14,5,29,9,9,mom
2015-01-01_to_2018-01-01,2015-01-01,2018-01-01,"hml,smb,mom",mkt,14,5,30,9,1,mom
2015-01-01_to_2018-01-01,2015-01-01,2018-01-01,"hml,smb,mom",mkt,14,5,30,9,2,mom
2015-01-01_to_2018-01-01,2015-01-01,2018-01-01,"hml,smb,mom",mkt,14,5,30,9,3,mom
2015-01-01_to_2018-01-01,2015-01-01,2018-01-01,"hml,smb,mom",mkt,14,5,30,9,4,mom
2015-01-01_to_2018-01-01,2015-01-01,2018-01-01,"hml,smb,mom",mkt,14,5,30,9,5,mom
2015-01-01_to_2018-01-01,2015-01-01,2018-01-01,"hml,smb,mom",mkt,14,5,30,9,6,hml
2015-01-01_to_2018-01-01,2015-01-01,2018-01-01,"hml,smb,mom",mkt,14,5,30,9,7,smb
2015-01-01_to_2018-01-01,2015-01-01,2018-01-01,"hml,smb,mom",mkt,14,5,30,9,8,mom
2015-01-01_to_2018-01-01,2015-01-01,2018-01-01,"hml,smb,mom",mkt,14,5,30,9,9,mom
2015-01-01_to_2018-01-01,2015-01-01,2018-01-01,"hml,smb,mom",mkt,14,5,32,8,1,mom
2015-01-01_to_2018-01-01,2015-01-01,2018-01-01,"hml,smb,mom",mkt,14,5,32,8,2,mom
2015-01-01_to_2018-01-01,2015-01-01,2018-01-01,"hml,smb,mom",mkt,14,5,32,8,3,mom
2015-01-01_to_2018-01-01,2015-01-01,2018-01-01,"hml,smb,mom",mkt,14,5,32,8,4,mom
2015-01-01_to_2018-01-01,2015-01-01,2018-01-01,"hml,smb,mom",mkt,14,5,32,8,5,mom
2015-01-01_to_2018-01-01,2015-01-01,2018-01-01,"hml,smb,mom",mkt,14,5,32,8,6,hml
2015-01-01_to_2018-01-01,2015-01-01,2018-01-01,"hml,smb,mom",mkt,14,5,32,8,7,smb
2015-01-01_to_2018-01-01,2015-01-01,2018-01-01,"hml,smb,mom",mkt,14,5,32,8,8,mom
2015-01-01_to_2018-01-01,2015-01-01,2018-01-01,"hml,smb,mom",mkt,14,5,33,8,1,mom
2015-01-01_to_2018-01-01,2015-01-01,2018-01-01,"hml,smb,mom",mkt,14,5,33,8,2,mom
2015-01-01_to_2018-01-01,2015-01-01,2018-01-01,"hml,smb,mom",mkt,14,5,33,8,3,mom
2015-01-01_to_2018-01-01,2015-01-01,2018-01-01,"hml,smb,mom",mkt,14,5,33,8,4,mom
2015-01-01_to_2018-01-01,2015-01-01,2018-01-01,"hml,smb,mom",mkt,14,5,33,8,5,mom
2015-01-01_to_2018-01-01,2015-01-01,2018-01-01,"hml,smb,mom",mkt,14,5,33,8,6,hml
2015-01-01_to_2018-01-01,2015-01-01,2018-01-01,"hml,smb,mom",mkt,14,5,33,8,7,smb
2015-01-01_to_2018-01-01,2015-01-01,2018-01-01,"hml,smb,mom",mkt,14,5,33,8,8,mom
2015-01-01_to_2018-01-01,2015-01-01,2018-01-01,"hml,smb,mom",mkt,14,5,37,9,1,mom
2015-01-01_to_2018-01-01,2015-01-01,2018-01-01,"hml,smb,mom",mkt,14,5,37,9,2,mom
2015-01-01_to_2018-01-01,2015-01-01,2018-01-01,"hml,smb,mom",mkt,14,5,37,9,3,mom
2015-01-01_to_2018-01-01,2015-01-01,2018-01-01,"hml,smb,mom",mkt,14,5,37,9,4,mom
2015-01-01_to_2018-01-01,2015-01-01,2018-01-01,"hml,smb,mom",mkt,14,5,37,9,5,mom
2015-01-01_to_2018-01-01,2015-01-01,2018-01-01,"hml,smb,mom",mkt,14,5,37,9,6,hml
2015-01-01_to_2018-01-01,2015-01-01,2018-01-01,"hml,smb,mom",mkt,14,5,37,9,7,mom
2015-01-01_to_2018-01-01,2015-01-01,2018-01-01,"hml,smb,mom",mkt,14,5,37,9,8,smb
2015-01-01_to_2018-01-01,2015-01-01,2018-01-01,"hml,smb,mom",mkt,14,5,37,9,9,smb
2015-01-01_to_2018-01-01,2015-01-01,2018-01-01,"hml,smb,mom",mkt,14,5,38,9,1,mom
2015-01-01_to_2018-01-01,2015-01-01,2018-01-01,"hml,smb,mom",mkt,14,5,38,9,2,mom
2015-01-01_to_2018-01-01,2015-01-01,2018-01-01,"hml,smb,mom",mkt,14,5,38,9,3,mom
2015-01-01_to_2018-01-01,2015-01-01,2018-01-01,"hml,smb,mom",mkt,14,5,38,9,4,mom
2015-01-01_to_2018-01-01,2015-01-01,2018-01-01,"hml,smb,mom",mkt,14,5,38,9,5,mom
2015-01-01_to_2018-01-01,2015-01-01,2018-01-01,"hml,smb,mom",mkt,14,5,38,9,6,hml
2015-01-01_to_2018-01-01,2015-01-01,2018-01-01,"hml,smb,mom",mkt,14,5,38,9,7,mom
2015-01-01_to_2018-01-01,2015-01-01,2018-01-01,"hml,smb,mom",mkt,14,5,38,9,8,smb
2015-01-01_to_2018-01-01,2015-01-01,2018-01-01,"hml,smb,mom",mkt,14,5,38,9,9,smb
2015-01-01_to_2018-01-01,2015-01-01,2018-01-01,"hml,smb,mom",mkt,14,5,40,9,1,mom
2015-01-01_to_2018-01-01,2015-01-01,2018-01-01,"hml,smb,mom",mkt,14,5,40,9,2,mom
2015-01-01_to_2018-01-01,2015-01-01,2018-01-01,"hml,smb,mom",mkt,14,5,40,9,3,mom
2015-01-01_to_2018-01-01,2015-01-01,2018-01-01,"hml,smb,mom",mkt,14,5,40,9,4,mom
2015-01-01_to_2018-01-01,2015-01-01,2018-01-01,"hml,smb,mom",mkt,14,5,40,9,5,mom
2015-01-01_to_2018-01-01,2015-01-01,2018-01-01,"hml,smb,mom",mkt,14,5,40,9,6,hml
2015-01-01_to_2018-01-01,2015-01-01,2018-01-01,"hml,smb,mom",mkt,14,5,40,9,7,mom
2015-01-01_to_2018-01-01,2015-01-01,2018-01-01,"hml,smb,mom",mkt,14,5,40,9,8,smb
2015-01-01_to_2018-01-01,2015-01-01,2018-01-01,"hml,smb,mom",mkt,14,5,40,9,9,smb
2015-01-01_to_2018-01-01,2015-01-01,2018-01-01,"hml,smb,mom",mkt,14,5,41,9,1,mom
2015-01-01_to_2018-01-01,2015-01-01,2018-01-01,"hml,smb,mom",mkt,14,5,41,9,2,mom
2015-01-01_to_2018-01-01,2015-01-01,2018-01-01,"hml,smb,mom",mkt,14,5,41,9,3,mom
2015-01-01_to_2018-01-01,2015-01-01,2018-01-01,"hml,smb,mom",mkt,14,5,41,9,4,mom
2015-01-01_to_2018-01-01,2015-01-01,2018-01-01,"hml,smb,mom",mkt,14,5,41,9,5,mom
2015-01-01_to_2018-01-01,2015-01-01,2018-01-01,"hml,smb,mom",mkt,14,5,41,9,6,hml
2015-01-01_to_2018-01-01,2015-01-01,2018-01-01,"hml,smb,mom",mkt,14,5,41,9,7,mom
2015-01-01_to_2018-01-01,2015-01-01,2018-01-01,"hml,smb,mom",mkt,14,5,41,9,8,smb
2015-01-01_to_2018-01-01,2015-01-01,2018-01-01,"hml,smb,mom",mkt,14,5,41,9,9,smb
2015-01-01_to_2018-01-01,2015-01-01,2018-01-01,"hml,smb,mom",mkt,14,5,44,9,1,mom
2015-01-01_to_2018-01-01,2015-01-01,2018-01-01,"hml,smb,mom",mkt,14,5,44,9,2,mom
2015-01-01_to_2018-01-01,2015-01-01,2018-01-01,"hml,smb,mom",mkt,14,5,44,9,3,mom
2015-01-01_to_2018-01-01,2015-01-01,2018-01-01,"hml,smb,mom",mkt,14,5,44,9,4,mom
2015-01-01_to_2018-01-01,2015-01-01,2018-01-01,"hml,smb,mom",mkt,14,5,44,9,5,mom
2015-01-01_to_2018-01-01,2015-01-01,2018-01-01,"hml,smb,mom",mkt,14,5,44,9,6,hml
2015-01-01_to_2018-01-01,2015-01-01,2018-01-01,"hml,smb,mom",mkt,14,5,44,9,7,mom
2015-01-01_to_2018-01-01,2015-01-01,2018-01-01,"hml,smb,mom",mkt,14,5,44,9,8,smb
2015-01-01_to_2018-01-01,2015-01-01,2018-01-01,"hml,smb,mom",mkt,14,5,44,9,9,smb
2015-01-01_to_2018-01-01,2015-01-01,2018-01-01,"hml,smb,mom",mkt,14,5,47,11,1,mom
2015-01-01_to_2018-01-01,2015-01-01,2018-01-01,"hml,smb,mom",mkt,14,5,47,11,2,mom
2015-01-01_to_2018-01-01,2015-01-01,2018-01-01,"hml,smb,mom",mkt,14,5,47,11,3,mom
2015-01-01_to_2018-01-01,2015-01-01,2018-01-01,"hml,smb,mom",mkt,14,5,47,11,4,mom
2015-01-01_to_2018-01-01,2015-01-01,2018-01-01,"hml,smb,mom",mkt,14,5,47,11,5,mom
2015-01-01_to_2018-01-01,2015-01-01,2018-01-01,"hml,smb,mom",mkt,14,5,47,11,6,hml
2015-01-01_to_2018-01-01,2015-01-01,2018-01-01,"hml,smb,mom",mkt,14,5,47,11,7,mom
2015-01-01_to_2018-01-01,2015-01-01,2018-01-01,"hml,smb,mom",mkt,14,5,47,11,8,smb
2015-01-01_to_2018-01-01,2015-01-01,2018-01-01,"hml,smb,mom",mkt,14,5,47,11,9,smb
2015-01-01_to_2018-01-01,2015-01-01,2018-01-01,"hml,smb,mom",mkt,14,5,47,11,10,mom
2015-01-01_to_2018-01-01,2015-01-01,2018-01-01,"hml,smb,mom",mkt,14,5,47,11,11,smb
2015-01-01_to_2018-01-01,2015-01-01,2018-01-01,"hml,smb,mom",mkt,14,5,48,11,1,mom
2015-01-01_to_2018-01-01,2015-01-01,2018-01-01,"hml,smb,mom",mkt,14,5,48,11,2,mom
2015-01-01_to_2018-01-01,2015-01-01,2018-01-01,"hml,smb,mom",mkt,14,5,48,11,3,mom
2015-01-01_to_2018-01-01,2015-01-01,2018-01-01,"hml,smb,mom",mkt,14,5,48,11,4,mom
2015-01-01_to_2018-01-01,2015-01-01,2018-01-01,"hml,smb,mom",mkt,14,5,48,11,5,mom
2015-01-01_to_2018-01-01,2015-01-01,2018-01-01,"hml,smb,mom",mkt,14,5,48,11,6,hml
2015-01-01_to_2018-01-01,2015-01-01,2018-01-01,"hml,smb,mom",mkt,14,5,48,11,7,mom
2015-01-01_to_2018-01-01,2015-01-01,2018-01-01,"hml,smb,mom",mkt,14,5,48,11,8,smb
2015-01-01_to_2018-01-01,2015-01-01,2018-01-01,"hml,smb,mom",mkt,14,5,48,11,9,smb
2015-01-01_to_2018-01-01,2015-01-01,2018-01-01,"hml,smb,mom",mkt,14,5,48,11,10,mom
2015-01-01_to_2018-01-01,2015-01-01,2018-01-01,"hml,smb,mom",mkt,14,5,48,11,11,smb
2015-01-01_to_2018-01-01,2015-01-01,2018-01-01,"hml,smb,mom",mkt,14,5,49,10,1,mom
2015-01-01_to_2018-01-01,2015-01-01,2018-01-01,"hml,smb,mom",mkt,14,5,49,10,2,mom
2015-01-01_to_2018-01-01,2015-01-01,2018-01-01,"hml,smb,mom",mkt,14,5,49,10,3,mom
2015-01-01_to_2018-01-01,2015-01-01,2018-01-01,"hml,smb,mom",mkt,14,5,49,10,4,mom
2015-01-01_to_2018-01-01,2015-01-01,2018-01-01,"hml,smb,mom",mkt,14,5,49,10,5,mom
2015-01-01_to_2018-01-01,2015-01-01,2018-01-01,"hml,smb,mom",mkt,14,5,49,10,6,hml
2015-01-01_to_2018-01-01,2015-01-01,2018-01-01,"hml,smb,mom",mkt,14,5,49,10,7,mom
2015-01-01_to_2018-01-01,2015-01-01,2018-01-01,"hml,smb,mom",mkt,14,5,49,10,8,smb
2015-01-01_to_2018-01-01,2015-01-01,2018-01-01,"hml,smb,mom",mkt,14,5,49,10,9,smb
2015-01-01_to_2018-01-01,2015-01-01,2018-01-01,"hml,smb,mom",mkt,14,5,49,10,10,mom
2015-01-01_to_2018-01-01,2015-01-01,2018-01-01,"hml,smb,mom",mkt,14,5,52,10,1,mom
2015-01-01_to_2018-01-01,2015-01-01,2018-01-01,"hml,smb,mom",mkt,14,5,52,10,2,mom
2015-01-01_to_2018-01-01,2015-01-01,2018-01-01,"hml,smb,mom",mkt,14,5,52,10,3,mom
2015-01-01_to_2018-01-01,2015-01-01,2018-01-01,"hml,smb,mom",mkt,14,5,52,10,4,mom
2015-01-01_to_2018-01-01,2015-01-01,2018-01-01,"hml,smb,mom",mkt,14,5,52,10,5,mom
2015-01-01_to_2018-01-01,2015-01-01,2018-01-01,"hml,smb,mom",mkt,14,5,52,10,6,hml
2015-01-01_to_2018-01-01,2015-01-01,2018-01-01,"hml,smb,mom",mkt,14,5,52,10,7,mom
2015-01-01_to_2018-01-01,2015-01-01,2018-01-01,"hml,smb,mom",mkt,14,5,52,10,8,smb
2015-01-01_to_2018-01-01,2015-01-01,2018-01-01,"hml,smb,mom",mkt,14,5,52,10,9,smb
2015-01-01_to_2018-01-01,2015-01-01,2018-01-01,"hml,smb,mom",mkt,14,5,52,10,10,smb
2015-01-01_to_2018-01-01,2015-01-01,2018-01-01,"hml,smb,mom",mkt,14,5,53,10,1,mom
2015-01-01_to_2018-01-01,2015-01-01,2018-01-01,"hml,smb,mom",mkt,14,5,53,10,2,mom
2015-01-01_to_2018-01-01,2015-01-01,2018-01-01,"hml,smb,mom",mkt,14,5,53,10,3,mom
2015-01-01_to_2018-01-01,2015-01-01,2018-01-01,"hml,smb,mom",mkt,14,5,53,10,4,mom
2015-01-01_to_2018-01-01,2015-01-01,2018-01-01,"hml,smb,mom",mkt,14,5,53,10,5,mom
2015-01-01_to_2018-01-01,2015-01-01,2018-01-01,"hml,smb,mom",mkt,14,5,53,10,6,hml
2015-01-01_to_2018-01-01,2015-01-01,2018-01-01,"hml,smb,mom",mkt,14,5,53,10,7,mom
2015-01-01_to_2018-01-01,2015-01-01,2018-01-01,"hml,smb,mom",mkt,14,5,53,10,8,smb
2015-01-01_to_2018-01-01,2015-01-01,2018-01-01,"hml,smb,mom",mkt,14,5,53,10,9,smb
2015-01-01_to_2018-01-01,2015-01-01,2018-01-01,"hml,smb,mom",mkt,14,5,53,10,10,smb
2015-01-01_to_2018-01-01,2015-01-01,2018-01-01,"hml,smb,mom",mkt,14,5,54,9,1,mom
2015-01-01_to_2018-01-01,2015-01-01,2018-01-01,"hml,smb,mom",mkt,14,5,54,9,2,mom
2015-01-01_to_2018-01-01,2015-01-01,2018-01-01,"hml,smb,mom",mkt,14,5,54,9,3,mom
2015-01-01_to_2018-01-01,2015-01-01,2018-01-01,"hml,smb,mom",mkt,14,5,54,9,4,mom
2015-01-01_to_2018-01-01,2015-01-01,2018-01-01,"hml,smb,mom",mkt,14,5,54,9,5,mom
2015-01-01_to_2018-01-01,2015-01-01,2018-01-01,"hml,smb,mom",mkt,14,5,54,9,6,hml
2015-01-01_to_2018-01-01,2015-01-01,2018-01-01,"hml,smb,mom",mkt,14,5,54,9,7,mom
2015-01-01_to_2018-01-01,2015-01-01,2018-01-01,"hml,smb,mom",mkt,14,5,54,9,8,smb
2015-01-01_to_2018-01-01,2015-01-01,2018-01-01,"hml,smb,mom",mkt,14,5,54,9,9,smb
2015-01-01_to_2018-01-01,2015-01-01,2018-01-01,"hml,smb,mom",mkt,14,5,57,7,1,mom
2015-01-01_to_2018-01-01,2015-01-01,2018-01-01,"hml,smb,mom",mkt,14,5,57,7,2,mom
2015-01-01_to_2018-01-01,2015-01-01,2018-01-01,"hml,smb,mom",mkt,14,5,57,7,3,mom
2015-01-01_to_2018-01-01,2015-01-01,2018-01-01,"hml,smb,mom",mkt,14,5,57,7,4,mom
2015-01-01_to_2018-01-01,2015-01-01,2018-01-01,"hml,smb,mom",mkt,14,5,57,7,5,mom
2015-01-01_to_2018-01-01,2015-01-01,2018-01-01,"hml,smb,mom",mkt,14,5,57,7,6,smb
2015-01-01_to_2018-01-01,2015-01-01,2018-01-01,"hml,smb,mom",mkt,14,5,57,7,7,smb
2015-01-01_to_2018-01-01,2015-01-01,2018-01-01,"hml,smb,mom",mkt,14,5,59,8,1,mom
2015-01-01_to_2018-01-01,2015-01-01,2018-01-01,"hml,smb,mom",mkt,14,5,59,8,2,mom
2015-01-01_to_2018-01-01,2015-01-01,2018-01-01,"hml,smb,mom",mkt,14,5,59,8,3,mom
2015-01-01_to_2018-01-01,2015-01-01,2018-01-01,"hml,smb,mom",mkt,14,5,59,8,4,mom
2015-01-01_to_2018-01-01,2015-01-01,2018-01-01,"hml,smb,mom",mkt,14,5,59,8,5,mom
2015-01-01_to_2018-01-01,2015-01-01,2018-01-01,"hml,smb,mom",mkt,14,5,59,8,6,smb
2015-01-01_to_2018-01-01,2015-01-01,2018-01-01,"hml,smb,mom",mkt,14,5,59,8,7,smb
2015-01-01_to_2018-01-01,2015-01-01,2018-01-01,"hml,smb,mom",mkt,14,5,59,8,8,hml
2015-01-01_to_2018-01-01,2015-01-01,2018-01-01,"hml,smb,mom",mkt,14,5,60,8,1,mom
2015-01-01_to_2018-01-01,2015-01-01,2018-01-01,"hml,smb,mom",mkt,14,5,60,8,2,mom
2015-01-01_to_2018-01-01,2015-01-01,2018-01-01,"hml,smb,mom",mkt,14,5,60,8,3,mom
2015-01-01_to_2018-01-01,2015-01-01,2018-01-01,"hml,smb,mom",mkt,14,5,60,8,4,mom
2015-01-01_to_2018-01-01,2015-01-01,2018-01-01,"hml,smb,mom",mkt,14,5,60,8,5,mom
2015-01-01_to_2018-01-01,2015-01-01,2018-01-01,"hml,smb,mom",mkt,14,5,60,8,6,smb
2015-01-01_to_2018-01-01,2015-01-01,2018-01-01,"hml,smb,mom",mkt,14,5,60,8,7,smb
2015-01-01_to_2018-01-01,2015-01-01,2018-01-01,"hml,smb,mom",mkt,14,5,60,8,8,hml
2015-01-01_to_2018-01-01,2015-01-01,2018-01-01,"hml,smb,mom",mkt,14,5,63,8,1,mom
2015-01-01_to_2018-01-01,2015-01-01,2018-01-01,"hml,smb,mom",mkt,14,5,63,8,2,mom
2015-01-01_to_2018-01-01,2015-01-01,2018-01-01,"hml,smb,mom",mkt,14,5,63,8,3,mom
2015-01-01_to_2018-01-01,2015-01-01,2018-01-01,"hml,smb,mom",mkt,14,5,63,8,4,mom
2015-01-01_to_2018-01-01,2015-01-01,2018-01-01,"hml,smb,mom",mkt,14,5,63,8,5,mom
2015-01-01_to_2018-01-01,2015-01-01,2018-01-01,"hml,smb,mom",mkt,14,5,63,8,6,smb
2015-01-01_to_2018-01-01,2015-01-01,2018-01-01,"hml,smb,mom",mkt,14,5,63,8,7,hml
2015-01-01_to_2018-01-01,2015-01-01,2018-01-01,"hml,smb,mom",mkt,14,5,63,8,8,smb
2015-01-01_to_2018-01-01,2015-01-01,2018-01-01,"hml,smb,mom",mkt,14,5,64,8,1,mom
2015-01-01_to_2018-01-01,2015-01-01,2018-01-01,"hml,smb,mom",mkt,14,5,64,8,2,mom
2015-01-01_to_2018-01-01,2015-01-01,2018-01-01,"hml,smb,mom",mkt,14,5,64,8,3,mom
2015-01-01_to_2018-01-01,2015-01-01,2018-01-01,"hml,smb,mom",mkt,14,5,64,8,4,mom
2015-01-01_to_2018-01-01,2015-01-01,2018-01-01,"hml,smb,mom",mkt,14,5,64,8,5,mom
2015-01-01_to_2018-01-01,2015-01-01,2018-01-01,"hml,smb,mom",mkt,14,5,64,8,6,smb
2015-01-01_to_2018-01-01,2015-01-01,2018-01-01,"hml,smb,mom",mkt,14,5,64,8,7,hml
2015-01-01_to_2018-01-01,2015-01-01,2018-01-01,"hml,smb,mom",mkt,14,5,64,8,8,smb
2015-01-01_to_2018-01-01,2015-01-01,2018-01-01,"hml,smb,mom",mkt,14,5,68,10,1,mom
2015-01-01_to_2018-01-01,2015-01-01,2018-01-01,"hml,smb,mom",mkt,14,5,68,10,2,mom
2015-01-01_to_2018-01-01,2015-01-01,2018-01-01,"hml,smb,mom",mkt,14,5,68,10,3,mom
2015-01-01_to_2018-01-01,2015-01-01,2018-01-01,"hml,smb,mom",mkt,14,5,68,10,4,mom
2015-01-01_to_2018-01-01,2015-01-01,2018-01-01,"hml,smb,mom",mkt,14,5,68,10,5,mom
2015-01-01_to_2018-01-01,2015-01-01,2018-01-01,"hml,smb,mom",mkt,14,5,68,10,6,smb
2015-01-01_to_2018-01-01,2015-01-01,2018-01-01,"hml,smb,mom",mkt,14,5,68,10,7,hml
2015-01-01_to_2018-01-01,2015-01-01,2018-01-01,"hml,smb,mom",mkt,14,5,68,10,8,smb
2015-01-01_to_2018-01-01,2015-01-01,2018-01-01,"hml,smb,mom",mkt,14,5,68,10,9,hml
2015-01-01_to_2018-01-01,2015-01-01,2018-01-01,"hml,smb,mom",mkt,14,5,68,10,10,mom
2015-01-01_to_2018-01-01,2015-01-01,2018-01-01,"hml,smb,mom",mkt,14,5,69,10,1,mom
2015-01-01_to_2018-01-01,2015-01-01,2018-01-01,"hml,smb,mom",mkt,14,5,69,10,2,mom
2015-01-01_to_2018-01-01,2015-01-01,2018-01-01,"hml,smb,mom",mkt,14,5,69,10,3,mom
2015-01-01_to_2018-01-01,2015-01-01,2018-01-01,"hml,smb,mom",mkt,14,5,69,10,4,mom
2015-01-01_to_2018-01-01,2015-01-01,2018-01-01,"hml,smb,mom",mkt,14,5,69,10,5,mom
2015-01-01_to_2018-01-01,2015-01-01,2018-01-01,"hml,smb,mom",mkt,14,5,69,10,6,smb
2015-01-01_to_2018-01-01,2015-01-01,2018-01-01,"hml,smb,mom",mkt,14,5,69,10,7,hml
2015-01-01_to_2018-01-01,2015-01-01,2018-01-01,"hml,smb,mom",mkt,14,5,69,10,8,smb
2015-01-01_to_2018-01-01,2015-01-01,2018-01-01,"hml,smb,mom",mkt,14,5,69,10,9,hml
2015-01-01_to_2018-01-01,2015-01-01,2018-01-01,"hml,smb,mom",mkt,14,5,69,10,10,mom
2015-01-01_to_2018-01-01,2015-01-01,2018-01-01,"hml,smb,mom",mkt,14,5,70,9,1,mom
2015-01-01_to_2018-01-01,2015-01-01,2018-01-01,"hml,smb,mom",mkt,14,5,70,9,2,mom
2015-01-01_to_2018-01-01,2015-01-01,2018-01-01,"hml,smb,mom",mkt,14,5,70,9,3,mom
2015-01-01_to_2018-01-01,2015-01-01,2018-01-01,"hml,smb,mom",mkt,14,5,70,9,4,mom
2015-01-01_to_2018-01-01,2015-01-01,2018-01-01,"hml,smb,mom",mkt,14,5,70,9,5,mom
2015-01-01_to_2018-01-01,2015-01-01,2018-01-01,"hml,smb,mom",mkt,14,5,70,9,6,smb
2015-01-01_to_2018-01-01,2015-01-01,2018-01-01,"hml,smb,mom",mkt,14,5,70,9,7,hml
2015-01-01_to_2018-01-01,2015-01-01,2018-01-01,"hml,smb,mom",mkt,14,5,70,9,8,smb
2015-01-01_to_2018-01-01,2015-01-01,2018-01-01,"hml,smb,mom",mkt,14,5,70,9,9,hml
2015-01-01_to_2018-01-01,2015-01-01,2018-01-01,"hml,smb,mom",mkt,14,5,72,9,1,mom
2015-01-01_to_2018-01-01,2015-01-01,2018-01-01,"hml,smb,mom",mkt,14,5,72,9,2,mom
2015-01-01_to_2018-01-01,2015-01-01,2018-01-01,"hml,smb,mom",mkt,14,5,72,9,3,mom
2015-01-01_to_2018-01-01,2015-01-01,2018-01-01,"hml,smb,mom",mkt,14,5,72,9,4,mom
2015-01-01_to_2018-01-01,2015-01-01,2018-01-01,"hml,smb,mom",mkt,14,5,72,9,5,mom
2015-01-01_to_2018-01-01,2015-01-01,2018-01-01,"hml,smb,mom",mkt,14,5,72,9,6,smb
2015-01-01_to_2018-01-01,2015-01-01,2018-01-01,"hml,smb,mom",mkt,14,5,72,9,7,hml
2015-01-01_to_2018-01-01,2015-01-01,2018-01-01,"hml,smb,mom",mkt,14,5,72,9,8,smb
2015-01-01_to_2018-01-01,2015-01-01,2018-01-01,"hml,smb,mom",mkt,14,5,72,9,9,smb
2015-01-01_to_2018-01-01,2015-01-01,2018-01-01,"hml,smb,mom",mkt,14,5,76,12,1,mom
2015-01-01_to_2018-01-01,2015-01-01,2018-01-01,"hml,smb,mom",mkt,14,5,76,12,2,mom
2015-01-01_to_2018-01-01,2015-01-01,2018-01-01,"hml,smb,mom",mkt,14,5,76,12,3,mom
2015-01-01_to_2018-01-01,2015-01-01,2018-01-01,"hml,smb,mom",mkt,14,5,76,12,4,mom
2015-01-01_to_2018-01-01,2015-01-01,2018-01-01,"hml,smb,mom",mkt,14,5,76,12,5,mom
2015-01-01_to_2018-01-01,2015-01-01,2018-01-01,"hml,smb,mom",mkt,14,5,76,12,6,smb
2015-01-01_to_2018-01-01,2015-01-01,2018-01-01,"hml,smb,mom",mkt,14,5,76,12,7,hml
2015-01-01_to_2018-01-01,2015-01-01,2018-01-01,"hml,smb,mom",mkt,14,5,76,12,8,smb
2015-01-01_to_2018-01-01,2015-01-01,2018-01-01,"hml,smb,mom",mkt,14,5,76,12,9,smb
2015-01-01_to_2018-01-01,2015-01-01,2018-01-01,"hml,smb,mom",mkt,14,5,76,12,10,hml
2015-01-01_to_2018-01-01,2015-01-01,2018-01-01,"hml,smb,mom",mkt,14,5,76,12,11,hml
2015-01-01_to_2018-01-01,2015-01-01,2018-01-01,"hml,smb,mom",mkt,14,5,76,12,12,mom
2015-01-01_to_2018-01-01,2015-01-01,2018-01-01,"hml,smb,mom",mkt,14,5,77,12,1,mom
2015-01-01_to_2018-01-01,2015-01-01,2018-01-01,"hml,smb,mom",mkt,14,5,77,12,2,mom
2015-01-01_to_2018-01-01,2015-01-01,2018-01-01,"hml,smb,mom",mkt,14,5,77,12,3,mom
2015-01-01_to_2018-01-01,2015-01-01,2018-01-01,"hml,smb,mom",mkt,14,5,77,12,4,mom
2015-01-01_to_2018-01-01,2015-01-01,2018-01-01,"hml,smb,mom",mkt,14,5,77,12,5,mom
2015-01-01_to_2018-01-01,2015-01-01,2018-01-01,"hml,smb,mom",mkt,14,5,77,12,6,smb
2015-01-01_to_2018-01-01,2015-01-01,2018-01-01,"hml,smb,mom",mkt,14,5,77,12,7,hml
2015-01-01_to_2018-01-01,2015-01-01,2018-01-01,"hml,smb,mom",mkt,14,5,77,12,8,smb
2015-01-01_to_2018-01-01,2015-01-01,2018-01-01,"hml,smb,mom",mkt,14,5,77,12,9,smb
2015-01-01_to_2018-01-01,2015-01-01,2018-01-01,"hml,smb,mom",mkt,14,5,77,12,10,hml
2015-01-01_to_2018-01-01,2015-01-01,2018-01-01,"hml,smb,mom",mkt,14,5,77,12,11,hml
2015-01-01_to_2018-01-01,2015-01-01,2018-01-01,"hml,smb,mom",mkt,14,5,77,12,12,mom
2015-01-01_to_2018-01-01,2015-01-01,2018-01-01,"hml,smb,mom",mkt,14,5,78,11,1,mom
2015-01-01_to_2018-01-01,2015-01-01,2018-01-01,"hml,smb,mom",mkt,14,5,78,11,2,mom
2015-01-01_to_2018-01-01,2015-01-01,2018-01-01,"hml,smb,mom",mkt,14,5,78,11,3,mom
2015-01-01_to_2018-01-01,2015-01-01,2018-01-01,"hml,smb,mom",mkt,14,5,78,11,4,mom
2015-01-01_to_2018-01-01,2015-01-01,2018-01-01,"hml,smb,mom",mkt,14,5,78,11,5,mom
2015-01-01_to_2018-01-01,2015-01-01,2018-01-01,"hml,smb,mom",mkt,14,5,78,11,6,smb
2015-01-01_to_2018-01-01,2015-01-01,2018-01-01,"hml,smb,mom",mkt,14,5,78,11,7,hml
2015-01-01_to_2018-01-01,2015-01-01,2018-01-01,"hml,smb,mom",mkt,14,5,78,11,8,smb
2015-01-01_to_2018-01-01,2015-01-01,2018-01-01,"hml,smb,mom",mkt,14,5,78,11,9,smb
2015-01-01_to_2018-01-01,2015-01-01,2018-01-01,"hml,smb,mom",mkt,14,5,78,11,10,hml
2015-01-01_to_2018-01-01,2015-01-01,2018-01-01,"hml,smb,mom",mkt,14,5,78,11,11,hml
2015-01-01_to_2018-01-01,2015-01-01,2018-01-01,"hml,smb,mom",mkt,14,5,79,10,1,mom
2015-01-01_to_2018-01-01,2015-01-01,2018-01-01,"hml,smb,mom",mkt,14,5,79,10,2,mom
2015-01-01_to_2018-01-01,2015-01-01,2018-01-01,"hml,smb,mom",mkt,14,5,79,10,3,mom
2015-01-01_to_2018-01-01,2015-01-01,2018-01-01,"hml,smb,mom",mkt,14,5,79,10,4,mom
2015-01-01_to_2018-01-01,2015-01-01,2018-01-01,"hml,smb,mom",mkt,14,5,79,10,5,mom
2015-01-01_to_2018-01-01,2015-01-01,2018-01-01,"hml,smb,mom",mkt,14,5,79,10,6,smb
2015-01-01_to_2018-01-01,2015-01-01,2018-01-01,"hml,smb,mom",mkt,14,5,79,10,7,hml
2015-01-01_to_2018-01-01,2015-01-01,2018-01-01,"hml,smb,mom",mkt,14,5,79,10,8,smb
2015-01-01_to_2018-01-01,2015-01-01,2018-01-01,"hml,smb,mom",mkt,14,5,79,10,9,smb
2015-01-01_to_2018-01-01,2015-01-01,2018-01-01,"hml,smb,mom",mkt,14,5,79,10,10,hml
2015-01-01_to_2018-01-01,2015-01-01,2018-01-01,"hml,smb,mom",mkt,14,5,87,10,1,mom
2015-01-01_to_2018-01-01,2015-01-01,2018-01-01,"hml,smb,mom",mkt,14,5,87,10,2,mom
2015-01-01_to_2018-01-01,2015-01-01,2018-01-01,"hml,smb,mom",mkt,14,5,87,10,3,mom
2015-01-01_to_2018-01-01,2015-01-01,2018-01-01,"hml,smb,mom",mkt,14,5,87,10,4,mom
2015-01-01_to_2018-01-01,2015-01-01,2018-01-01,"hml,smb,mom",mkt,14,5,87,10,5,mom
2015-01-01_to_2018-01-01,2015-01-01,2018-01-01,"hml,smb,mom",mkt,14,5,87,10,6,mom
2015-01-01_to_2018-01-01,2015-01-01,2018-01-01,"hml,smb,mom",mkt,14,5,87,10,7,hml
2015-01-01_to_2018-01-01,2015-01-01,2018-01-01,"hml,smb,mom",mkt,14,5,87,10,8,hml
2015-01-01_to_2018-01-01,2015-01-01,2018-01-01,"hml,smb,mom",mkt,14,5,87,10,9,smb
2015-01-01_to_2018-01-01,2015-01-01,2018-01-01,"hml,smb,mom",mkt,14,5,87,10,10,hml
2015-01-01_to_2018-01-01,2015-01-01,2018-01-01,"hml,smb,mom",mkt,14,5,90,12,1,mom
2015-01-01_to_2018-01-01,2015-01-01,2018-01-01,"hml,smb,mom",mkt,14,5,90,12,2,mom
2015-01-01_to_2018-01-01,2015-01-01,2018-01-01,"hml,smb,mom",mkt,14,5,90,12,3,mom
2015-01-01_to_2018-01-01,2015-01-01,2018-01-01,"hml,smb,mom",mkt,14,5,90,12,4,mom
2015-01-01_to_2018-01-01,2015-01-01,2018-01-01,"hml,smb,mom",mkt,14,5,90,12,5,mom
2015-01-01_to_2018-01-01,2015-01-01,2018-01-01,"hml,smb,mom",mkt,14,5,90,12,6,mom
2015-01-01_to_2018-01-01,2015-01-01,2018-01-01,"hml,smb,mom",mkt,14,5,90,12,7,hml
2015-01-01_to_2018-01-01,2015-01-01,2018-01-01,"hml,smb,mom",mkt,14,5,90,12,8,hml
2015-01-01_to_2018-01-01,2015-01-01,2018-01-01,"hml,smb,mom",mkt,14,5,90,12,9,smb
2015-01-01_to_2018-01-01,2015-01-01,2018-01-01,"hml,smb,mom",mkt,14,5,90,12,10,hml
2015-01-01_to_2018-01-01,2015-01-01,2018-01-01,"hml,smb,mom",mkt,14,5,90,12,11,smb
2015-01-01_to_2018-01-01,2015-01-01,2018-01-01,"hml,smb,mom",mkt,14,5,90,12,12,hml
2015-01-01_to_2018-01-01,2015-01-01,2018-01-01,"hml,smb,mom",mkt,14,5,91,12,1,mom
2015-01-01_to_2018-01-01,2015-01-01,2018-01-01,"hml,smb,mom",mkt,14,5,91,12,2,mom
2015-01-01_to_2018-01-01,2015-01-01,2018-01-01,"hml,smb,mom",mkt,14,5,91,12,3,mom
2015-01-01_to_2018-01-01,2015-01-01,2018-01-01,"hml,smb,mom",mkt,14,5,91,12,4,mom
2015-01-01_to_2018-01-01,2015-01-01,2018-01-01,"hml,smb,mom",mkt,14,5,91,12,5,mom
2015-01-01_to_2018-01-01,2015-01-01,2018-01-01,"hml,smb,mom",mkt,14,5,91,12,6,mom
2015-01-01_to_2018-01-01,2015-01-01,2018-01-01,"hml,smb,mom",mkt,14,5,91,12,7,hml
2015-01-01_to_2018-01-01,2015-01-01,2018-01-01,"hml,smb,mom",mkt,14,5,91,12,8,hml
2015-01-01_to_2018-01-01,2015-01-01,2018-01-01,"hml,smb,mom",mkt,14,5,91,12,9,smb
2015-01-01_to_2018-01-01,2015-01-01,2018-01-01,"hml,smb,mom",mkt,14,5,91,12,10,hml
2015-01-01_to_2018-01-01,2015-01-01,2018-01-01,"hml,smb,mom",mkt,14,5,91,12,11,smb
2015-01-01_to_2018-01-01,2015-01-01,2018-01-01,"hml,smb,mom",mkt,14,5,91,12,12,hml
2015-01-01_to_2018-01-01,2015-01-01,2018-01-01,"hml,smb,mom",mkt,14,5,92,11,1,mom
2015-01-01_to_2018-01-01,2015-01-01,2018-01-01,"hml,smb,mom",mkt,14,5,92,11,2,mom
2015-01-01_to_2018-01-01,2015-01-01,2018-01-01,"hml,smb,mom",mkt,14,5,92,11,3,mom
2015-01-01_to_2018-01-01,2015-01-01,2018-01-01,"hml,smb,mom",mkt,14,5,92,11,4,mom
2015-01-01_to_2018-01-01,2015-01-01,2018-01-01,"hml,smb,mom",mkt,14,5,92,11,5,mom
2015-01-01_to_2018-01-01,2015-01-01,2018-01-01,"hml,smb,mom",mkt,14,5,92,11,6,mom
2015-01-01_to_2018-01-01,2015-01-01,2018-01-01,"hml,smb,mom",mkt,14,5,92,11,7,hml
2015-01-01_to_2018-01-01,2015-01-01,2018-01-01,"hml,smb,mom",mkt,14,5,92,11,8,hml
2015-01-01_to_2018-01-01,2015-01-01,2018-01-01,"hml,smb,mom",mkt,14,5,92,11,9,smb
2015-01-01_to_2018-01-01,2015-01-01,2018-01-01,"hml,smb,mom",mkt,14,5,92,11,10,hml
2015-01-01_to_2018-01-01,2015-01-01,2018-01-01,"hml,smb,mom",mkt,14,5,92,11,11,smb
2015-01-01_to_2018-01-01,2015-01-01,2018-01-01,"hml,smb,mom",mkt,14,5,93,9,1,mom
2015-01-01_to_2018-01-01,2015-01-01,2018-01-01,"hml,smb,mom",mkt,14,5,93,9,2,mom
2015-01-01_to_2018-01-01,2015-01-01,2018-01-01,"hml,smb,mom",mkt,14,5,93,9,3,mom
2015-01-01_to_2018-01-01,2015-01-01,2018-01-01,"hml,smb,mom",mkt,14,5,93,9,4,mom
2015-01-01_to_2018-01-01,2015-01-01,2018-01-01,"hml,smb,mom",mkt,14,5,93,9,5,mom
2015-01-01_to_2018-01-01,2015-01-01,2018-01-01,"hml,smb,mom",mkt,14,5,93,9,6,mom
2015-01-01_to_2018-01-01,2015-01-01,2018-01-01,"hml,smb,mom",mkt,14,5,93,9,7,hml
2015-01-01_to_2018-01-01,2015-01-01,2018-01-01,"hml,smb,mom",mkt,14,5,93,9,8,hml
2015-01-01_to_2018-01-01,2015-01-01,2018-01-01,"hml,smb,mom",mkt,14,5,93,9,9,smb
2015-01-01_to_2018-01-01,2015-01-01,2018-01-01,"hml,smb,mom",mkt,14,5,94,8,1,mom
2015-01-01_to_2018-01-01,2015-01-01,2018-01-01,"hml,smb,mom",mkt,14,5,94,8,2,mom
2015-01-01_to_2018-01-01,2015-01-01,2018-01-01,"hml,smb,mom",mkt,14,5,94,8,3,mom
2015-01-01_to_2018-01-01,2015-01-01,2018-01-01,"hml,smb,mom",mkt,14,5,94,8,4,mom
2015-01-01_to_2018-01-01,2015-01-01,2018-01-01,"hml,smb,mom",mkt,14,5,94,8,5,mom
2015-01-01_to_2018-01-01,2015-01-01,2018-01-01,"hml,smb,mom",mkt,14,5,94,8,6,mom
2015-01-01_to_2018-01-01,2015-01-01,2018-01-01,"hml,smb,mom",mkt,14,5,94,8,7,hml
2015-01-01_to_2018-01-01,2015-01-01,2018-01-01,"hml,smb,mom",mkt,14,5,94,8,8,hml
2015-01-01_to_2018-01-01,2015-01-01,2018-01-01,"hml,smb,mom",mkt,14,5,95,7,1,mom
2015-01-01_to_2018-01-01,2015-01-01,2018-01-01,"hml,smb,mom",mkt,14,5,95,7,2,mom
2015-01-01_to_2018-01-01,2015-01-01,2018-01-01,"hml,smb,mom",mkt,14,5,95,7,3,mom
2015-01-01_to_2018-01-01,2015-01-01,2018-01-01,"hml,smb,mom",mkt,14,5,95,7,4,mom
2015-01-01_to_2018-01-01,2015-01-01,2018-01-01,"hml,smb,mom",mkt,14,5,95,7,5,mom
2015-01-01_to_2018-01-01,2015-01-01,2018-01-01,"hml,smb,mom",mkt,14,5,95,7,6,mom
2015-01-01_to_2018-01-01,2015-01-01,2018-01-01,"hml,smb,mom",mkt,14,5,95,7,7,hml
2015-01-01_to_2018-01-01,2015-01-01,2018-01-01,"hml,smb,mom",mkt,14,5,97,7,1,mom
2015-01-01_to_2018-01-01,2015-01-01,2018-01-01,"hml,smb,mom",mkt,14,5,97,7,2,mom
2015-01-01_to_2018-01-01,2015-01-01,2018-01-01,"hml,smb,mom",mkt,14,5,97,7,3,mom
2015-01-01_to_2018-01-01,2015-01-01,2018-01-01,"hml,smb,mom",mkt,14,5,97,7,4,mom
2015-01-01_to_2018-01-01,2015-01-01,2018-01-01,"hml,smb,mom",mkt,14,5,97,7,5,mom
2015-01-01_to_2018-01-01,2015-01-01,2018-01-01,"hml,smb,mom",mkt,14,5,97,7,6,mom
2015-01-01_to_2018-01-01,2015-01-01,2018-01-01,"hml,smb,mom",mkt,14,5,97,7,7,smb
2015-01-01_to_2018-01-01,2015-01-01,2018-01-01,"hml,smb,mom",mkt,14,5,101,10,1,mom
2015-01-01_to_2018-01-01,2015-01-01,2018-01-01,"hml,smb,mom",mkt,14,5,101,10,2,mom
2015-01-01_to_2018-01-01,2015-01-01,2018-01-01,"hml,smb,mom",mkt,14,5,101,10,3,mom
2015-01-01_to_2018-01-01,2015-01-01,2018-01-01,"hml,smb,mom",mkt,14,5,101,10,4,mom
2015-01-01_to_2018-01-01,2015-01-01,2018-01-01,"hml,smb,mom",mkt,14,5,101,10,5,mom
2015-01-01_to_2018-01-01,2015-01-01,2018-01-01,"hml,smb,mom",mkt,14,5,101,10,6,mom
2015-01-01_to_2018-01-01,2015-01-01,2018-01-01,"hml,smb,mom",mkt,14,5,101,10,7,smb
2015-01-01_to_2018-01-01,2015-01-01,2018-01-01,"hml,smb,mom",mkt,14,5,101,10,8,smb
2015-01-01_to_2018-01-01,2015-01-01,2018-01-01,"hml,smb,mom",mkt,14,5,101,10,9,hml
2015-01-01_to_2018-01-01,2015-01-01,2018-01-01,"hml,smb,mom",mkt,14,5,101,10,10,smb
2015-01-01_to_2018-01-01,2015-01-01,2018-01-01,"hml,smb,mom",mkt,14,5,103,11,1,mom
2015-01-01_to_2018-01-01,2015-01-01,2018-01-01,"hml,smb,mom",mkt,14,5,103,11,2,mom
2015-01-01_to_2018-01-01,2015-01-01,2018-01-01,"hml,smb,mom",mkt,14,5,103,11,3,mom
2015-01-01_to_2018-01-01,2015-01-01,2018-01-01,"hml,smb,mom",mkt,14,5,103,11,4,mom
2015-01-01_to_2018-01-01,2015-01-01,2018-01-01,"hml,smb,mom",mkt,14,5,103,11,5,mom
2015-01-01_to_2018-01-01,2015-01-01,2018-01-01,"hml,smb,mom",mkt,14,5,103,11,6,mom
2015-01-01_to_2018-01-01,2015-01-01,2018-01-01,"hml,smb,mom",mkt,14,5,103,11,7,smb
2015-01-01_to_2018-01-01,2015-01-01,2018-01-01,"hml,smb,mom",mkt,14,5,103,11,8,smb
2015-01-01_to_2018-01-01,2015-01-01,2018-01-01,"hml,smb,mom",mkt,14,5,103,11,9,hml
2015-01-01_to_2018-01-01,2015-01-01,2018-01-01,"hml,smb,mom",mkt,14,5,103,11,10,smb
2015-01-01_to_2018-01-01,2015-01-01,2018-01-01,"hml,smb,mom",mkt,14,5,103,11,11,hml
2015-01-01_to_2018-01-01,2015-01-01,2018-01-01,"hml,smb,mom",mkt,14,5,107,14,1,mom
2015-01-01_to_2018-01-01,2015-01-01,2018-01-01,"hml,smb,mom",mkt,14,5,107,14,2,mom
2015-01-01_to_2018-01-01,2015-01-01,2018-01-01,"hml,smb,mom",mkt,14,5,107,14,3,mom
2015-01-01_to_2018-01-01,2015-01-01,2018-01-01,"hml,smb,mom",mkt,14,5,107,14,4,mom
2015-01-01_to_2018-01-01,2015-01-01,2018-01-01,"hml,smb,mom",mkt,14,5,107,14,5,mom
2015-01-01_to_2018-01-01,2015-01-01,2018-01-01,"hml,smb,mom",mkt,14,5,107,14,6,mom
2015-01-01_to_2018-01-01,2015-01-01,2018-01-01,"hml,smb,mom",mkt,14,5,107,14,7,smb
2015-01-01_to_2018-01-01,2015-01-01,2018-01-01,"hml,smb,mom",mkt,14,5,107,14,8,smb
2015-01-01_to_2018-01-01,2015-01-01,2018-01-01,"hml,smb,mom",mkt,14,5,107,14,9,hml
2015-01-01_to_2018-01-01,2015-01-01,2018-01-01,"hml,smb,mom",mkt,14,5,107,14,10,smb
2015-01-01_to_2018-01-01,2015-01-01,2018-01-01,"hml,smb,mom",mkt,14,5,107,14,11,hml
2015-01-01_to_2018-01-01,2015-01-01,2018-01-01,"hml,smb,mom",mkt,14,5,107,14,12,hml
2015-01-01_to_2018-01-01,2015-01-01,2018-01-01,"hml,smb,mom",mkt,14,5,107,14,13,hml
2015-01-01_to_2018-01-01,2015-01-01,2018-01-01,"hml,smb,mom",mkt,14,5,107,14,14,smb
2015-01-01_to_2018-01-01,2015-01-01,2018-01-01,"hml,smb,mom",mkt,14,5,108,14,1,mom
2015-01-01_to_2018-01-01,2015-01-01,2018-01-01,"hml,smb,mom",mkt,14,5,108,14,2,mom
2015-01-01_to_2018-01-01,2015-01-01,2018-01-01,"hml,smb,mom",mkt,14,5,108,14,3,mom
2015-01-01_to_2018-01-01,2015-01-01,2018-01-01,"hml,smb,mom",mkt,14,5,108,14,4,mom
2015-01-01_to_2018-01-01,2015-01-01,2018-01-01,"hml,smb,mom",mkt,14,5,108,14,5,mom
2015-01-01_to_2018-01-01,2015-01-01,2018-01-01,"hml,smb,mom",mkt,14,5,108,14,6,mom
2015-01-01_to_2018-01-01,2015-01-01,2018-01-01,"hml,smb,mom",mkt,14,5,108,14,7,smb
2015-01-01_to_2018-01-01,2015-01-01,2018-01-01,"hml,smb,mom",mkt,14,5,108,14,8,smb
2015-01-01_to_2018-01-01,2015-01-01,2018-01-01,"hml,smb,mom",mkt,14,5,108,14,9,hml
2015-01-01_to_2018-01-01,2015-01-01,2018-01-01,"hml,smb,mom",mkt,14,5,108,14,10,smb
2015-01-01_to_2018-01-01,2015-01-01,2018-01-01,"hml,smb,mom",mkt,14,5,108,14,11,hml
2015-01-01_to_2018-01-01,2015-01-01,2018-01-01,"hml,smb,mom",mkt,14,5,108,14,12,hml
2015-01-01_to_2018-01-01,2015-01-01,2018-01-01,"hml,smb,mom",mkt,14,5,108,14,13,hml
2015-01-01_to_2018-01-01,2015-01-01,2018-01-01,"hml,smb,mom",mkt,14,5,108,14,14,smb
2015-01-01_to_2018-01-01,2015-01-01,2018-01-01,"hml,smb,mom",mkt,14,5,109,13,1,mom
2015-01-01_to_2018-01-01,2015-01-01,2018-01-01,"hml,smb,mom",mkt,14,5,109,13,2,mom
2015-01-01_to_2018-01-01,2015-01-01,2018-01-01,"hml,smb,mom",mkt,14,5,109,13,3,mom
2015-01-01_to_2018-01-01,2015-01-01,2018-01-01,"hml,smb,mom",mkt,14,5,109,13,4,mom
2015-01-01_to_2018-01-01,2015-01-01,2018-01-01,"hml,smb,mom",mkt,14,5,109,13,5,mom
2015-01-01_to_2018-01-01,2015-01-01,2018-01-01,"hml,smb,mom",mkt,14,5,109,13,6,mom
2015-01-01_to_2018-01-01,2015-01-01,2018-01-01,"hml,smb,mom",mkt,14,5,109,13,7,smb
2015-01-01_to_2018-01-01,2015-01-01,2018-01-01,"hml,smb,mom",mkt,14,5,109,13,8,smb
2015-01-01_to_2018-01-01,2015-01-01,2018-01-01,"hml,smb,mom",mkt,14,5,109,13,9,hml
2015-01-01_to_2018-01-01,2015-01-01,2018-01-01,"hml,smb,mom",mkt,14,5,109,13,10,smb
2015-01-01_to_2018-01-01,2015-01-01,2018-01-01,"hml,smb,mom",mkt,14,5,109,13,11,hml
2015-01-01_to_2018-01-01,2015-01-01,2018-01-01,"hml,smb,mom",mkt,14,5,109,13,12,hml
2015-01-01_to_2018-01-01,2015-01-01,2018-01-01,"hml,smb,mom",mkt,14,5,109,13,13,hml
2015-01-01_to_2018-01-01,2015-01-01,2018-01-01,"hml,smb,mom",mkt,14,5,112,14,1,mom
2015-01-01_to_2018-01-01,2015-01-01,2018-01-01,"hml,smb,mom",mkt,14,5,112,14,2,mom
2015-01-01_to_2018-01-01,2015-01-01,2018-01-01,"hml,smb,mom",mkt,14,5,112,14,3,mom
2015-01-01_to_2018-01-01,2015-01-01,2018-01-01,"hml,smb,mom",mkt,14,5,112,14,4,mom
2015-01-01_to_2018-01-01,2015-01-01,2018-01-01,"hml,smb,mom",mkt,14,5,112,14,5,mom
2015-01-01_to_2018-01-01,2015-01-01,2018-01-01,"hml,smb,mom",mkt,14,5,112,14,6,mom
2015-01-01_to_2018-01-01,2015-01-01,2018-01-01,"hml,smb,mom",mkt,14,5,112,14,7,smb
2015-01-01_to_2018-01-01,2015-01-01,2018-01-01,"hml,smb,mom",mkt,14,5,112,14,8,smb
2015-01-01_to_2018-01-01,2015-01-01,2018-01-01,"hml,smb,mom",mkt,14,5,112,14,9,hml
2015-01-01_to_2018-01-01,2015-01-01,2018-01-01,"hml,smb,mom",mkt,14,5,112,14,10,smb
2015-01-01_to_2018-01-01,2015-01-01,2018-01-01,"hml,smb,mom",mkt,14,5,112,14,11,hml
2015-01-01_to_2018-01-01,2015-01-01,2018-01-01,"hml,smb,mom",mkt,14,5,112,14,12,hml
2015-01-01_to_2018-01-01,2015-01-01,2018-01-01,"hml,smb,mom",mkt,14,5,112,14,13,mom
2015-01-01_to_2018-01-01,2015-01-01,2018-01-01,"hml,smb,mom",mkt,14,5,112,14,14,smb
2015-01-01_to_2018-01-01,2015-01-01,2018-01-01,"hml,smb,mom",mkt,14,5,113,14,1,mom
2015-01-01_to_2018-01-01,2015-01-01,2018-01-01,"hml,smb,mom",mkt,14,5,113,14,2,mom
2015-01-01_to_2018-01-01,2015-01-01,2018-01-01,"hml,smb,mom",mkt,14,5,113,14,3,mom
2015-01-01_to_2018-01-01,2015-01-01,2018-01-01,"hml,smb,mom",mkt,14,5,113,14,4,mom
2015-01-01_to_2018-01-01,2015-01-01,2018-01-01,"hml,smb,mom",mkt,14,5,113,14,5,mom
2015-01-01_to_2018-01-01,2015-01-01,2018-01-01,"hml,smb,mom",mkt,14,5,113,14,6,mom
2015-01-01_to_2018-01-01,2015-01-01,2018-01-01,"hml,smb,mom",mkt,14,5,113,14,7,smb
2015-01-01_to_2018-01-01,2015-01-01,2018-01-01,"hml,smb,mom",mkt,14,5,113,14,8,smb
2015-01-01_to_2018-01-01,2015-01-01,2018-01-01,"hml,smb,mom",mkt,14,5,113,14,9,hml
2015-01-01_to_2018-01-01,2015-01-01,2018-01-01,"hml,smb,mom",mkt,14,5,113,14,10,smb
2015-01-01_to_2018-01-01,2015-01-01,2018-01-01,"hml,smb,mom",mkt,14,5,113,14,11,hml
2015-01-01_to_2018-01-01,2015-01-01,2018-01-01,"hml,smb,mom",mkt,14,5,113,14,12,hml
2015-01-01_to_2018-01-01,2015-01-01,2018-01-01,"hml,smb,mom",mkt,14,5,113,14,13,mom
2015-01-01_to_2018-01-01,2015-01-01,2018-01-01,"hml,smb,mom",mkt,14,5,113,14,14,smb
2015-01-01_to_2018-01-01,2015-01-01,2018-01-01,"hml,smb,mom",mkt,14,5,115,14,1,mom
2015-01-01_to_2018-01-01,2015-01-01,2018-01-01,"hml,smb,mom",mkt,14,5,115,14,2,mom
2015-01-01_to_2018-01-01,2015-01-01,2018-01-01,"hml,smb,mom",mkt,14,5,115,14,3,mom
2015-01-01_to_2018-01-01,2015-01-01,2018-01-01,"hml,smb,mom",mkt,14,5,115,14,4,mom
2015-01-01_to_2018-01-01,2015-01-01,2018-01-01,"hml,smb,mom",mkt,14,5,115,14,5,mom
2015-01-01_to_2018-01-01,2015-01-01,2018-01-01,"hml,smb,mom",mkt,14,5,115,14,6,mom
2015-01-01_to_2018-01-01,2015-01-01,2018-01-01,"hml,smb,mom",mkt,14,5,115,14,7,smb
2015-01-01_to_2018-01-01,2015-01-01,2018-01-01,"hml,smb,mom",mkt,14,5,115,14,8,smb
2015-01-01_to_2018-01-01,2015-01-01,2018-01-01,"hml,smb,mom",mkt,14,5,115,14,9,hml
2015-01-01_to_2018-01-01,2015-01-01,2018-01-01,"hml,smb,mom",mkt,14,5,115,14,10,smb
2015-01-01_to_2018-01-01,2015-01-01,2018-01-01,"hml,smb,mom",mkt,14,5,115,14,11,hml
2015-01-01_to_2018-01-01,2015-01-01,2018-01-01,"hml,smb,mom",mkt,14,5,115,14,12,hml
2015-01-01_to_2018-01-01,2015-01-01,2018-01-01,"hml,smb,mom",mkt,14,5,115,14,13,mom
2015-01-01_to_2018-01-01,2015-01-01,2018-01-01,"hml,smb,mom",mkt,14,5,115,14,14,smb
2015-01-01_to_2018-01-01,2015-01-01,2018-01-01,"hml,smb,mom",mkt,14,5,116,14,1,mom
2015-01-01_to_2018-01-01,2015-01-01,2018-01-01,"hml,smb,mom",mkt,14,5,116,14,2,mom
2015-01-01_to_2018-01-01,2015-01-01,2018-01-01,"hml,smb,mom",mkt,14,5,116,14,3,mom
2015-01-01_to_2018-01-01,2015-01-01,2018-01-01,"hml,smb,mom",mkt,14,5,116,14,4,mom
2015-01-01_to_2018-01-01,2015-01-01,2018-01-01,"hml,smb,mom",mkt,14,5,116,14,5,mom
2015-01-01_to_2018-01-01,2015-01-01,2018-01-01,"hml,smb,mom",mkt,14,5,116,14,6,mom
2015-01-01_to_2018-01-01,2015-01-01,2018-01-01,"hml,smb,mom",mkt,14,5,116,14,7,smb
2015-01-01_to_2018-01-01,2015-01-01,2018-01-01,"hml,smb,mom",mkt,14,5,116,14,8,smb
2015-01-01_to_2018-01-01,2015-01-01,2018-01-01,"hml,smb,mom",mkt,14,5,116,14,9,hml
2015-01-01_to_2018-01-01,2015-01-01,2018-01-01,"hml,smb,mom",mkt,14,5,116,14,10,smb
2015-01-01_to_2018-01-01,2015-01-01,2018-01-01,"hml,smb,mom",mkt,14,5,116,14,11,hml
2015-01-01_to_2018-01-01,2015-01-01,2018-01-01,"hml,smb,mom",mkt,14,5,116,14,12,hml
2015-01-01_to_2018-01-01,2015-01-01,2018-01-01,"hml,smb,mom",mkt,14,5,116,14,13,mom
2015-01-01_to_2018-01-01,2015-01-01,2018-01-01,"hml,smb,mom",mkt,14,5,116,14,14,smb
2015-01-01_to_2018-01-01,2015-01-01,2018-01-01,"hml,smb,mom",mkt,14,5,119,11,1,mom
2015-01-01_to_2018-01-01,2015-01-01,2018-01-01,"hml,smb,mom",mkt,14,5,119,11,2,mom
2015-01-01_to_2018-01-01,2015-01-01,2018-01-01,"hml,smb,mom",mkt,14,5,119,11,3,mom
2015-01-01_to_2018-01-01,2015-01-01,2018-01-01,"hml,smb,mom",mkt,14,5,119,11,4,mom
2015-01-01_to_2018-01-01,2015-01-01,2018-01-01,"hml,smb,mom",mkt,14,5,119,11,5,mom
2015-01-01_to_2018-01-01,2015-01-01,2018-01-01,"hml,smb,mom",mkt,14,5,119,11,6,mom
2015-01-01_to_2018-01-01,2015-01-01,2018-01-01,"hml,smb,mom",mkt,14,5,119,11,7,smb
2015-01-01_to_2018-01-01,2015-01-01,2018-01-01,"hml,smb,mom",mkt,14,5,119,11,8,smb
2015-01-01_to_2018-01-01,2015-01-01,2018-01-01,"hml,smb,mom",mkt,14,5,119,11,9,hml
2015-01-01_to_2018-01-01,2015-01-01,2018-01-01,"hml,smb,mom",mkt,14,5,119,11,10,mom
2015-01-01_to_2018-01-01,2015-01-01,2018-01-01,"hml,smb,mom",mkt,14,5,119,11,11,smb
2015-01-01_to_2018-01-01,2015-01-01,2018-01-01,"hml,smb,mom",mkt,14,5,120,11,1,mom
2015-01-01_to_2018-01-01,2015-01-01,2018-01-01,"hml,smb,mom",mkt,14,5,120,11,2,mom
2015-01-01_to_2018-01-01,2015-01-01,2018-01-01,"hml,smb,mom",mkt,14,5,120,11,3,mom
2015-01-01_to_2018-01-01,2015-01-01,2018-01-01,"hml,smb,mom",mkt,14,5,120,11,4,mom
2015-01-01_to_2018-01-01,2015-01-01,2018-01-01,"hml,smb,mom",mkt,14,5,120,11,5,mom
2015-01-01_to_2018-01-01,2015-01-01,2018-01-01,"hml,smb,mom",mkt,14,5,120,11,6,mom
2015-01-01_to_2018-01-01,2015-01-01,2018-01-01,"hml,smb,mom",mkt,14,5,120,11,7,smb
2015-01-01_to_2018-01-01,2015-01-01,2018-01-01,"hml,smb,mom",mkt,14,5,120,11,8,smb
2015-01-01_to_2018-01-01,2015-01-01,2018-01-01,"hml,smb,mom",mkt,14,5,120,11,9,hml
2015-01-01_to_2018-01-01,2015-01-01,2018-01-01,"hml,smb,mom",mkt,14,5,120,11,10,mom
2015-01-01_to_2018-01-01,2015-01-01,2018-01-01,"hml,smb,mom",mkt,14,5,120,11,11,smb
2015-01-01_to_2018-01-01,2015-01-01,2018-01-01,"hml,smb,mom",mkt,14,5,122,11,1,mom
2015-01-01_to_2018-01-01,2015-01-01,2018-01-01,"hml,smb,mom",mkt,14,5,122,11,2,mom
2015-01-01_to_2018-01-01,2015-01-01,2018-01-01,"hml,smb,mom",mkt,14,5,122,11,3,mom
2015-01-01_to_2018-01-01,2015-01-01,2018-01-01,"hml,smb,mom",mkt,14,5,122,11,4,mom
2015-01-01_to_2018-01-01,2015-01-01,2018-01-01,"hml,smb,mom",mkt,14,5,122,11,5,mom
2015-01-01_to_2018-01-01,2015-01-01,2018-01-01,"hml,smb,mom",mkt,14,5,122,11,6,mom
2015-01-01_to_2018-01-01,2015-01-01,2018-01-01,"hml,smb,mom",mkt,14,5,122,11,7,smb
2015-01-01_to_2018-01-01,2015-01-01,2018-01-01,"hml,smb,mom",mkt,14,5,122,11,8,smb
2015-01-01_to_2018-01-01,2015-01-01,2018-01-01,"hml,smb,mom",mkt,14,5,122,11,9,hml
2015-01-01_to_2018-01-01,2015-01-01,2018-01-01,"hml,smb,mom",mkt,14,5,122,11,10,mom
2015-01-01_to_2018-01-01,2015-01-01,2018-01-01,"hml,smb,mom",mkt,14,5,122,11,11,mom
2015-01-01_to_2018-01-01,2015-01-01,2018-01-01,"hml,smb,mom",mkt,14,5,124,12,1,mom
2015-01-01_to_2018-01-01,2015-01-01,2018-01-01,"hml,smb,mom",mkt,14,5,124,12,2,mom
2015-01-01_to_2018-01-01,2015-01-01,2018-01-01,"hml,smb,mom",mkt,14,5,124,12,3,mom
2015-01-01_to_2018-01-01,2015-01-01,2018-01-01,"hml,smb,mom",mkt,14,5,124,12,4,mom
2015-01-01_to_2018-01-01,2015-01-01,2018-01-01,"hml,smb,mom",mkt,14,5,124,12,5,mom
2015-01-01_to_2018-01-01,2015-01-01,2018-01-01,"hml,smb,mom",mkt,14,5,124,12,6,mom
2015-01-01_to_2018-01-01,2015-01-01,2018-01-01,"hml,smb,mom",mkt,14,5,124,12,7,smb
2015-01-01_to_2018-01-01,2015-01-01,2018-01-01,"hml,smb,mom",mkt,14,5,124,12,8,smb
2015-01-01_to_2018-01-01,2015-01-01,2018-01-01,"hml,smb,mom",mkt,14,5,124,12,9,hml
2015-01-01_to_2018-01-01,2015-01-01,2018-01-01,"hml,smb,mom",mkt,14,5,124,12,10,mom
2015-01-01_to_2018-01-01,2015-01-01,2018-01-01,"hml,smb,mom",mkt,14,5,124,12,11,mom
2015-01-01_to_2018-01-01,2015-01-01,2018-01-01,"hml,smb,mom",mkt,14,5,124,12,12,smb
2015-01-01_to_2018-01-01,2015-01-01,2018-01-01,"hml,smb,mom",mkt,14,5,125,12,1,mom
2015-01-01_to_2018-01-01,2015-01-01,2018-01-01,"hml,smb,mom",mkt,14,5,125,12,2,mom
2015-01-01_to_2018-01-01,2015-01-01,2018-01-01,"hml,smb,mom",mkt,14,5,125,12,3,mom
2015-01-01_to_2018-01-01,2015-01-01,2018-01-01,"hml,smb,mom",mkt,14,5,125,12,4,mom
2015-01-01_to_2018-01-01,2015-01-01,2018-01-01,"hml,smb,mom",mkt,14,5,125,12,5,mom
2015-01-01_to_2018-01-01,2015-01-01,2018-01-01,"hml,smb,mom",mkt,14,5,125,12,6,mom
2015-01-01_to_2018-01-01,2015-01-01,2018-01-01,"hml,smb,mom",mkt,14,5,125,12,7,smb
2015-01-01_to_2018-01-01,2015-01-01,2018-01-01,"hml,smb,mom",mkt,14,5,125,12,8,smb
2015-01-01_to_2018-01-01,2015-01-01,2018-01-01,"hml,smb,mom",mkt,14,5,125,12,9,hml
2015-01-01_to_2018-01-01,2015-01-01,2018-01-01,"hml,smb,mom",mkt,14,5,125,12,10,mom
2015-01-01_to_2018-01-01,2015-01-01,2018-01-01,"hml,smb,mom",mkt,14,5,125,12,11,mom
2015-01-01_to_2018-01-01,2015-01-01,2018-01-01,"hml,smb,mom",mkt,14,5,125,12,12,smb
2015-01-01_to_2018-01-01,2015-01-01,2018-01-01,"hml,smb,mom",mkt,14,5,126,8,1,mom
2015-01-01_to_2018-01-01,2015-01-01,2018-01-01,"hml,smb,mom",mkt,14,5,126,8,2,mom
2015-01-01_to_2018-01-01,2015-01-01,2018-01-01,"hml,smb,mom",mkt,14,5,126,8,3,mom
2015-01-01_to_2018-01-01,2015-01-01,2018-01-01,"hml,smb,mom",mkt,14,5,126,8,4,mom
2015-01-01_to_2018-01-01,2015-01-01,2018-01-01,"hml,smb,mom",mkt,14,5,126,8,5,mom
2015-01-01_to_2018-01-01,2015-01-01,2018-01-01,"hml,smb,mom",mkt,14,5,126,8,6,mom
2015-01-01_to_2018-01-01,2015-01-01,2018-01-01,"hml,smb,mom",mkt,14,5,126,8,7,smb
2015-01-01_to_2018-01-01,2015-01-01,2018-01-01,"hml,smb,mom",mkt,14,5,126,8,8,smb
2015-01-01_to_2018-01-01,2015-01-01,2018-01-01,"hml,smb,mom",mkt,14,5,132,10,1,mom
2015-01-01_to_2018-01-01,2015-01-01,2018-01-01,"hml,smb,mom",mkt,14,5,132,10,2,mom
2015-01-01_to_2018-01-01,2015-01-01,2018-01-01,"hml,smb,mom",mkt,14,5,132,10,3,mom
2015-01-01_to_2018-01-01,2015-01-01,2018-01-01,"hml,smb,mom",mkt,14,5,132,10,4,mom
2015-01-01_to_2018-01-01,2015-01-01,2018-01-01,"hml,smb,mom",mkt,14,5,132,10,5,mom
2015-01-01_to_2018-01-01,2015-01-01,2018-01-01,"hml,smb,mom",mkt,14,5,132,10,6,smb
2015-01-01_to_2018-01-01,2015-01-01,2018-01-01,"hml,smb,mom",mkt,14,5,132,10,7,mom
2015-01-01_to_2018-01-01,2015-01-01,2018-01-01,"hml,smb,mom",mkt,14,5,132,10,8,hml
2015-01-01_to_2018-01-01,2015-01-01,2018-01-01,"hml,smb,mom",mkt,14,5,132,10,9,mom
2015-01-01_to_2018-01-01,2015-01-01,2018-01-01,"hml,smb,mom",mkt,14,5,132,10,10,smb
2015-01-01_to_2018-01-01,2015-01-01,2018-01-01,"hml,smb,mom",mkt,14,5,133,10,1,mom
2015-01-01_to_2018-01-01,2015-01-01,2018-01-01,"hml,smb,mom",mkt,14,5,133,10,2,mom
2015-01-01_to_2018-01-01,2015-01-01,2018-01-01,"hml,smb,mom",mkt,14,5,133,10,3,mom
2015-01-01_to_2018-01-01,2015-01-01,2018-01-01,"hml,smb,mom",mkt,14,5,133,10,4,mom
2015-01-01_to_2018-01-01,2015-01-01,2018-01-01,"hml,smb,mom",mkt,14,5,133,10,5,mom
2015-01-01_to_2018-01-01,2015-01-01,2018-01-01,"hml,smb,mom",mkt,14,5,133,10,6,smb
2015-01-01_to_2018-01-01,2015-01-01,2018-01-01,"hml,smb,mom",mkt,14,5,133,10,7,mom
2015-01-01_to_2018-01-01,2015-01-01,2018-01-01,"hml,smb,mom",mkt,14,5,133,10,8,hml
2015-01-01_to_2018-01-01,2015-01-01,2018-01-01,"hml,smb,mom",mkt,14,5,133,10,9,mom
2015-01-01_to_2018-01-01,2015-01-01,2018-01-01,"hml,smb,mom",mkt,14,5,133,10,10,smb
2015-01-01_to_2018-01-01,2015-01-01,2018-01-01,"hml,smb,mom",mkt,14,5,134,9,1,mom
2015-01-01_to_2018-01-01,2015-01-01,2018-01-01,"hml,smb,mom",mkt,14,5,134,9,2,mom
2015-01-01_to_2018-01-01,2015-01-01,2018-01-01,"hml,smb,mom",mkt,14,5,134,9,3,mom
2015-01-01_to_2018-01-01,2015-01-01,2018-01-01,"hml,smb,mom",mkt,14,5,134,9,4,mom
2015-01-01_to_2018-01-01,2015-01-01,2018-01-01,"hml,smb,mom",mkt,14,5,134,9,5,mom
2015-01-01_to_2018-01-01,2015-01-01,2018-01-01,"hml,smb,mom",mkt,14,5,134,9,6,smb
2015-01-01_to_2018-01-01,2015-01-01,2018-01-01,"hml,smb,mom",mkt,14,5,134,9,7,mom
2015-01-01_to_2018-01-01,2015-01-01,2018-01-01,"hml,smb,mom",mkt,14,5,134,9,8,hml
2015-01-01_to_2018-01-01,2015-01-01,2018-01-01,"hml,smb,mom",mkt,14,5,134,9,9,mom
2015-01-01_to_2018-01-01,2015-01-01,2018-01-01,"hml,smb,mom",mkt,14,5,137,10,1,mom
2015-01-01_to_2018-01-01,2015-01-01,2018-01-01,"hml,smb,mom",mkt,14,5,137,10,2,mom
2015-01-01_to_2018-01-01,2015-01-01,2018-01-01,"hml,smb,mom",mkt,14,5,137,10,3,mom
2015-01-01_to_2018-01-01,2015-01-01,2018-01-01,"hml,smb,mom",mkt,14,5,137,10,4,mom
2015-01-01_to_2018-01-01,2015-01-01,2018-01-01,"hml,smb,mom",mkt,14,5,137,10,5,mom
2015-01-01_to_2018-01-01,2015-01-01,2018-01-01,"hml,smb,mom",mkt,14,5,137,10,6,smb
2015-01-01_to_2018-01-01,2015-01-01,2018-01-01,"hml,smb,mom",mkt,14,5,137,10,7,mom
2015-01-01_to_2018-01-01,2015-01-01,2018-01-01,"hml,smb,mom",mkt,14,5,137,10,8,hml
2015-01-01_to_2018-01-01,2015-01-01,2018-01-01,"hml,smb,mom",mkt,14,5,137,10,9,smb
2015-01-01_to_2018-01-01,2015-01-01,2018-01-01,"hml,smb,mom",mkt,14,5,137,10,10,hml
2015-01-01_to_2018-01-01,2015-01-01,2018-01-01,"hml,smb,mom",mkt,14,5,138,10,1,mom
2015-01-01_to_2018-01-01,2015-01-01,2018-01-01,"hml,smb,mom",mkt,14,5,138,10,2,mom
2015-01-01_to_2018-01-01,2015-01-01,2018-01-01,"hml,smb,mom",mkt,14,5,138,10,3,mom
2015-01-01_to_2018-01-01,2015-01-01,2018-01-01,"hml,smb,mom",mkt,14,5,138,10,4,mom
2015-01-01_to_2018-01-01,2015-01-01,2018-01-01,"hml,smb,mom",mkt,14,5,138,10,5,mom
2015-01-01_to_2018-01-01,2015-01-01,2018-01-01,"hml,smb,mom",mkt,14,5,138,10,6,smb
2015-01-01_to_2018-01-01,2015-01-01,2018-01-01,"hml,smb,mom",mkt,14,5,138,10,7,mom
2015-01-01_to_2018-01-01,2015-01-01,2018-01-01,"hml,smb,mom",mkt,14,5,138,10,8,hml
2015-01-01_to_2018-01-01,2015-01-01,2018-01-01,"hml,smb,mom",mkt,14,5,138,10,9,smb
2015-01-01_to_2018-01-01,2015-01-01,2018-01-01,"hml,smb,mom",mkt,14,5,138,10,10,hml
2015-01-01_to_2018-01-01,2015-01-01,2018-01-01,"hml,smb,mom",mkt,14,5,139,9,1,mom
2015-01-01_to_2018-01-01,2015-01-01,2018-01-01,"hml,smb,mom",mkt,14,5,139,9,2,mom
2015-01-01_to_2018-01-01,2015-01-01,2018-01-01,"hml,smb,mom",mkt,14,5,139,9,3,mom
2015-01-01_to_2018-01-01,2015-01-01,2018-01-01,"hml,smb,mom",mkt,14,5,139,9,4,mom
2015-01-01_to_2018-01-01,2015-01-01,2018-01-01,"hml,smb,mom",mkt,14,5,139,9,5,mom
2015-01-01_to_2018-01-01,2015-01-01,2018-01-01,"hml,smb,mom",mkt,14,5,139,9,6,smb
2015-01-01_to_2018-01-01,2015-01-01,2018-01-01,"hml,smb,mom",mkt,14,5,139,9,7,mom
2015-01-01_to_2018-01-01,2015-01-01,2018-01-01,"hml,smb,mom",mkt,14,5,139,9,8,hml
2015-01-01_to_2018-01-01,2015-01-01,2018-01-01,"hml,smb,mom",mkt,14,5,139,9,9,smb
2015-01-01_to_2018-01-01,2015-01-01,2018-01-01,"hml,smb,mom",mkt,14,5,141,8,1,mom
2015-01-01_to_2018-01-01,2015-01-01,2018-01-01,"hml,smb,mom",mkt,14,5,141,8,2,mom
2015-01-01_to_2018-01-01,2015-01-01,2018-01-01,"hml,smb,mom",mkt,14,5,141,8,3,mom
2015-01-01_to_2018-01-01,2015-01-01,2018-01-01,"hml,smb,mom",mkt,14,5,141,8,4,mom
2015-01-01_to_2018-01-01,2015-01-01,2018-01-01,"hml,smb,mom",mkt,14,5,141,8,5,mom
2015-01-01_to_2018-01-01,2015-01-01,2018-01-01,"hml,smb,mom",mkt,14,5,141,8,6,smb
2015-01-01_to_2018-01-01,2015-01-01,2018-01-01,"hml,smb,mom",mkt,14,5,141,8,7,mom
2015-01-01_to_2018-01-01,2015-01-01,2018-01-01,"hml,smb,mom",mkt,14,5,141,8,8,hml
2015-01-01_to_2018-01-01,2015-01-01,2018-01-01,"hml,smb,mom",mkt,14,5,142,8,1,mom
2015-01-01_to_2018-01-01,2015-01-01,2018-01-01,"hml,smb,mom",mkt,14,5,142,8,2,mom
2015-01-01_to_2018-01-01,2015-01-01,2018-01-01,"hml,smb,mom",mkt,14,5,142,8,3,mom
2015-01-01_to_2018-01-01,2015-01-01,2018-01-01,"hml,smb,mom",mkt,14,5,142,8,4,mom
2015-01-01_to_2018-01-01,2015-01-01,2018-01-01,"hml,smb,mom",mkt,14,5,142,8,5,mom
2015-01-01_to_2018-01-01,2015-01-01,2018-01-01,"hml,smb,mom",mkt,14,5,142,8,6,smb
2015-01-01_to_2018-01-01,2015-01-01,2018-01-01,"hml,smb,mom",mkt,14,5,142,8,7,mom
2015-01-01_to_2018-01-01,2015-01-01,2018-01-01,"hml,smb,mom",mkt,14,5,142,8,8,hml
2015-01-01_to_2018-01-01,2015-01-01,2018-01-01,"hml,smb,mom",mkt,14,5,144,7,1,mom
2015-01-01_to_2018-01-01,2015-01-01,2018-01-01,"hml,smb,mom",mkt,14,5,144,7,2,mom
2015-01-01_to_2018-01-01,2015-01-01,2018-01-01,"hml,smb,mom",mkt,14,5,144,7,3,mom
2015-01-01_to_2018-01-01,2015-01-01,2018-01-01,"hml,smb,mom",mkt,14,5,144,7,4,mom
2015-01-01_to_2018-01-01,2015-01-01,2018-01-01,"hml,smb,mom",mkt,14,5,144,7,5,mom
2015-01-01_to_2018-01-01,2015-01-01,2018-01-01,"hml,smb,mom",mkt,14,5,144,7,6,smb
2015-01-01_to_2018-01-01,2015-01-01,2018-01-01,"hml,smb,mom",mkt,14,5,144,7,7,smb
2015-01-01_to_2018-01-01,2015-01-01,2018-01-01,"hml,smb,mom",mkt,14,5,149,11,1,mom
2015-01-01_to_2018-01-01,2015-01-01,2018-01-01,"hml,smb,mom",mkt,14,5,149,11,2,mom
2015-01-01_to_2018-01-01,2015-01-01,2018-01-01,"hml,smb,mom",mkt,14,5,149,11,3,mom
2015-01-01_to_2018-01-01,2015-01-01,2018-01-01,"hml,smb,mom",mkt,14,5,149,11,4,mom
2015-01-01_to_2018-01-01,2015-01-01,2018-01-01,"hml,smb,mom",mkt,14,5,149,11,5,mom
2015-01-01_to_2018-01-01,2015-01-01,2018-01-01,"hml,smb,mom",mkt,14,5,149,11,6,smb
2015-01-01_to_2018-01-01,2015-01-01,2018-01-01,"hml,smb,mom",mkt,14,5,149,11,7,smb
2015-01-01_to_2018-01-01,2015-01-01,2018-01-01,"hml,smb,mom",mkt,14,5,149,11,8,mom
2015-01-01_to_2018-01-01,2015-01-01,2018-01-01,"hml,smb,mom",mkt,14,5,149,11,9,hml
2015-01-01_to_2018-01-01,2015-01-01,2018-01-01,"hml,smb,mom",mkt,14,5,149,11,10,hml
2015-01-01_to_2018-01-01,2015-01-01,2018-01-01,"hml,smb,mom",mkt,14,5,149,11,11,mom
2015-01-01_to_2018-01-01,2015-01-01,2018-01-01,"hml,smb,mom",mkt,14,5,150,11,1,mom
2015-01-01_to_2018-01-01,2015-01-01,2018-01-01,"hml,smb,mom",mkt,14,5,150,11,2,mom
2015-01-01_to_2018-01-01,2015-01-01,2018-01-01,"hml,smb,mom",mkt,14,5,150,11,3,mom
2015-01-01_to_2018-01-01,2015-01-01,2018-01-01,"hml,smb,mom",mkt,14,5,150,11,4,mom
2015-01-01_to_2018-01-01,2015-01-01,2018-01-01,"hml,smb,mom",mkt,14,5,150,11,5,mom
2015-01-01_to_2018-01-01,2015-01-01,2018-01-01,"hml,smb,mom",mkt,14,5,150,11,6,smb
2015-01-01_to_2018-01-01,2015-01-01,2018-01-01,"hml,smb,mom",mkt,14,5,150,11,7,smb
2015-01-01_to_2018-01-01,2015-01-01,2018-01-01,"hml,smb,mom",mkt,14,5,150,11,8,mom
2015-01-01_to_2018-01-01,2015-01-01,2018-01-01,"hml,smb,mom",mkt,14,5,150,11,9,hml
2015-01-01_to_2018-01-01,2015-01-01,2018-01-01,"hml,smb,mom",mkt,14,5,150,11,10,hml
2015-01-01_to_2018-01-01,2015-01-01,2018-01-01,"hml,smb,mom",mkt,14,5,150,11,11,mom
2015-01-01_to_2018-01-01,2015-01-01,2018-01-01,"hml,smb,mom",mkt,14,5,152,11,1,mom
2015-01-01_to_2018-01-01,2015-01-01,2018-01-01,"hml,smb,mom",mkt,14,5,152,11,2,mom
2015-01-01_to_2018-01-01,2015-01-01,2018-01-01,"hml,smb,mom",mkt,14,5,152,11,3,mom
2015-01-01_to_2018-01-01,2015-01-01,2018-01-01,"hml,smb,mom",mkt,14,5,152,11,4,mom
2015-01-01_to_2018-01-01,2015-01-01,2018-01-01,"hml,smb,mom",mkt,14,5,152,11,5,mom
2015-01-01_to_2018-01-01,2015-01-01,2018-01-01,"hml,smb,mom",mkt,14,5,152,11,6,smb
2015-01-01_to_2018-01-01,2015-01-01,2018-01-01,"hml,smb,mom",mkt,14,5,152,11,7,smb
2015-01-01_to_2018-01-01,2015-01-01,2018-01-01,"hml,smb,mom",mkt,14,5,152,11,8,mom
2015-01-01_to_2018-01-01,2015-01-01,2018-01-01,"hml,smb,mom",mkt,14,5,152,11,9,hml
2015-01-01_to_2018-01-01,2015-01-01,2018-01-01,"hml,smb,mom",mkt,14,5,152,11,10,hml
2015-01-01_to_2018-01-01,2015-01-01,2018-01-01,"hml,smb,mom",mkt,14,5,152,11,11,smb
2015-01-01_to_2018-01-01,2015-01-01,2018-01-01,"hml,smb,mom",mkt,14,5,153,11,1,mom
2015-01-01_to_2018-01-01,2015-01-01,2018-01-01,"hml,smb,mom",mkt,14,5,153,11,2,mom
2015-01-01_to_2018-01-01,2015-01-01,2018-01-01,"hml,smb,mom",mkt,14,5,153,11,3,mom
2015-01-01_to_2018-01-01,2015-01-01,2018-01-01,"hml,smb,mom",mkt,14,5,153,11,4,mom
2015-01-01_to_2018-01-01,2015-01-01,2018-01-01,"hml,smb,mom",mkt,14,5,153,11,5,mom
2015-01-01_to_2018-01-01,2015-01-01,2018-01-01,"hml,smb,mom",mkt,14,5,153,11,6,smb
2015-01-01_to_2018-01-01,2015-01-01,2018-01-01,"hml,smb,mom",mkt,14,5,153,11,7,smb
2015-01-01_to_2018-01-01,2015-01-01,2018-01-01,"hml,smb,mom",mkt,14,5,153,11,8,mom
2015-01-01_to_2018-01-01,2015-01-01,2018-01-01,"hml,smb,mom",mkt,14,5,153,11,9,hml
2015-01-01_to_2018-01-01,2015-01-01,2018-01-01,"hml,smb,mom",mkt,14,5,153,11,10,hml
2015-01-01_to_2018-01-01,2015-01-01,2018-01-01,"hml,smb,mom",mkt,14,5,153,11,11,smb
2015-01-01_to_2018-01-01,2015-01-01,2018-01-01,"hml,smb,mom",mkt,14,5,155,10,1,mom
2015-01-01_to_2018-01-01,2015-01-01,2018-01-01,"hml,smb,mom",mkt,14,5,155,10,2,mom
2015-01-01_to_2018-01-01,2015-01-01,2018-01-01,"hml,smb,mom",mkt,14,5,155,10,3,mom
2015-01-01_to_2018-01-01,2015-01-01,2018-01-01,"hml,smb,mom",mkt,14,5,155,10,4,mom
2015-01-01_to_2018-01-01,2015-01-01,2018-01-01,"hml,smb,mom",mkt,14,5,155,10,5,mom
2015-01-01_to_2018-01-01,2015-01-01,2018-01-01,"hml,smb,mom",mkt,14,5,155,10,6,smb
2015-01-01_to_2018-01-01,2015-01-01,2018-01-01,"hml,smb,mom",mkt,14,5,155,10,7,smb
2015-01-01_to_2018-01-01,2015-01-01,2018-01-01,"hml,smb,mom",mkt,14,5,155,10,8,mom
2015-01-01_to_2018-01-01,2015-01-01,2018-01-01,"hml,smb,mom",mkt,14,5,155,10,9,hml
2015-01-01_to_2018-01-01,2015-01-01,2018-01-01,"hml,smb,mom",mkt,14,5,155,10,10,smb
2015-01-01_to_2018-01-01,2015-01-01,2018-01-01,"hml,smb,mom",mkt,14,5,157,11,1,mom
2015-01-01_to_2018-01-01,2015-01-01,2018-01-01,"hml,smb,mom",mkt,14,5,157,11,2,mom
2015-01-01_to_2018-01-01,2015-01-01,2018-01-01,"hml,smb,mom",mkt,14,5,157,11,3,mom
2015-01-01_to_2018-01-01,2015-01-01,2018-01-01,"hml,smb,mom",mkt,14,5,157,11,4,mom
2015-01-01_to_2018-01-01,2015-01-01,2018-01-01,"hml,smb,mom",mkt,14,5,157,11,5,mom
2015-01-01_to_2018-01-01,2015-01-01,2018-01-01,"hml,smb,mom",mkt,14,5,157,11,6,smb
2015-01-01_to_2018-01-01,2015-01-01,2018-01-01,"hml,smb,mom",mkt,14,5,157,11,7,smb
2015-01-01_to_2018-01-01,2015-01-01,2018-01-01,"hml,smb,mom",mkt,14,5,157,11,8,mom
2015-01-01_to_2018-01-01,2015-01-01,2018-01-01,"hml,smb,mom",mkt,14,5,157,11,9,hml
2015-01-01_to_2018-01-01,2015-01-01,2018-01-01,"hml,smb,mom",mkt,14,5,157,11,10,smb
2015-01-01_to_2018-01-01,2015-01-01,2018-01-01,"hml,smb,mom",mkt,14,5,157,11,11,mom
2015-01-01_to_2018-01-01,2015-01-01,2018-01-01,"hml,smb,mom",mkt,14,5,158,11,1,mom
2015-01-01_to_2018-01-01,2015-01-01,2018-01-01,"hml,smb,mom",mkt,14,5,158,11,2,mom
2015-01-01_to_2018-01-01,2015-01-01,2018-01-01,"hml,smb,mom",mkt,14,5,158,11,3,mom
2015-01-01_to_2018-01-01,2015-01-01,2018-01-01,"hml,smb,mom",mkt,14,5,158,11,4,mom
2015-01-01_to_2018-01-01,2015-01-01,2018-01-01,"hml,smb,mom",mkt,14,5,158,11,5,mom
2015-01-01_to_2018-01-01,2015-01-01,2018-01-01,"hml,smb,mom",mkt,14,5,158,11,6,smb
2015-01-01_to_2018-01-01,2015-01-01,2018-01-01,"hml,smb,mom",mkt,14,5,158,11,7,smb
2015-01-01_to_2018-01-01,2015-01-01,2018-01-01,"hml,smb,mom",mkt,14,5,158,11,8,mom
2015-01-01_to_2018-01-01,2015-01-01,2018-01-01,"hml,smb,mom",mkt,14,5,158,11,9,hml
2015-01-01_to_2018-01-01,2015-01-01,2018-01-01,"hml,smb,mom",mkt,14,5,158,11,10,smb
2015-01-01_to_2018-01-01,2015-01-01,2018-01-01,"hml,smb,mom",mkt,14,5,158,11,11,mom
2015-01-01_to_2018-01-01,2015-01-01,2018-01-01,"hml,smb,mom",mkt,14,5,160,9,1,mom
2015-01-01_to_2018-01-01,2015-01-01,2018-01-01,"hml,smb,mom",mkt,14,5,160,9,2,mom
2015-01-01_to_2018-01-01,2015-01-01,2018-01-01,"hml,smb,mom",mkt,14,5,160,9,3,mom
2015-01-01_to_2018-01-01,2015-01-01,2018-01-01,"hml,smb,mom",mkt,14,5,160,9,4,mom
2015-01-01_to_2018-01-01,2015-01-01,2018-01-01,"hml,smb,mom",mkt,14,5,160,9,5,mom
2015-01-01_to_2018-01-01,2015-01-01,2018-01-01,"hml,smb,mom",mkt,14,5,160,9,6,smb
2015-01-01_to_2018-01-01,2015-01-01,2018-01-01,"hml,smb,mom",mkt,14,5,160,9,7,smb
2015-01-01_to_2018-01-01,2015-01-01,2018-01-01,"hml,smb,mom",mkt,14,5,160,9,8,mom
2015-01-01_to_2018-01-01,2015-01-01,2018-01-01,"hml,smb,mom",mkt,14,5,160,9,9,mom
2015-01-01_to_2018-01-01,2015-01-01,2018-01-01,"hml,smb,mom",mkt,14,5,161,9,1,mom
2015-01-01_to_2018-01-01,2015-01-01,2018-01-01,"hml,smb,mom",mkt,14,5,161,9,2,mom
2015-01-01_to_2018-01-01,2015-01-01,2018-01-01,"hml,smb,mom",mkt,14,5,161,9,3,mom
2015-01-01_to_2018-01-01,2015-01-01,2018-01-01,"hml,smb,mom",mkt,14,5,161,9,4,mom
2015-01-01_to_2018-01-01,2015-01-01,2018-01-01,"hml,smb,mom",mkt,14,5,161,9,5,mom
2015-01-01_to_2018-01-01,2015-01-01,2018-01-01,"hml,smb,mom",mkt,14,5,161,9,6,smb
2015-01-01_to_2018-01-01,2015-01-01,2018-01-01,"hml,smb,mom",mkt,14,5,161,9,7,smb
2015-01-01_to_2018-01-01,2015-01-01,2018-01-01,"hml,smb,mom",mkt,14,5,161,9,8,mom
2015-01-01_to_2018-01-01,2015-01-01,2018-01-01,"hml,smb,mom",mkt,14,5,161,9,9,mom
2015-01-01_to_2018-01-01,2015-01-01,2018-01-01,"hml,smb,mom",mkt,14,5,166,8,1,mom
2015-01-01_to_2018-01-01,2015-01-01,2018-01-01,"hml,smb,mom",mkt,14,5,166,8,2,mom
2015-01-01_to_2018-01-01,2015-01-01,2018-01-01,"hml,smb,mom",mkt,14,5,166,8,3,mom
2015-01-01_to_2018-01-01,2015-01-01,2018-01-01,"hml,smb,mom",mkt,14,5,166,8,4,mom
2015-01-01_to_2018-01-01,2015-01-01,2018-01-01,"hml,smb,mom",mkt,14,5,166,8,5,mom
2015-01-01_to_2018-01-01,2015-01-01,2018-01-01,"hml,smb,mom",mkt,14,5,166,8,6,mom
2015-01-01_to_2018-01-01,2015-01-01,2018-01-01,"hml,smb,mom",mkt,14,5,166,8,7,hml
2015-01-01_to_2018-01-01,2015-01-01,2018-01-01,"hml,smb,mom",mkt,14,5,166,8,8,mom
2015-01-01_to_2018-01-01,2015-01-01,2018-01-01,"hml,smb,mom",mkt,14,5,167,8,1,mom
2015-01-01_to_2018-01-01,2015-01-01,2018-01-01,"hml,smb,mom",mkt,14,5,167,8,2,mom
2015-01-01_to_2018-01-01,2015-01-01,2018-01-01,"hml,smb,mom",mkt,14,5,167,8,3,mom
2015-01-01_to_2018-01-01,2015-01-01,2018-01-01,"hml,smb,mom",mkt,14,5,167,8,4,mom
2015-01-01_to_2018-01-01,2015-01-01,2018-01-01,"hml,smb,mom",mkt,14,5,167,8,5,mom
2015-01-01_to_2018-01-01,2015-01-01,2018-01-01,"hml,smb,mom",mkt,14,5,167,8,6,mom
2015-01-01_to_2018-01-01,2015-01-01,2018-01-01,"hml,smb,mom",mkt,14,5,167,8,7,hml
2015-01-01_to_2018-01-01,2015-01-01,2018-01-01,"hml,smb,mom",mkt,14,5,167,8,8,mom
2015-01-01_to_2018-01-01,2015-01-01,2018-01-01,"hml,smb,mom",mkt,14,5,170,9,1,mom
2015-01-01_to_2018-01-01,2015-01-01,2018-01-01,"hml,smb,mom",mkt,14,5,170,9,2,mom
2015-01-01_to_2018-01-01,2015-01-01,2018-01-01,"hml,smb,mom",mkt,14,5,170,9,3,mom
2015-01-01_to_2018-01-01,2015-01-01,2018-01-01,"hml,smb,mom",mkt,14,5,170,9,4,mom
2015-01-01_to_2018-01-01,2015-01-01,2018-01-01,"hml,smb,mom",mkt,14,5,170,9,5,mom
2015-01-01_to_2018-01-01,2015-01-01,2018-01-01,"hml,smb,mom",mkt,14,5,170,9,6,mom
2015-01-01_to_2018-01-01,2015-01-01,2018-01-01,"hml,smb,mom",mkt,14,5,170,9,7,hml
2015-01-01_to_2018-01-01,2015-01-01,2018-01-01,"hml,smb,mom",mkt,14,5,170,9,8,smb
2015-01-01_to_2018-01-01,2015-01-01,2018-01-01,"hml,smb,mom",mkt,14,5,170,9,9,hml
2015-01-01_to_2018-01-01,2015-01-01,2018-01-01,"hml,smb,mom",mkt,14,5,173,11,1,mom
2015-01-01_to_2018-01-01,2015-01-01,2018-01-01,"hml,smb,mom",mkt,14,5,173,11,2,mom
2015-01-01_to_2018-01-01,2015-01-01,2018-01-01,"hml,smb,mom",mkt,14,5,173,11,3,mom
2015-01-01_to_2018-01-01,2015-01-01,2018-01-01,"hml,smb,mom",mkt,14,5,173,11,4,mom
2015-01-01_to_2018-01-01,2015-01-01,2018-01-01,"hml,smb,mom",mkt,14,5,173,11,5,mom
2015-01-01_to_2018-01-01,2015-01-01,2018-01-01,"hml,smb,mom",mkt,14,5,173,11,6,mom
2015-01-01_to_2018-01-01,2015-01-01,2018-01-01,"hml,smb,mom",mkt,14,5,173,11,7,hml
2015-01-01_to_2018-01-01,2015-01-01,2018-01-01,"hml,smb,mom",mkt,14,5,173,11,8,smb
2015-01-01_to_2018-01-01,2015-01-01,2018-01-01,"hml,smb,mom",mkt,14,5,173,11,9,hml
2015-01-01_to_2018-01-01,2015-01-01,2018-01-01,"hml,smb,mom",mkt,14,5,173,11,10,smb
2015-01-01_to_2018-01-01,2015-01-01,2018-01-01,"hml,smb,mom",mkt,14,5,173,11,11,hml
2015-01-01_to_2018-01-01,2015-01-01,2018-01-01,"hml,smb,mom",mkt,14,5,174,11,1,mom
2015-01-01_to_2018-01-01,2015-01-01,2018-01-01,"hml,smb,mom",mkt,14,5,174,11,2,mom
2015-01-01_to_2018-01-01,2015-01-01,2018-01-01,"hml,smb,mom",mkt,14,5,174,11,3,mom
2015-01-01_to_2018-01-01,2015-01-01,2018-01-01,"hml,smb,mom",mkt,14,5,174,11,4,mom
2015-01-01_to_2018-01-01,2015-01-01,2018-01-01,"hml,smb,mom",mkt,14,5,174,11,5,mom
2015-01-01_to_2018-01-01,2015-01-01,2018-01-01,"hml,smb,mom",mkt,14,5,174,11,6,mom
2015-01-01_to_2018-01-01,2015-01-01,2018-01-01,"hml,smb,mom",mkt,14,5,174,11,7,hml
2015-01-01_to_2018-01-01,2015-01-01,2018-01-01,"hml,smb,mom",mkt,14,5,174,11,8,smb
2015-01-01_to_2018-01-01,2015-01-01,2018-01-01,"hml,smb,mom",mkt,14,5,174,11,9,hml
2015-01-01_to_2018-01-01,2015-01-01,2018-01-01,"hml,smb,mom",mkt,14,5,174,11,10,smb
2015-01-01_to_2018-01-01,2015-01-01,2018-01-01,"hml,smb,mom",mkt,14,5,174,11,11,hml
2015-01-01_to_2018-01-01,2015-01-01,2018-01-01,"hml,smb,mom",mkt,14,5,175,10,1,mom
2015-01-01_to_2018-01-01,2015-01-01,2018-01-01,"hml,smb,mom",mkt,14,5,175,10,2,mom
2015-01-01_to_2018-01-01,2015-01-01,2018-01-01,"hml,smb,mom",mkt,14,5,175,10,3,mom
2015-01-01_to_2018-01-01,2015-01-01,2018-01-01,"hml,smb,mom",mkt,14,5,175,10,4,mom
2015-01-01_to_2018-01-01,2015-01-01,2018-01-01,"hml,smb,mom",mkt,14,5,175,10,5,mom
2015-01-01_to_2018-01-01,2015-01-01,2018-01-01,"hml,smb,mom",mkt,14,5,175,10,6,mom
2015-01-01_to_2018-01-01,2015-01-01,2018-01-01,"hml,smb,mom",mkt,14,5,175,10,7,hml
2015-01-01_to_2018-01-01,2015-01-01,2018-01-01,"hml,smb,mom",mkt,14,5,175,10,8,smb
2015-01-01_to_2018-01-01,2015-01-01,2018-01-01,"hml,smb,mom",mkt,14,5,175,10,9,hml
2015-01-01_to_2018-01-01,2015-01-01,2018-01-01,"hml,smb,mom",mkt,14,5,175,10,10,smb
2015-01-01_to_2018-01-01,2015-01-01,2018-01-01,"hml,smb,mom",mkt,14,5,177,9,1,mom
2015-01-01_to_2018-01-01,2015-01-01,2018-01-01,"hml,smb,mom",mkt,14,5,177,9,2,mom
2015-01-01_to_2018-01-01,2015-01-01,2018-01-01,"hml,smb,mom",mkt,14,5,177,9,3,mom
2015-01-01_to_2018-01-01,2015-01-01,2018-01-01,"hml,smb,mom",mkt,14,5,177,9,4,mom
2015-01-01_to_2018-01-01,2015-01-01,2018-01-01,"hml,smb,mom",mkt,14,5,177,9,5,mom
2015-01-01_to_2018-01-01,2015-01-01,2018-01-01,"hml,smb,mom",mkt,14,5,177,9,6,mom
2015-01-01_to_2018-01-01,2015-01-01,2018-01-01,"hml,smb,mom",mkt,14,5,177,9,7,hml
2015-01-01_to_2018-01-01,2015-01-01,2018-01-01,"hml,smb,mom",mkt,14,5,177,9,8,smb
2015-01-01_to_2018-01-01,2015-01-01,2018-01-01,"hml,smb,mom",mkt,14,5,177,9,9,hml
2015-01-01_to_2018-01-01,2015-01-01,2018-01-01,"hml,smb,mom",mkt,14,5,181,12,1,mom
2015-01-01_to_2018-01-01,2015-01-01,2018-01-01,"hml,smb,mom",mkt,14,5,181,12,2,mom
2015-01-01_to_2018-01-01,2015-01-01,2018-01-01,"hml,smb,mom",mkt,14,5,181,12,3,mom
2015-01-01_to_2018-01-01,2015-01-01,2018-01-01,"hml,smb,mom",mkt,14,5,181,12,4,mom
2015-01-01_to_2018-01-01,2015-01-01,2018-01-01,"hml,smb,mom",mkt,14,5,181,12,5,mom
2015-01-01_to_2018-01-01,2015-01-01,2018-01-01,"hml,smb,mom",mkt,14,5,181,12,6,mom
2015-01-01_to_2018-01-01,2015-01-01,2018-01-01,"hml,smb,mom",mkt,14,5,181,12,7,hml
2015-01-01_to_2018-01-01,2015-01-01,2018-01-01,"hml,smb,mom",mkt,14,5,181,12,8,smb
2015-01-01_to_2018-01-01,2015-01-01,2018-01-01,"hml,smb,mom",mkt,14,5,181,12,9,hml
2015-01-01_to_2018-01-01,2015-01-01,2018-01-01,"hml,smb,mom",mkt,14,5,181,12,10,mom
2015-01-01_to_2018-01-01,2015-01-01,2018-01-01,"hml,smb,mom",mkt,14,5,181,12,11,smb
2015-01-01_to_2018-01-01,2015-01-01,2018-01-01,"hml,smb,mom",mkt,14,5,181,12,12,hml
2015-01-01_to_2018-01-01,2015-01-01,2018-01-01,"hml,smb,mom",mkt,14,5,182,12,1,mom
2015-01-01_to_2018-01-01,2015-01-01,2018-01-01,"hml,smb,mom",mkt,14,5,182,12,2,mom
2015-01-01_to_2018-01-01,2015-01-01,2018-01-01,"hml,smb,mom",mkt,14,5,182,12,3,mom
2015-01-01_to_2018-01-01,2015-01-01,2018-01-01,"hml,smb,mom",mkt,14,5,182,12,4,mom
2015-01-01_to_2018-01-01,2015-01-01,2018-01-01,"hml,smb,mom",mkt,14,5,182,12,5,mom
2015-01-01_to_2018-01-01,2015-01-01,2018-01-01,"hml,smb,mom",mkt,14,5,182,12,6,mom
2015-01-01_to_2018-01-01,2015-01-01,2018-01-01,"hml,smb,mom",mkt,14,5,182,12,7,hml
2015-01-01_to_2018-01-01,2015-01-01,2018-01-01,"hml,smb,mom",mkt,14,5,182,12,8,smb
2015-01-01_to_2018-01-01,2015-01-01,2018-01-01,"hml,smb,mom",mkt,14,5,182,12,9,hml
2015-01-01_to_2018-01-01,2015-01-01,2018-01-01,"hml,smb,mom",mkt,14,5,182,12,10,mom
2015-01-01_to_2018-01-01,2015-01-01,2018-01-01,"hml,smb,mom",mkt,14,5,182,12,11,smb
2015-01-01_to_2018-01-01,2015-01-01,2018-01-01,"hml,smb,mom",mkt,14,5,182,12,12,hml
2015-01-01_to_2018-01-01,2015-01-01,2018-01-01,"hml,smb,mom",mkt,14,5,183,11,1,mom
2015-01-01_to_2018-01-01,2015-01-01,2018-01-01,"hml,smb,mom",mkt,14,5,183,11,2,mom
2015-01-01_to_2018-01-01,2015-01-01,2018-01-01,"hml,smb,mom",mkt,14,5,183,11,3,mom
2015-01-01_to_2018-01-01,2015-01-01,2018-01-01,"hml,smb,mom",mkt,14,5,183,11,4,mom
2015-01-01_to_2018-01-01,2015-01-01,2018-01-01,"hml,smb,mom",mkt,14,5,183,11,5,mom
2015-01-01_to_2018-01-01,2015-01-01,2018-01-01,"hml,smb,mom",mkt,14,5,183,11,6,mom
2015-01-01_to_2018-01-01,2015-01-01,2018-01-01,"hml,smb,mom",mkt,14,5,183,11,7,hml
2015-01-01_to_2018-01-01,2015-01-01,2018-01-01,"hml,smb,mom",mkt,14,5,183,11,8,smb
2015-01-01_to_2018-01-01,2015-01-01,2018-01-01,"hml,smb,mom",mkt,14,5,183,11,9,hml
2015-01-01_to_2018-01-01,2015-01-01,2018-01-01,"hml,smb,mom",mkt,14,5,183,11,10,mom
2015-01-01_to_2018-01-01,2015-01-01,2018-01-01,"hml,smb,mom",mkt,14,5,183,11,11,smb
2015-01-01_to_2018-01-01,2015-01-01,2018-01-01,"hml,smb,mom",mkt,14,5,185,11,1,mom
2015-01-01_to_2018-01-01,2015-01-01,2018-01-01,"hml,smb,mom",mkt,14,5,185,11,2,mom
2015-01-01_to_2018-01-01,2015-01-01,2018-01-01,"hml,smb,mom",mkt,14,5,185,11,3,mom
2015-01-01_to_2018-01-01,2015-01-01,2018-01-01,"hml,smb,mom",mkt,14,5,185,11,4,mom
2015-01-01_to_2018-01-01,2015-01-01,2018-01-01,"hml,smb,mom",mkt,14,5,185,11,5,mom
2015-01-01_to_2018-01-01,2015-01-01,2018-01-01,"hml,smb,mom",mkt,14,5,185,11,6,mom
2015-01-01_to_2018-01-01,2015-01-01,2018-01-01,"hml,smb,mom",mkt,14,5,185,11,7,hml
2015-01-01_to_2018-01-01,2015-01-01,2018-01-01,"hml,smb,mom",mkt,14,5,185,11,8,smb
2015-01-01_to_2018-01-01,2015-01-01,2018-01-01,"hml,smb,mom",mkt,14,5,185,11,9,hml
2015-01-01_to_2018-01-01,2015-01-01,2018-01-01,"hml,smb,mom",mkt,14,5,185,11,10,mom
2015-01-01_to_2018-01-01,2015-01-01,2018-01-01,"hml,smb,mom",mkt,14,5,185,11,11,hml
2015-01-01_to_2018-01-01,2015-01-01,2018-01-01,"hml,smb,mom",mkt,14,5,186,11,1,mom
2015-01-01_to_2018-01-01,2015-01-01,2018-01-01,"hml,smb,mom",mkt,14,5,186,11,2,mom
2015-01-01_to_2018-01-01,2015-01-01,2018-01-01,"hml,smb,mom",mkt,14,5,186,11,3,mom
2015-01-01_to_2018-01-01,2015-01-01,2018-01-01,"hml,smb,mom",mkt,14,5,186,11,4,mom
2015-01-01_to_2018-01-01,2015-01-01,2018-01-01,"hml,smb,mom",mkt,14,5,186,11,5,mom
2015-01-01_to_2018-01-01,2015-01-01,2018-01-01,"hml,smb,mom",mkt,14,5,186,11,6,mom
2015-01-01_to_2018-01-01,2015-01-01,2018-01-01,"hml,smb,mom",mkt,14,5,186,11,7,hml
2015-01-01_to_2018-01-01,2015-01-01,2018-01-01,"hml,smb,mom",mkt,14,5,186,11,8,smb
2015-01-01_to_2018-01-01,2015-01-01,2018-01-01,"hml,smb,mom",mkt,14,5,186,11,9,hml
2015-01-01_to_2018-01-01,2015-01-01,2018-01-01,"hml,smb,mom",mkt,14,5,186,11,10,mom
2015-01-01_to_2018-01-01,2015-01-01,2018-01-01,"hml,smb,mom",mkt,14,5,186,11,11,hml
2015-01-01_to_2018-01-01,2015-01-01,2018-01-01,"hml,smb,mom",mkt,14,5,189,8,1,mom
2015-01-01_to_2018-01-01,2015-01-01,2018-01-01,"hml,smb,mom",mkt,14,5,189,8,2,mom
2015-01-01_to_2018-01-01,2015-01-01,2018-01-01,"hml,smb,mom",mkt,14,5,189,8,3,mom
2015-01-01_to_2018-01-01,2015-01-01,2018-01-01,"hml,smb,mom",mkt,14,5,189,8,4,mom
2015-01-01_to_2018-01-01,2015-01-01,2018-01-01,"hml,smb,mom",mkt,14,5,189,8,5,mom
2015-01-01_to_2018-01-01,2015-01-01,2018-01-01,"hml,smb,mom",mkt,14,5,189,8,6,mom
2015-01-01_to_2018-01-01,2015-01-01,2018-01-01,"hml,smb,mom",mkt,14,5,189,8,7,smb
2015-01-01_to_2018-01-01,2015-01-01,2018-01-01,"hml,smb,mom",mkt,14,5,189,8,8,hml
2015-01-01_to_2018-01-01,2015-01-01,2018-01-01,"hml,smb,mom",mkt,14,5,190,8,1,mom
2015-01-01_to_2018-01-01,2015-01-01,2018-01-01,"hml,smb,mom",mkt,14,5,190,8,2,mom
2015-01-01_to_2018-01-01,2015-01-01,2018-01-01,"hml,smb,mom",mkt,14,5,190,8,3,mom
2015-01-01_to_2018-01-01,2015-01-01,2018-01-01,"hml,smb,mom",mkt,14,5,190,8,4,mom
2015-01-01_to_2018-01-01,2015-01-01,2018-01-01,"hml,smb,mom",mkt,14,5,190,8,5,mom
2015-01-01_to_2018-01-01,2015-01-01,2018-01-01,"hml,smb,mom",mkt,14,5,190,8,6,mom
2015-01-01_to_2018-01-01,2015-01-01,2018-01-01,"hml,smb,mom",mkt,14,5,190,8,7,smb
2015-01-01_to_2018-01-01,2015-01-01,2018-01-01,"hml,smb,mom",mkt,14,5,190,8,8,hml
2015-01-01_to_2018-01-01,2015-01-01,2018-01-01,"hml,smb,mom",mkt,14,5,193,9,1,mom
2015-01-01_to_2018-01-01,2015-01-01,2018-01-01,"hml,smb,mom",mkt,14,5,193,9,2,mom
2015-01-01_to_2018-01-01,2015-01-01,2018-01-01,"hml,smb,mom",mkt,14,5,193,9,3,mom
2015-01-01_to_2018-01-01,2015-01-01,2018-01-01,"hml,smb,mom",mkt,14,5,193,9,4,mom
2015-01-01_to_2018-01-01,2015-01-01,2018-01-01,"hml,smb,mom",mkt,14,5,193,9,5,mom
2015-01-01_to_2018-01-01,2015-01-01,2018-01-01,"hml,smb,mom",mkt,14,5,193,9,6,mom
2015-01-01_to_2018-01-01,2015-01-01,2018-01-01,"hml,smb,mom",mkt,14,5,193,9,7,smb
2015-01-01_to_2018-01-01,2015-01-01,2018-01-01,"hml,smb,mom",mkt,14,5,193,9,8,mom
2015-01-01_to_2018-01-01,2015-01-01,2018-01-01,"hml,smb,mom",mkt,14,5,193,9,9,smb
2015-01-01_to_2018-01-01,2015-01-01,2018-01-01,"hml,smb,mom",mkt,14,5,195,10,1,mom
2015-01-01_to_2018-01-01,2015-01-01,2018-01-01,"hml,smb,mom",mkt,14,5,195,10,2,mom
2015-01-01_to_2018-01-01,2015-01-01,2018-01-01,"hml,smb,mom",mkt,14,5,195,10,3,mom
2015-01-01_to_2018-01-01,2015-01-01,2018-01-01,"hml,smb,mom",mkt,14,5,195,10,4,mom
2015-01-01_to_2018-01-01,2015-01-01,2018-01-01,"hml,smb,mom",mkt,14,5,195,10,5,mom
2015-01-01_to_2018-01-01,2015-01-01,2018-01-01,"hml,smb,mom",mkt,14,5,195,10,6,mom
2015-01-01_to_2018-01-01,2015-01-01,2018-01-01,"hml,smb,mom",mkt,14,5,195,10,7,smb
2015-01-01_to_2018-01-01,2015-01-01,2018-01-01,"hml,smb,mom",mkt,14,5,195,10,8,mom
2015-01-01_to_2018-01-01,2015-01-01,2018-01-01,"hml,smb,mom",mkt,14,5,195,10,9,smb
2015-01-01_to_2018-01-01,2015-01-01,2018-01-01,"hml,smb,mom",mkt,14,5,195,10,10,mom
2015-01-01_to_2018-01-01,2015-01-01,2018-01-01,"hml,smb,mom",mkt,14,5,200,14,1,mom
2015-01-01_to_2018-01-01,2015-01-01,2018-01-01,"hml,smb,mom",mkt,14,5,200,14,2,mom
2015-01-01_to_2018-01-01,2015-01-01,2018-01-01,"hml,smb,mom",mkt,14,5,200,14,3,mom
2015-01-01_to_2018-01-01,2015-01-01,2018-01-01,"hml,smb,mom",mkt,14,5,200,14,4,mom
2015-01-01_to_2018-01-01,2015-01-01,2018-01-01,"hml,smb,mom",mkt,14,5,200,14,5,mom
2015-01-01_to_2018-01-01,2015-01-01,2018-01-01,"hml,smb,mom",mkt,14,5,200,14,6,mom
2015-01-01_to_2018-01-01,2015-01-01,2018-01-01,"hml,smb,mom",mkt,14,5,200,14,7,smb
2015-01-01_to_2018-01-01,2015-01-01,2018-01-01,"hml,smb,mom",mkt,14,5,200,14,8,mom
2015-01-01_to_2018-01-01,2015-01-01,2018-01-01,"hml,smb,mom",mkt,14,5,200,14,9,smb
2015-01-01_to_2018-01-01,2015-01-01,2018-01-01,"hml,smb,mom",mkt,14,5,200,14,10,mom
2015-01-01_to_2018-01-01,2015-01-01,2018-01-01,"hml,smb,mom",mkt,14,5,200,14,11,smb
2015-01-01_to_2018-01-01,2015-01-01,2018-01-01,"hml,smb,mom",mkt,14,5,200,14,12,hml
2015-01-01_to_2018-01-01,2015-01-01,2018-01-01,"hml,smb,mom",mkt,14,5,200,14,13,mom
2015-01-01_to_2018-01-01,2015-01-01,2018-01-01,"hml,smb,mom",mkt,14,5,200,14,14,hml
2015-01-01_to_2018-01-01,2015-01-01,2018-01-01,"hml,smb,mom",mkt,14,5,201,14,1,mom
2015-01-01_to_2018-01-01,2015-01-01,2018-01-01,"hml,smb,mom",mkt,14,5,201,14,2,mom
2015-01-01_to_2018-01-01,2015-01-01,2018-01-01,"hml,smb,mom",mkt,14,5,201,14,3,mom
2015-01-01_to_2018-01-01,2015-01-01,2018-01-01,"hml,smb,mom",mkt,14,5,201,14,4,mom
2015-01-01_to_2018-01-01,2015-01-01,2018-01-01,"hml,smb,mom",mkt,14,5,201,14,5,mom
2015-01-01_to_2018-01-01,2015-01-01,2018-01-01,"hml,smb,mom",mkt,14,5,201,14,6,mom
2015-01-01_to_2018-01-01,2015-01-01,2018-01-01,"hml,smb,mom",mkt,14,5,201,14,7,smb
2015-01-01_to_2018-01-01,2015-01-01,2018-01-01,"hml,smb,mom",mkt,14,5,201,14,8,mom
2015-01-01_to_2018-01-01,2015-01-01,2018-01-01,"hml,smb,mom",mkt,14,5,201,14,9,smb
2015-01-01_to_2018-01-01,2015-01-01,2018-01-01,"hml,smb,mom",mkt,14,5,201,14,10,mom
2015-01-01_to_2018-01-01,2015-01-01,2018-01-01,"hml,smb,mom",mkt,14,5,201,14,11,smb
2015-01-01_to_2018-01-01,2015-01-01,2018-01-01,"hml,smb,mom",mkt,14,5,201,14,12,hml
2015-01-01_to_2018-01-01,2015-01-01,2018-01-01,"hml,smb,mom",mkt,14,5,201,14,13,mom
2015-01-01_to_2018-01-01,2015-01-01,2018-01-01,"hml,smb,mom",mkt,14,5,201,14,14,hml
2015-01-01_to_2018-01-01,2015-01-01,2018-01-01,"hml,smb,mom",mkt,14,5,202,13,1,mom
2015-01-01_to_2018-01-01,2015-01-01,2018-01-01,"hml,smb,mom",mkt,14,5,202,13,2,mom
2015-01-01_to_2018-01-01,2015-01-01,2018-01-01,"hml,smb,mom",mkt,14,5,202,13,3,mom
2015-01-01_to_2018-01-01,2015-01-01,2018-01-01,"hml,smb,mom",mkt,14,5,202,13,4,mom
2015-01-01_to_2018-01-01,2015-01-01,2018-01-01,"hml,smb,mom",mkt,14,5,202,13,5,mom
2015-01-01_to_2018-01-01,2015-01-01,2018-01-01,"hml,smb,mom",mkt,14,5,202,13,6,mom
2015-01-01_to_2018-01-01,2015-01-01,2018-01-01,"hml,smb,mom",mkt,14,5,202,13,7,smb
2015-01-01_to_2018-01-01,2015-01-01,2018-01-01,"hml,smb,mom",mkt,14,5,202,13,8,mom
2015-01-01_to_2018-01-01,2015-01-01,2018-01-01,"hml,smb,mom",mkt,14,5,202,13,9,smb
2015-01-01_to_2018-01-01,2015-01-01,2018-01-01,"hml,smb,mom",mkt,14,5,202,13,10,mom
2015-01-01_to_2018-01-01,2015-01-01,2018-01-01,"hml,smb,mom",mkt,14,5,202,13,11,smb
2015-01-01_to_2018-01-01,2015-01-01,2018-01-01,"hml,smb,mom",mkt,14,5,202,13,12,hml
2015-01-01_to_2018-01-01,2015-01-01,2018-01-01,"hml,smb,mom",mkt,14,5,202,13,13,mom
2015-01-01_to_2018-01-01,2015-01-01,2018-01-01,"hml,smb,mom",mkt,14,5,203,12,1,mom
2015-01-01_to_2018-01-01,2015-01-01,2018-01-01,"hml,smb,mom",mkt,14,5,203,12,2,mom
2015-01-01_to_2018-01-01,2015-01-01,2018-01-01,"hml,smb,mom",mkt,14,5,203,12,3,mom
2015-01-01_to_2018-01-01,2015-01-01,2018-01-01,"hml,smb,mom",mkt,14,5,203,12,4,mom
2015-01-01_to_2018-01-01,2015-01-01,2018-01-01,"hml,smb,mom",mkt,14,5,203,12,5,mom
2015-01-01_to_2018-01-01,2015-01-01,2018-01-01,"hml,smb,mom",mkt,14,5,203,12,6,mom
2015-01-01_to_2018-01-01,2015-01-01,2018-01-01,"hml,smb,mom",mkt,14,5,203,12,7,smb
2015-01-01_to_2018-01-01,2015-01-01,2018-01-01,"hml,smb,mom",mkt,14,5,203,12,8,mom
2015-01-01_to_2018-01-01,2015-01-01,2018-01-01,"hml,smb,mom",mkt,14,5,203,12,9,smb
2015-01-01_to_2018-01-01,2015-01-01,2018-01-01,"hml,smb,mom",mkt,14,5,203,12,10,mom
2015-01-01_to_2018-01-01,2015-01-01,2018-01-01,"hml,smb,mom",mkt,14,5,203,12,11,smb
2015-01-01_to_2018-01-01,2015-01-01,2018-01-01,"hml,smb,mom",mkt,14,5,203,12,12,hml
2015-01-01_to_2018-01-01,2015-01-01,2018-01-01,"hml,smb,mom",mkt,14,5,204,11,1,mom
2015-01-01_to_2018-01-01,2015-01-01,2018-01-01,"hml,smb,mom",mkt,14,5,204,11,2,mom
2015-01-01_to_2018-01-01,2015-01-01,2018-01-01,"hml,smb,mom",mkt,14,5,204,11,3,mom
2015-01-01_to_2018-01-01,2015-01-01,2018-01-01,"hml,smb,mom",mkt,14,5,204,11,4,mom
2015-01-01_to_2018-01-01,2015-01-01,2018-01-01,"hml,smb,mom",mkt,14,5,204,11,5,mom
2015-01-01_to_2018-01-01,2015-01-01,2018-01-01,"hml,smb,mom",mkt,14,5,204,11,6,mom
2015-01-01_to_2018-01-01,2015-01-01,2018-01-01,"hml,smb,mom",mkt,14,5,204,11,7,smb
2015-01-01_to_2018-01-01,2015-01-01,2018-01-01,"hml,smb,mom",mkt,14,5,204,11,8,mom
2015-01-01_to_2018-01-01,2015-01-01,2018-01-01,"hml,smb,mom",mkt,14,5,204,11,9,smb
2015-01-01_to_2018-01-01,2015-01-01,2018-01-01,"hml,smb,mom",mkt,14,5,204,11,10,mom
2015-01-01_to_2018-01-01,2015-01-01,2018-01-01,"hml,smb,mom",mkt,14,5,204,11,11,smb
2015-01-01_to_2018-01-01,2015-01-01,2018-01-01,"hml,smb,mom",mkt,14,5,206,9,1,mom
2015-01-01_to_2018-01-01,2015-01-01,2018-01-01,"hml,smb,mom",mkt,14,5,206,9,2,mom
2015-01-01_to_2018-01-01,2015-01-01,2018-01-01,"hml,smb,mom",mkt,14,5,206,9,3,mom
2015-01-01_to_2018-01-01,2015-01-01,2018-01-01,"hml,smb,mom",mkt,14,5,206,9,4,mom
2015-01-01_to_2018-01-01,2015-01-01,2018-01-01,"hml,smb,mom",mkt,14,5,206,9,5,mom
2015-01-01_to_2018-01-01,2015-01-01,2018-01-01,"hml,smb,mom",mkt,14,5,206,9,6,mom
2015-01-01_to_2018-01-01,2015-01-01,2018-01-01,"hml,smb,mom",mkt,14,5,206,9,7,smb
2015-01-01_to_2018-01-01,2015-01-01,2018-01-01,"hml,smb,mom",mkt,14,5,206,9,8,mom
2015-01-01_to_2018-01-01,2015-01-01,2018-01-01,"hml,smb,mom",mkt,14,5,206,9,9,hml
2015-01-01_to_2018-01-01,2015-01-01,2018-01-01,"hml,smb,mom",mkt,14,5,208,10,1,mom
2015-01-01_to_2018-01-01,2015-01-01,2018-01-01,"hml,smb,mom",mkt,14,5,208,10,2,mom
2015-01-01_to_2018-01-01,2015-01-01,2018-01-01,"hml,smb,mom",mkt,14,5,208,10,3,mom
2015-01-01_to_2018-01-01,2015-01-01,2018-01-01,"hml,smb,mom",mkt,14,5,208,10,4,mom
2015-01-01_to_2018-01-01,2015-01-01,2018-01-01,"hml,smb,mom",mkt,14,5,208,10,5,mom
2015-01-01_to_2018-01-01,2015-01-01,2018-01-01,"hml,smb,mom",mkt,14,5,208,10,6,mom
2015-01-01_to_2018-01-01,2015-01-01,2018-01-01,"hml,smb,mom",mkt,14,5,208,10,7,smb
2015-01-01_to_2018-01-01,2015-01-01,2018-01-01,"hml,smb,mom",mkt,14,5,208,10,8,mom
2015-01-01_to_2018-01-01,2015-01-01,2018-01-01,"hml,smb,mom",mkt,14,5,208,10,9,hml
2015-01-01_to_2018-01-01,2015-01-01,2018-01-01,"hml,smb,mom",mkt,14,5,208,10,10,smb
2015-01-01_to_2018-01-01,2015-01-01,2018-01-01,"hml,smb,mom",mkt,14,5,210,11,1,mom
2015-01-01_to_2018-01-01,2015-01-01,2018-01-01,"hml,smb,mom",mkt,14,5,210,11,2,mom
2015-01-01_to_2018-01-01,2015-01-01,2018-01-01,"hml,smb,mom",mkt,14,5,210,11,3,mom
2015-01-01_to_2018-01-01,2015-01-01,2018-01-01,"hml,smb,mom",mkt,14,5,210,11,4,mom
2015-01-01_to_2018-01-01,2015-01-01,2018-01-01,"hml,smb,mom",mkt,14,5,210,11,5,mom
2015-01-01_to_2018-01-01,2015-01-01,2018-01-01,"hml,smb,mom",mkt,14,5,210,11,6,mom
2015-01-01_to_2018-01-01,2015-01-01,2018-01-01,"hml,smb,mom",mkt,14,5,210,11,7,smb
2015-01-01_to_2018-01-01,2015-01-01,2018-01-01,"hml,smb,mom",mkt,14,5,210,11,8,mom
2015-01-01_to_2018-01-01,2015-01-01,2018-01-01,"hml,smb,mom",mkt,14,5,210,11,9,hml
2015-01-01_to_2018-01-01,2015-01-01,2018-01-01,"hml,smb,mom",mkt,14,5,210,11,10,smb
2015-01-01_to_2018-01-01,2015-01-01,2018-01-01,"hml,smb,mom",mkt,14,5,210,11,11,hml
2015-01-01_to_2018-01-01,2015-01-01,2018-01-01,"hml,smb,mom",mkt,14,5,212,12,1,mom
2015-01-01_to_2018-01-01,2015-01-01,2018-01-01,"hml,smb,mom",mkt,14,5,212,12,2,mom
2015-01-01_to_2018-01-01,2015-01-01,2018-01-01,"hml,smb,mom",mkt,14,5,212,12,3,mom
2015-01-01_to_2018-01-01,2015-01-01,2018-01-01,"hml,smb,mom",mkt,14,5,212,12,4,mom
2015-01-01_to_2018-01-01,2015-01-01,2018-01-01,"hml,smb,mom",mkt,14,5,212,12,5,mom
2015-01-01_to_2018-01-01,2015-01-01,2018-01-01,"hml,smb,mom",mkt,14,5,212,12,6,mom
2015-01-01_to_2018-01-01,2015-01-01,2018-01-01,"hml,smb,mom",mkt,14,5,212,12,7,smb
2015-01-01_to_2018-01-01,2015-01-01,2018-01-01,"hml,smb,mom",mkt,14,5,212,12,8,mom
2015-01-01_to_2018-01-01,2015-01-01,2018-01-01,"hml,smb,mom",mkt,14,5,212,12,9,hml
2015-01-01_to_2018-01-01,2015-01-01,2018-01-01,"hml,smb,mom",mkt,14,5,212,12,10,smb
2015-01-01_to_2018-01-01,2015-01-01,2018-01-01,"hml,smb,mom",mkt,14,5,212,12,11,hml
2015-01-01_to_2018-01-01,2015-01-01,2018-01-01,"hml,smb,mom",mkt,14,5,212,12,12,hml
2015-01-01_to_2018-01-01,2015-01-01,2018-01-01,"hml,smb,mom",mkt,14,5,213,12,1,mom
2015-01-01_to_2018-01-01,2015-01-01,2018-01-01,"hml,smb,mom",mkt,14,5,213,12,2,mom
2015-01-01_to_2018-01-01,2015-01-01,2018-01-01,"hml,smb,mom",mkt,14,5,213,12,3,mom
2015-01-01_to_2018-01-01,2015-01-01,2018-01-01,"hml,smb,mom",mkt,14,5,213,12,4,mom
2015-01-01_to_2018-01-01,2015-01-01,2018-01-01,"hml,smb,mom",mkt,14,5,213,12,5,mom
2015-01-01_to_2018-01-01,2015-01-01,2018-01-01,"hml,smb,mom",mkt,14,5,213,12,6,mom
2015-01-01_to_2018-01-01,2015-01-01,2018-01-01,"hml,smb,mom",mkt,14,5,213,12,7,smb
2015-01-01_to_2018-01-01,2015-01-01,2018-01-01,"hml,smb,mom",mkt,14,5,213,12,8,mom
2015-01-01_to_2018-01-01,2015-01-01,2018-01-01,"hml,smb,mom",mkt,14,5,213,12,9,hml
2015-01-01_to_2018-01-01,2015-01-01,2018-01-01,"hml,smb,mom",mkt,14,5,213,12,10,smb
2015-01-01_to_2018-01-01,2015-01-01,2018-01-01,"hml,smb,mom",mkt,14,5,213,12,11,hml
2015-01-01_to_2018-01-01,2015-01-01,2018-01-01,"hml,smb,mom",mkt,14,5,213,12,12,hml
2015-01-01_to_2018-01-01,2015-01-01,2018-01-01,"hml,smb,mom",mkt,14,5,218,9,1,mom
2015-01-01_to_2018-01-01,2015-01-01,2018-01-01,"hml,smb,mom",mkt,14,5,218,9,2,mom
2015-01-01_to_2018-01-01,2015-01-01,2018-01-01,"hml,smb,mom",mkt,14,5,218,9,3,mom
2015-01-01_to_2018-01-01,2015-01-01,2018-01-01,"hml,smb,mom",mkt,14,5,218,9,4,mom
2015-01-01_to_2018-01-01,2015-01-01,2018-01-01,"hml,smb,mom",mkt,14,5,218,9,5,mom
2015-01-01_to_2018-01-01,2015-01-01,2018-01-01,"hml,smb,mom",mkt,14,5,218,9,6,hml
2015-01-01_to_2018-01-01,2015-01-01,2018-01-01,"hml,smb,mom",mkt,14,5,218,9,7,mom
2015-01-01_to_2018-01-01,2015-01-01,2018-01-01,"hml,smb,mom",mkt,14,5,218,9,8,hml
2015-01-01_to_2018-01-01,2015-01-01,2018-01-01,"hml,smb,mom",mkt,14,5,218,9,9,mom
2015-01-01_to_2018-01-01,2015-01-01,2018-01-01,"hml,smb,mom",mkt,14,5,220,10,1,mom
2015-01-01_to_2018-01-01,2015-01-01,2018-01-01,"hml,smb,mom",mkt,14,5,220,10,2,mom
2015-01-01_to_2018-01-01,2015-01-01,2018-01-01,"hml,smb,mom",mkt,14,5,220,10,3,mom
2015-01-01_to_2018-01-01,2015-01-01,2018-01-01,"hml,smb,mom",mkt,14,5,220,10,4,mom
2015-01-01_to_2018-01-01,2015-01-01,2018-01-01,"hml,smb,mom",mkt,14,5,220,10,5,mom
2015-01-01_to_2018-01-01,2015-01-01,2018-01-01,"hml,smb,mom",mkt,14,5,220,10,6,hml
2015-01-01_to_2018-01-01,2015-01-01,2018-01-01,"hml,smb,mom",mkt,14,5,220,10,7,mom
2015-01-01_to_2018-01-01,2015-01-01,2018-01-01,"hml,smb,mom",mkt,14,5,220,10,8,hml
2015-01-01_to_2018-01-01,2015-01-01,2018-01-01,"hml,smb,mom",mkt,14,5,220,10,9,mom
2015-01-01_to_2018-01-01,2015-01-01,2018-01-01,"hml,smb,mom",mkt,14,5,220,10,10,mom
2015-01-01_to_2018-01-01,2015-01-01,2018-01-01,"hml,smb,mom",mkt,14,5,221,10,1,mom
2015-01-01_to_2018-01-01,2015-01-01,2018-01-01,"hml,smb,mom",mkt,14,5,221,10,2,mom
2015-01-01_to_2018-01-01,2015-01-01,2018-01-01,"hml,smb,mom",mkt,14,5,221,10,3,mom
2015-01-01_to_2018-01-01,2015-01-01,2018-01-01,"hml,smb,mom",mkt,14,5,221,10,4,mom
2015-01-01_to_2018-01-01,2015-01-01,2018-01-01,"hml,smb,mom",mkt,14,5,221,10,5,mom
2015-01-01_to_2018-01-01,2015-01-01,2018-01-01,"hml,smb,mom",mkt,14,5,221,10,6,hml
2015-01-01_to_2018-01-01,2015-01-01,2018-01-01,"hml,smb,mom",mkt,14,5,221,10,7,mom
2015-01-01_to_2018-01-01,2015-01-01,2018-01-01,"hml,smb,mom",mkt,14,5,221,10,8,hml
2015-01-01_to_2018-01-01,2015-01-01,2018-01-01,"hml,smb,mom",mkt,14,5,221,10,9,mom
2015-01-01_to_2018-01-01,2015-01-01,2018-01-01,"hml,smb,mom",mkt,14,5,221,10,10,mom
2015-01-01_to_2018-01-01,2015-01-01,2018-01-01,"hml,smb,mom",mkt,14,5,222,8,1,mom
2015-01-01_to_2018-01-01,2015-01-01,2018-01-01,"hml,smb,mom",mkt,14,5,222,8,2,mom
2015-01-01_to_2018-01-01,2015-01-01,2018-01-01,"hml,smb,mom",mkt,14,5,222,8,3,mom
2015-01-01_to_2018-01-01,2015-01-01,2018-01-01,"hml,smb,mom",mkt,14,5,222,8,4,mom
2015-01-01_to_2018-01-01,2015-01-01,2018-01-01,"hml,smb,mom",mkt,14,5,222,8,5,mom
2015-01-01_to_2018-01-01,2015-01-01,2018-01-01,"hml,smb,mom",mkt,14,5,222,8,6,hml
2015-01-01_to_2018-01-01,2015-01-01,2018-01-01,"hml,smb,mom",mkt,14,5,222,8,7,mom
2015-01-01_to_2018-01-01,2015-01-01,2018-01-01,"hml,smb,mom",mkt,14,5,222,8,8,hml
2015-01-01_to_2018-01-01,2015-01-01,2018-01-01,"hml,smb,mom",mkt,14,5,224,8,1,mom
2015-01-01_to_2018-01-01,2015-01-01,2018-01-01,"hml,smb,mom",mkt,14,5,224,8,2,mom
2015-01-01_to_2018-01-01,2015-01-01,2018-01-01,"hml,smb,mom",mkt,14,5,224,8,3,mom
2015-01-01_to_2018-01-01,2015-01-01,2018-01-01,"hml,smb,mom",mkt,14,5,224,8,4,mom
2015-01-01_to_2018-01-01,2015-01-01,2018-01-01,"hml,smb,mom",mkt,14,5,224,8,5,mom
2015-01-01_to_2018-01-01,2015-01-01,2018-01-01,"hml,smb,mom",mkt,14,5,224,8,6,hml
2015-01-01_to_2018-01-01,2015-01-01,2018-01-01,"hml,smb,mom",mkt,14,5,224,8,7,mom
2015-01-01_to_2018-01-01,2015-01-01,2018-01-01,"hml,smb,mom",mkt,14,5,224,8,8,mom
2015-01-01_to_2018-01-01,2015-01-01,2018-01-01,"hml,smb,mom",mkt,14,5,225,8,1,mom
2015-01-01_to_2018-01-01,2015-01-01,2018-01-01,"hml,smb,mom",mkt,14,5,225,8,2,mom
2015-01-01_to_2018-01-01,2015-01-01,2018-01-01,"hml,smb,mom",mkt,14,5,225,8,3,mom
2015-01-01_to_2018-01-01,2015-01-01,2018-01-01,"hml,smb,mom",mkt,14,5,225,8,4,mom
2015-01-01_to_2018-01-01,2015-01-01,2018-01-01,"hml,smb,mom",mkt,14,5,225,8,5,mom
2015-01-01_to_2018-01-01,2015-01-01,2018-01-01,"hml,smb,mom",mkt,14,5,225,8,6,hml
2015-01-01_to_2018-01-01,2015-01-01,2018-01-01,"hml,smb,mom",mkt,14,5,225,8,7,mom
2015-01-01_to_2018-01-01,2015-01-01,2018-01-01,"hml,smb,mom",mkt,14,5,225,8,8,mom
2015-01-01_to_2018-01-01,2015-01-01,2018-01-01,"hml,smb,mom",mkt,14,5,229,9,1,mom
2015-01-01_to_2018-01-01,2015-01-01,2018-01-01,"hml,smb,mom",mkt,14,5,229,9,2,mom
2015-01-01_to_2018-01-01,2015-01-01,2018-01-01,"hml,smb,mom",mkt,14,5,229,9,3,mom
2015-01-01_to_2018-01-01,2015-01-01,2018-01-01,"hml,smb,mom",mkt,14,5,229,9,4,mom
2015-01-01_to_2018-01-01,2015-01-01,2018-01-01,"hml,smb,mom",mkt,14,5,229,9,5,mom
2015-01-01_to_2018-01-01,2015-01-01,2018-01-01,"hml,smb,mom",mkt,14,5,229,9,6,hml
2015-01-01_to_2018-01-01,2015-01-01,2018-01-01,"hml,smb,mom",mkt,14,5,229,9,7,smb
2015-01-01_to_2018-01-01,2015-01-01,2018-01-01,"hml,smb,mom",mkt,14,5,229,9,8,mom
2015-01-01_to_2018-01-01,2015-01-01,2018-01-01,"hml,smb,mom",mkt,14,5,229,9,9,hml
2015-01-01_to_2018-01-01,2015-01-01,2018-01-01,"hml,smb,mom",mkt,14,5,230,9,1,mom
2015-01-01_to_2018-01-01,2015-01-01,2018-01-01,"hml,smb,mom",mkt,14,5,230,9,2,mom
2015-01-01_to_2018-01-01,2015-01-01,2018-01-01,"hml,smb,mom",mkt,14,5,230,9,3,mom
2015-01-01_to_2018-01-01,2015-01-01,2018-01-01,"hml,smb,mom",mkt,14,5,230,9,4,mom
2015-01-01_to_2018-01-01,2015-01-01,2018-01-01,"hml,smb,mom",mkt,14,5,230,9,5,mom
2015-01-01_to_2018-01-01,2015-01-01,2018-01-01,"hml,smb,mom",mkt,14,5,230,9,6,hml
2015-01-01_to_2018-01-01,2015-01-01,2018-01-01,"hml,smb,mom",mkt,14,5,230,9,7,smb
2015-01-01_to_2018-01-01,2015-01-01,2018-01-01,"hml,smb,mom",mkt,14,5,230,9,8,mom
2015-01-01_to_2018-01-01,2015-01-01,2018-01-01,"hml,smb,mom",mkt,14,5,230,9,9,hml
2015-01-01_to_2018-01-01,2015-01-01,2018-01-01,"hml,smb,mom",mkt,14,5,231,8,1,mom
2015-01-01_to_2018-01-01,2015-01-01,2018-01-01,"hml,smb,mom",mkt,14,5,231,8,2,mom
2015-01-01_to_2018-01-01,2015-01-01,2018-01-01,"hml,smb,mom",mkt,14,5,231,8,3,mom
2015-01-01_to_2018-01-01,2015-01-01,2018-01-01,"hml,smb,mom",mkt,14,5,231,8,4,mom
2015-01-01_to_2018-01-01,2015-01-01,2018-01-01,"hml,smb,mom",mkt,14,5,231,8,5,mom
2015-01-01_to_2018-01-01,2015-01-01,2018-01-01,"hml,smb,mom",mkt,14,5,231,8,6,hml
2015-01-01_to_2018-01-01,2015-01-01,2018-01-01,"hml,smb,mom",mkt,14,5,231,8,7,smb
2015-01-01_to_2018-01-01,2015-01-01,2018-01-01,"hml,smb,mom",mkt,14,5,231,8,8,mom
2015-01-01_to_2018-01-01,2015-01-01,2018-01-01,"hml,smb,mom",mkt,14,5,233,8,1,mom
2015-01-01_to_2018-01-01,2015-01-01,2018-01-01,"hml,smb,mom",mkt,14,5,233,8,2,mom
2015-01-01_to_2018-01-01,2015-01-01,2018-01-01,"hml,smb,mom",mkt,14,5,233,8,3,mom
2015-01-01_to_2018-01-01,2015-01-01,2018-01-01,"hml,smb,mom",mkt,14,5,233,8,4,mom
2015-01-01_to_2018-01-01,2015-01-01,2018-01-01,"hml,smb,mom",mkt,14,5,233,8,5,mom
2015-01-01_to_2018-01-01,2015-01-01,2018-01-01,"hml,smb,mom",mkt,14,5,233,8,6,hml
2015-01-01_to_2018-01-01,2015-01-01,2018-01-01,"hml,smb,mom",mkt,14,5,233,8,7,smb
2015-01-01_to_2018-01-01,2015-01-01,2018-01-01,"hml,smb,mom",mkt,14,5,233,8,8,smb
2015-01-01_to_2018-01-01,2015-01-01,2018-01-01,"hml,smb,mom",mkt,14,5,239,13,1,mom
2015-01-01_to_2018-01-01,2015-01-01,2018-01-01,"hml,smb,mom",mkt,14,5,239,13,2,mom
2015-01-01_to_2018-01-01,2015-01-01,2018-01-01,"hml,smb,mom",mkt,14,5,239,13,3,mom
2015-01-01_to_2018-01-01,2015-01-01,2018-01-01,"hml,smb,mom",mkt,14,5,239,13,4,mom
2015-01-01_to_2018-01-01,2015-01-01,2018-01-01,"hml,smb,mom",mkt,14,5,239,13,5,mom
2015-01-01_to_2018-01-01,2015-01-01,2018-01-01,"hml,smb,mom",mkt,14,5,239,13,6,hml
2015-01-01_to_2018-01-01,2015-01-01,2018-01-01,"hml,smb,mom",mkt,14,5,239,13,7,smb
2015-01-01_to_2018-01-01,2015-01-01,2018-01-01,"hml,smb,mom",mkt,14,5,239,13,8,smb
2015-01-01_to_2018-01-01,2015-01-01,2018-01-01,"hml,smb,mom",mkt,14,5,239,13,9,mom
2015-01-01_to_2018-01-01,2015-01-01,2018-01-01,"hml,smb,mom",mkt,14,5,239,13,10,hml
2015-01-01_to_2018-01-01,2015-01-01,2018-01-01,"hml,smb,mom",mkt,14,5,239,13,11,smb
2015-01-01_to_2018-01-01,2015-01-01,2018-01-01,"hml,smb,mom",mkt,14,5,239,13,12,hml
2015-01-01_to_2018-01-01,2015-01-01,2018-01-01,"hml,smb,mom",mkt,14,5,239,13,13,hml
2015-01-01_to_2018-01-01,2015-01-01,2018-01-01,"hml,smb,mom",mkt,14,5,240,13,1,mom
2015-01-01_to_2018-01-01,2015-01-01,2018-01-01,"hml,smb,mom",mkt,14,5,240,13,2,mom
2015-01-01_to_2018-01-01,2015-01-01,2018-01-01,"hml,smb,mom",mkt,14,5,240,13,3,mom
2015-01-01_to_2018-01-01,2015-01-01,2018-01-01,"hml,smb,mom",mkt,14,5,240,13,4,mom
2015-01-01_to_2018-01-01,2015-01-01,2018-01-01,"hml,smb,mom",mkt,14,5,240,13,5,mom
2015-01-01_to_2018-01-01,2015-01-01,2018-01-01,"hml,smb,mom",mkt,14,5,240,13,6,hml
2015-01-01_to_2018-01-01,2015-01-01,2018-01-01,"hml,smb,mom",mkt,14,5,240,13,7,smb
2015-01-01_to_2018-01-01,2015-01-01,2018-01-01,"hml,smb,mom",mkt,14,5,240,13,8,smb
2015-01-01_to_2018-01-01,2015-01-01,2018-01-01,"hml,smb,mom",mkt,14,5,240,13,9,mom
2015-01-01_to_2018-01-01,2015-01-01,2018-01-01,"hml,smb,mom",mkt,14,5,240,13,10,hml
2015-01-01_to_2018-01-01,2015-01-01,2018-01-01,"hml,smb,mom",mkt,14,5,240,13,11,smb
2015-01-01_to_2018-01-01,2015-01-01,2018-01-01,"hml,smb,mom",mkt,14,5,240,13,12,hml
2015-01-01_to_2018-01-01,2015-01-01,2018-01-01,"hml,smb,mom",mkt,14,5,240,13,13,hml
2015-01-01_to_2018-01-01,2015-01-01,2018-01-01,"hml,smb,mom",mkt,14,5,241,12,1,mom
2015-01-01_to_2018-01-01,2015-01-01,2018-01-01,"hml,smb,mom",mkt,14,5,241,12,2,mom
2015-01-01_to_2018-01-01,2015-01-01,2018-01-01,"hml,smb,mom",mkt,14,5,241,12,3,mom
2015-01-01_to_2018-01-01,2015-01-01,2018-01-01,"hml,smb,mom",mkt,14,5,241,12,4,mom
2015-01-01_to_2018-01-01,2015-01-01,2018-01-01,"hml,smb,mom",mkt,14,5,241,12,5,mom
2015-01-01_to_2018-01-01,2015-01-01,2018-01-01,"hml,smb,mom",mkt,14,5,241,12,6,hml
2015-01-01_to_2018-01-01,2015-01-01,2018-01-01,"hml,smb,mom",mkt,14,5,241,12,7,smb
2015-01-01_to_2018-01-01,2015-01-01,2018-01-01,"hml,smb,mom",mkt,14,5,241,12,8,smb
2015-01-01_to_2018-01-01,2015-01-01,2018-01-01,"hml,smb,mom",mkt,14,5,241,12,9,mom
2015-01-01_to_2018-01-01,2015-01-01,2018-01-01,"hml,smb,mom",mkt,14,5,241,12,10,hml
2015-01-01_to_2018-01-01,2015-01-01,2018-01-01,"hml,smb,mom",mkt,14,5,241,12,11,smb
2015-01-01_to_2018-01-01,2015-01-01,2018-01-01,"hml,smb,mom",mkt,14,5,241,12,12,hml
2015-01-01_to_2018-01-01,2015-01-01,2018-01-01,"hml,smb,mom",mkt,14,5,242,11,1,mom
2015-01-01_to_2018-01-01,2015-01-01,2018-01-01,"hml,smb,mom",mkt,14,5,242,11,2,mom
2015-01-01_to_2018-01-01,2015-01-01,2018-01-01,"hml,smb,mom",mkt,14,5,242,11,3,mom
2015-01-01_to_2018-01-01,2015-01-01,2018-01-01,"hml,smb,mom",mkt,14,5,242,11,4,mom
2015-01-01_to_2018-01-01,2015-01-01,2018-01-01,"hml,smb,mom",mkt,14,5,242,11,5,mom
2015-01-01_to_2018-01-01,2015-01-01,2018-01-01,"hml,smb,mom",mkt,14,5,242,11,6,hml
2015-01-01_to_2018-01-01,2015-01-01,2018-01-01,"hml,smb,mom",mkt,14,5,242,11,7,smb
2015-01-01_to_2018-01-01,2015-01-01,2018-01-01,"hml,smb,mom",mkt,14,5,242,11,8,smb
2015-01-01_to_2018-01-01,2015-01-01,2018-01-01,"hml,smb,mom",mkt,14,5,242,11,9,mom
2015-01-01_to_2018-01-01,2015-01-01,2018-01-01,"hml,smb,mom",mkt,14,5,242,11,10,hml
2015-01-01_to_2018-01-01,2015-01-01,2018-01-01,"hml,smb,mom",mkt,14,5,242,11,11,smb
2015-01-01_to_2018-01-01,2015-01-01,2018-01-01,"hml,smb,mom",mkt,14,5,243,10,1,mom
2015-01-01_to_2018-01-01,2015-01-01,2018-01-01,"hml,smb,mom",mkt,14,5,243,10,2,mom
2015-01-01_to_2018-01-01,2015-01-01,2018-01-01,"hml,smb,mom",mkt,14,5,243,10,3,mom
2015-01-01_to_2018-01-01,2015-01-01,2018-01-01,"hml,smb,mom",mkt,14,5,243,10,4,mom
2015-01-01_to_2018-01-01,2015-01-01,2018-01-01,"hml,smb,mom",mkt,14,5,243,10,5,mom
2015-01-01_to_2018-01-01,2015-01-01,2018-01-01,"hml,smb,mom",mkt,14,5,243,10,6,hml
2015-01-01_to_2018-01-01,2015-01-01,2018-01-01,"hml,smb,mom",mkt,14,5,243,10,7,smb
2015-01-01_to_2018-01-01,2015-01-01,2018-01-01,"hml,smb,mom",mkt,14,5,243,10,8,smb
2015-01-01_to_2018-01-01,2015-01-01,2018-01-01,"hml,smb,mom",mkt,14,5,243,10,9,mom
2015-01-01_to_2018-01-01,2015-01-01,2018-01-01,"hml,smb,mom",mkt,14,5,243,10,10,hml
2015-01-01_to_2018-01-01,2015-01-01,2018-01-01,"hml,smb,mom",mkt,14,5,247,12,1,mom
2015-01-01_to_2018-01-01,2015-01-01,2018-01-01,"hml,smb,mom",mkt,14,5,247,12,2,mom
2015-01-01_to_2018-01-01,2015-01-01,2018-01-01,"hml,smb,mom",mkt,14,5,247,12,3,mom
2015-01-01_to_2018-01-01,2015-01-01,2018-01-01,"hml,smb,mom",mkt,14,5,247,12,4,mom
2015-01-01_to_2018-01-01,2015-01-01,2018-01-01,"hml,smb,mom",mkt,14,5,247,12,5,mom
2015-01-01_to_2018-01-01,2015-01-01,2018-01-01,"hml,smb,mom",mkt,14,5,247,12,6,hml
2015-01-01_to_2018-01-01,2015-01-01,2018-01-01,"hml,smb,mom",mkt,14,5,247,12,7,smb
2015-01-01_to_2018-01-01,2015-01-01,2018-01-01,"hml,smb,mom",mkt,14,5,247,12,8,smb
2015-01-01_to_2018-01-01,2015-01-01,2018-01-01,"hml,smb,mom",mkt,14,5,247,12,9,mom
2015-01-01_to_2018-01-01,2015-01-01,2018-01-01,"hml,smb,mom",mkt,14,5,247,12,10,smb
2015-01-01_to_2018-01-01,2015-01-01,2018-01-01,"hml,smb,mom",mkt,14,5,247,12,11,smb
2015-01-01_to_2018-01-01,2015-01-01,2018-01-01,"hml,smb,mom",mkt,14,5,247,12,12,smb
2015-01-01_to_2018-01-01,2015-01-01,2018-01-01,"hml,smb,mom",mkt,14,5,248,12,1,mom
2015-01-01_to_2018-01-01,2015-01-01,2018-01-01,"hml,smb,mom",mkt,14,5,248,12,2,mom
2015-01-01_to_2018-01-01,2015-01-01,2018-01-01,"hml,smb,mom",mkt,14,5,248,12,3,mom
2015-01-01_to_2018-01-01,2015-01-01,2018-01-01,"hml,smb,mom",mkt,14,5,248,12,4,mom
2015-01-01_to_2018-01-01,2015-01-01,2018-01-01,"hml,smb,mom",mkt,14,5,248,12,5,mom
2015-01-01_to_2018-01-01,2015-01-01,2018-01-01,"hml,smb,mom",mkt,14,5,248,12,6,hml
2015-01-01_to_2018-01-01,2015-01-01,2018-01-01,"hml,smb,mom",mkt,14,5,248,12,7,smb
2015-01-01_to_2018-01-01,2015-01-01,2018-01-01,"hml,smb,mom",mkt,14,5,248,12,8,smb
2015-01-01_to_2018-01-01,2015-01-01,2018-01-01,"hml,smb,mom",mkt,14,5,248,12,9,mom
2015-01-01_to_2018-01-01,2015-01-01,2018-01-01,"hml,smb,mom",mkt,14,5,248,12,10,smb
2015-01-01_to_2018-01-01,2015-01-01,2018-01-01,"hml,smb,mom",mkt,14,5,248,12,11,smb
2015-01-01_to_2018-01-01,2015-01-01,2018-01-01,"hml,smb,mom",mkt,14,5,248,12,12,smb
2015-01-01_to_2018-01-01,2015-01-01,2018-01-01,"hml,smb,mom",mkt,14,5,251,13,1,mom
2015-01-01_to_2018-01-01,2015-01-01,2018-01-01,"hml,smb,mom",mkt,14,5,251,13,2,mom
2015-01-01_to_2018-01-01,2015-01-01,2018-01-01,"hml,smb,mom",mkt,14,5,251,13,3,mom
2015-01-01_to_2018-01-01,2015-01-01,2018-01-01,"hml,smb,mom",mkt,14,5,251,13,4,mom
2015-01-01_to_2018-01-01,2015-01-01,2018-01-01,"hml,smb,mom",mkt,14,5,251,13,5,mom
2015-01-01_to_2018-01-01,2015-01-01,2018-01-01,"hml,smb,mom",mkt,14,5,251,13,6,hml
2015-01-01_to_2018-01-01,2015-01-01,2018-01-01,"hml,smb,mom",mkt,14,5,251,13,7,smb
2015-01-01_to_2018-01-01,2015-01-01,2018-01-01,"hml,smb,mom",mkt,14,5,251,13,8,smb
2015-01-01_to_2018-01-01,2015-01-01,2018-01-01,"hml,smb,mom",mkt,14,5,251,13,9,mom
2015-01-01_to_2018-01-01,2015-01-01,2018-01-01,"hml,smb,mom",mkt,14,5,251,13,10,smb
2015-01-01_to_2018-01-01,2015-01-01,2018-01-01,"hml,smb,mom",mkt,14,5,251,13,11,smb
2015-01-01_to_2018-01-01,2015-01-01,2018-01-01,"hml,smb,mom",mkt,14,5,251,13,12,mom
2015-01-01_to_2018-01-01,2015-01-01,2018-01-01,"hml,smb,mom",mkt,14,5,251,13,13,hml
2015-01-01_to_2018-01-01,2015-01-01,2018-01-01,"hml,smb,mom",mkt,14,5,253,14,1,mom
2015-01-01_to_2018-01-01,2015-01-01,2018-01-01,"hml,smb,mom",mkt,14,5,253,14,2,mom
2015-01-01_to_2018-01-01,2015-01-01,2018-01-01,"hml,smb,mom",mkt,14,5,253,14,3,mom
2015-01-01_to_2018-01-01,2015-01-01,2018-01-01,"hml,smb,mom",mkt,14,5,253,14,4,mom
2015-01-01_to_2018-01-01,2015-01-01,2018-01-01,"hml,smb,mom",mkt,14,5,253,14,5,mom
2015-01-01_to_2018-01-01,2015-01-01,2018-01-01,"hml,smb,mom",mkt,14,5,253,14,6,hml
2015-01-01_to_2018-01-01,2015-01-01,2018-01-01,"hml,smb,mom",mkt,14,5,253,14,7,smb
2015-01-01_to_2018-01-01,2015-01-01,2018-01-01,"hml,smb,mom",mkt,14,5,253,14,8,smb
2015-01-01_to_2018-01-01,2015-01-01,2018-01-01,"hml,smb,mom",mkt,14,5,253,14,9,mom
2015-01-01_to_2018-01-01,2015-01-01,2018-01-01,"hml,smb,mom",mkt,14,5,253,14,10,smb
2015-01-01_to_2018-01-01,2015-01-01,2018-01-01,"hml,smb,mom",mkt,14,5,253,14,11,smb
2015-01-01_to_2018-01-01,2015-01-01,2018-01-01,"hml,smb,mom",mkt,14,5,253,14,12,mom
2015-01-01_to_2018-01-01,2015-01-01,2018-01-01,"hml,smb,mom",mkt,14,5,253,14,13,hml
2015-01-01_to_2018-01-01,2015-01-01,2018-01-01,"hml,smb,mom",mkt,14,5,253,14,14,hml
2015-01-01_to_2018-01-01,2015-01-01,2018-01-01,"hml,smb,mom",mkt,14,5,254,14,1,mom
2015-01-01_to_2018-01-01,2015-01-01,2018-01-01,"hml,smb,mom",mkt,14,5,254,14,2,mom
2015-01-01_to_2018-01-01,2015-01-01,2018-01-01,"hml,smb,mom",mkt,14,5,254,14,3,mom
2015-01-01_to_2018-01-01,2015-01-01,2018-01-01,"hml,smb,mom",mkt,14,5,254,14,4,mom
2015-01-01_to_2018-01-01,2015-01-01,2018-01-01,"hml,smb,mom",mkt,14,5,254,14,5,mom
2015-01-01_to_2018-01-01,2015-01-01,2018-01-01,"hml,smb,mom",mkt,14,5,254,14,6,hml
2015-01-01_to_2018-01-01,2015-01-01,2018-01-01,"hml,smb,mom",mkt,14,5,254,14,7,smb
2015-01-01_to_2018-01-01,2015-01-01,2018-01-01,"hml,smb,mom",mkt,14,5,254,14,8,smb
2015-01-01_to_2018-01-01,2015-01-01,2018-01-01,"hml,smb,mom",mkt,14,5,254,14,9,mom
2015-01-01_to_2018-01-01,2015-01-01,2018-01-01,"hml,smb,mom",mkt,14,5,254,14,10,smb
2015-01-01_to_2018-01-01,2015-01-01,2018-01-01,"hml,smb,mom",mkt,14,5,254,14,11,smb
2015-01-01_to_2018-01-01,2015-01-01,2018-01-01,"hml,smb,mom",mkt,14,5,254,14,12,mom
2015-01-01_to_2018-01-01,2015-01-01,2018-01-01,"hml,smb,mom",mkt,14,5,254,14,13,hml
2015-01-01_to_2018-01-01,2015-01-01,2018-01-01,"hml,smb,mom",mkt,14,5,254,14,14,hml
2015-01-01_to_2018-01-01,2015-01-01,2018-01-01,"hml,smb,mom",mkt,14,5,256,13,1,mom
2015-01-01_to_2018-01-01,2015-01-01,2018-01-01,"hml,smb,mom",mkt,14,5,256,13,2,mom
2015-01-01_to_2018-01-01,2015-01-01,2018-01-01,"hml,smb,mom",mkt,14,5,256,13,3,mom
2015-01-01_to_2018-01-01,2015-01-01,2018-01-01,"hml,smb,mom",mkt,14,5,256,13,4,mom
2015-01-01_to_2018-01-01,2015-01-01,2018-01-01,"hml,smb,mom",mkt,14,5,256,13,5,mom
2015-01-01_to_2018-01-01,2015-01-01,2018-01-01,"hml,smb,mom",mkt,14,5,256,13,6,hml
2015-01-01_to_2018-01-01,2015-01-01,2018-01-01,"hml,smb,mom",mkt,14,5,256,13,7,smb
2015-01-01_to_2018-01-01,2015-01-01,2018-01-01,"hml,smb,mom",mkt,14,5,256,13,8,smb
2015-01-01_to_2018-01-01,2015-01-01,2018-01-01,"hml,smb,mom",mkt,14,5,256,13,9,mom
2015-01-01_to_2018-01-01,2015-01-01,2018-01-01,"hml,smb,mom",mkt,14,5,256,13,10,smb
2015-01-01_to_2018-01-01,2015-01-01,2018-01-01,"hml,smb,mom",mkt,14,5,256,13,11,smb
2015-01-01_to_2018-01-01,2015-01-01,2018-01-01,"hml,smb,mom",mkt,14,5,256,13,12,mom
2015-01-01_to_2018-01-01,2015-01-01,2018-01-01,"hml,smb,mom",mkt,14,5,256,13,13,smb
2015-01-01_to_2018-01-01,2015-01-01,2018-01-01,"hml,smb,mom",mkt,14,5,257,13,1,mom
2015-01-01_to_2018-01-01,2015-01-01,2018-01-01,"hml,smb,mom",mkt,14,5,257,13,2,mom
2015-01-01_to_2018-01-01,2015-01-01,2018-01-01,"hml,smb,mom",mkt,14,5,257,13,3,mom
2015-01-01_to_2018-01-01,2015-01-01,2018-01-01,"hml,smb,mom",mkt,14,5,257,13,4,mom
2015-01-01_to_2018-01-01,2015-01-01,2018-01-01,"hml,smb,mom",mkt,14,5,257,13,5,mom
2015-01-01_to_2018-01-01,2015-01-01,2018-01-01,"hml,smb,mom",mkt,14,5,257,13,6,hml
2015-01-01_to_2018-01-01,2015-01-01,2018-01-01,"hml,smb,mom",mkt,14,5,257,13,7,smb
2015-01-01_to_2018-01-01,2015-01-01,2018-01-01,"hml,smb,mom",mkt,14,5,257,13,8,smb
2015-01-01_to_2018-01-01,2015-01-01,2018-01-01,"hml,smb,mom",mkt,14,5,257,13,9,mom
2015-01-01_to_2018-01-01,2015-01-01,2018-01-01,"hml,smb,mom",mkt,14,5,257,13,10,smb
2015-01-01_to_2018-01-01,2015-01-01,2018-01-01,"hml,smb,mom",mkt,14,5,257,13,11,smb
2015-01-01_to_2018-01-01,2015-01-01,2018-01-01,"hml,smb,mom",mkt,14,5,257,13,12,mom
2015-01-01_to_2018-01-01,2015-01-01,2018-01-01,"hml,smb,mom",mkt,14,5,257,13,13,smb
2015-01-01_to_2018-01-01,2015-01-01,2018-01-01,"hml,smb,mom",mkt,14,5,258,10,1,mom
2015-01-01_to_2018-01-01,2015-01-01,2018-01-01,"hml,smb,mom",mkt,14,5,258,10,2,mom
2015-01-01_to_2018-01-01,2015-01-01,2018-01-01,"hml,smb,mom",mkt,14,5,258,10,3,mom
2015-01-01_to_2018-01-01,2015-01-01,2018-01-01,"hml,smb,mom",mkt,14,5,258,10,4,mom
2015-01-01_to_2018-01-01,2015-01-01,2018-01-01,"hml,smb,mom",mkt,14,5,258,10,5,mom
2015-01-01_to_2018-01-01,2015-01-01,2018-01-01,"hml,smb,mom",mkt,14,5,258,10,6,hml
2015-01-01_to_2018-01-01,2015-01-01,2018-01-01,"hml,smb,mom",mkt,14,5,258,10,7,smb
2015-01-01_to_2018-01-01,2015-01-01,2018-01-01,"hml,smb,mom",mkt,14,5,258,10,8,smb
2015-01-01_to_2018-01-01,2015-01-01,2018-01-01,"hml,smb,mom",mkt,14,5,258,10,9,mom
2015-01-01_to_2018-01-01,2015-01-01,2018-01-01,"hml,smb,mom",mkt,14,5,258,10,10,smb
2015-01-01_to_2018-01-01,2015-01-01,2018-01-01,"hml,smb,mom",mkt,14,5,263,6,1,mom
2015-01-01_to_2018-01-01,2015-01-01,2018-01-01,"hml,smb,mom",mkt,14,5,263,6,2,mom
2015-01-01_to_2018-01-01,2015-01-01,2018-01-01,"hml,smb,mom",mkt,14,5,263,6,3,mom
2015-01-01_to_2018-01-01,2015-01-01,2018-01-01,"hml,smb,mom",mkt,14,5,263,6,4,mom
2015-01-01_to_2018-01-01,2015-01-01,2018-01-01,"hml,smb,mom",mkt,14,5,263,6,5,mom
2015-01-01_to_2018-01-01,2015-01-01,2018-01-01,"hml,smb,mom",mkt,14,5,263,6,6,smb
2015-01-01_to_2018-01-01,2015-01-01,2018-01-01,"hml,smb,mom",mkt,14,5,267,9,1,mom
2015-01-01_to_2018-01-01,2015-01-01,2018-01-01,"hml,smb,mom",mkt,14,5,267,9,2,mom
2015-01-01_to_2018-01-01,2015-01-01,2018-01-01,"hml,smb,mom",mkt,14,5,267,9,3,mom
2015-01-01_to_2018-01-01,2015-01-01,2018-01-01,"hml,smb,mom",mkt,14,5,267,9,4,mom
2015-01-01_to_2018-01-01,2015-01-01,2018-01-01,"hml,smb,mom",mkt,14,5,267,9,5,mom
2015-01-01_to_2018-01-01,2015-01-01,2018-01-01,"hml,smb,mom",mkt,14,5,267,9,6,smb
2015-01-01_to_2018-01-01,2015-01-01,2018-01-01,"hml,smb,mom",mkt,14,5,267,9,7,smb
2015-01-01_to_2018-01-01,2015-01-01,2018-01-01,"hml,smb,mom",mkt,14,5,267,9,8,smb
2015-01-01_to_2018-01-01,2015-01-01,2018-01-01,"hml,smb,mom",mkt,14,5,267,9,9,mom
2015-01-01_to_2018-01-01,2015-01-01,2018-01-01,"hml,smb,mom",mkt,14,5,268,9,1,mom
2015-01-01_to_2018-01-01,2015-01-01,2018-01-01,"hml,smb,mom",mkt,14,5,268,9,2,mom
2015-01-01_to_2018-01-01,2015-01-01,2018-01-01,"hml,smb,mom",mkt,14,5,268,9,3,mom
2015-01-01_to_2018-01-01,2015-01-01,2018-01-01,"hml,smb,mom",mkt,14,5,268,9,4,mom
2015-01-01_to_2018-01-01,2015-01-01,2018-01-01,"hml,smb,mom",mkt,14,5,268,9,5,mom
2015-01-01_to_2018-01-01,2015-01-01,2018-01-01,"hml,smb,mom",mkt,14,5,268,9,6,smb
2015-01-01_to_2018-01-01,2015-01-01,2018-01-01,"hml,smb,mom",mkt,14,5,268,9,7,smb
2015-01-01_to_2018-01-01,2015-01-01,2018-01-01,"hml,smb,mom",mkt,14,5,268,9,8,smb
2015-01-01_to_2018-01-01,2015-01-01,2018-01-01,"hml,smb,mom",mkt,14,5,268,9,9,mom
2015-01-01_to_2018-01-01,2015-01-01,2018-01-01,"hml,smb,mom",mkt,14,5,270,9,1,mom
2015-01-01_to_2018-01-01,2015-01-01,2018-01-01,"hml,smb,mom",mkt,14,5,270,9,2,mom
2015-01-01_to_2018-01-01,2015-01-01,2018-01-01,"hml,smb,mom",mkt,14,5,270,9,3,mom
2015-01-01_to_2018-01-01,2015-01-01,2018-01-01,"hml,smb,mom",mkt,14,5,270,9,4,mom
2015-01-01_to_2018-01-01,2015-01-01,2018-01-01,"hml,smb,mom",mkt,14,5,270,9,5,mom
2015-01-01_to_2018-01-01,2015-01-01,2018-01-01,"hml,smb,mom",mkt,14,5,270,9,6,smb
2015-01-01_to_2018-01-01,2015-01-01,2018-01-01,"hml,smb,mom",mkt,14,5,270,9,7,smb
2015-01-01_to_2018-01-01,2015-01-01,2018-01-01,"hml,smb,mom",mkt,14,5,270,9,8,smb
2015-01-01_to_2018-01-01,2015-01-01,2018-01-01,"hml,smb,mom",mkt,14,5,270,9,9,mom
2015-01-01_to_2018-01-01,2015-01-01,2018-01-01,"hml,smb,mom",mkt,14,5,271,9,1,mom
2015-01-01_to_2018-01-01,2015-01-01,2018-01-01,"hml,smb,mom",mkt,14,5,271,9,2,mom
2015-01-01_to_2018-01-01,2015-01-01,2018-01-01,"hml,smb,mom",mkt,14,5,271,9,3,mom
2015-01-01_to_2018-01-01,2015-01-01,2018-01-01,"hml,smb,mom",mkt,14,5,271,9,4,mom
2015-01-01_to_2018-01-01,2015-01-01,2018-01-01,"hml,smb,mom",mkt,14,5,271,9,5,mom
2015-01-01_to_2018-01-01,2015-01-01,2018-01-01,"hml,smb,mom",mkt,14,5,271,9,6,smb
2015-01-01_to_2018-01-01,2015-01-01,2018-01-01,"hml,smb,mom",mkt,14,5,271,9,7,smb
2015-01-01_to_2018-01-01,2015-01-01,2018-01-01,"hml,smb,mom",mkt,14,5,271,9,8,smb
2015-01-01_to_2018-01-01,2015-01-01,2018-01-01,"hml,smb,mom",mkt,14,5,271,9,9,mom
2015-01-01_to_2018-01-01,2015-01-01,2018-01-01,"hml,smb,mom",mkt,14,5,273,8,1,mom
2015-01-01_to_2018-01-01,2015-01-01,2018-01-01,"hml,smb,mom",mkt,14,5,273,8,2,mom
2015-01-01_to_2018-01-01,2015-01-01,2018-01-01,"hml,smb,mom",mkt,14,5,273,8,3,mom
2015-01-01_to_2018-01-01,2015-01-01,2018-01-01,"hml,smb,mom",mkt,14,5,273,8,4,mom
2015-01-01_to_2018-01-01,2015-01-01,2018-01-01,"hml,smb,mom",mkt,14,5,273,8,5,mom
2015-01-01_to_2018-01-01,2015-01-01,2018-01-01,"hml,smb,mom",mkt,14,5,273,8,6,smb
2015-01-01_to_2018-01-01,2015-01-01,2018-01-01,"hml,smb,mom",mkt,14,5,273,8,7,smb
2015-01-01_to_2018-01-01,2015-01-01,2018-01-01,"hml,smb,mom",mkt,14,5,273,8,8,smb
2015-01-01_to_2018-01-01,2015-01-01,2018-01-01,"hml,smb,mom",mkt,14,5,276,10,1,mom
2015-01-01_to_2018-01-01,2015-01-01,2018-01-01,"hml,smb,mom",mkt,14,5,276,10,2,mom
2015-01-01_to_2018-01-01,2015-01-01,2018-01-01,"hml,smb,mom",mkt,14,5,276,10,3,mom
2015-01-01_to_2018-01-01,2015-01-01,2018-01-01,"hml,smb,mom",mkt,14,5,276,10,4,mom
2015-01-01_to_2018-01-01,2015-01-01,2018-01-01,"hml,smb,mom",mkt,14,5,276,10,5,mom
2015-01-01_to_2018-01-01,2015-01-01,2018-01-01,"hml,smb,mom",mkt,14,5,276,10,6,smb
2015-01-01_to_2018-01-01,2015-01-01,2018-01-01,"hml,smb,mom",mkt,14,5,276,10,7,smb
2015-01-01_to_2018-01-01,2015-01-01,2018-01-01,"hml,smb,mom",mkt,14,5,276,10,8,smb
2015-01-01_to_2018-01-01,2015-01-01,2018-01-01,"hml,smb,mom",mkt,14,5,276,10,9,hml
2015-01-01_to_2018-01-01,2015-01-01,2018-01-01,"hml,smb,mom",mkt,14,5,276,10,10,smb
2015-01-01_to_2018-01-01,2015-01-01,2018-01-01,"hml,smb,mom",mkt,14,5,278,11,1,mom
2015-01-01_to_2018-01-01,2015-01-01,2018-01-01,"hml,smb,mom",mkt,14,5,278,11,2,mom
2015-01-01_to_2018-01-01,2015-01-01,2018-01-01,"hml,smb,mom",mkt,14,5,278,11,3,mom
2015-01-01_to_2018-01-01,2015-01-01,2018-01-01,"hml,smb,mom",mkt,14,5,278,11,4,mom
2015-01-01_to_2018-01-01,2015-01-01,2018-01-01,"hml,smb,mom",mkt,14,5,278,11,5,mom
2015-01-01_to_2018-01-01,2015-01-01,2018-01-01,"hml,smb,mom",mkt,14,5,278,11,6,smb
2015-01-01_to_2018-01-01,2015-01-01,2018-01-01,"hml,smb,mom",mkt,14,5,278,11,7,smb
2015-01-01_to_2018-01-01,2015-01-01,2018-01-01,"hml,smb,mom",mkt,14,5,278,11,8,smb
2015-01-01_to_2018-01-01,2015-01-01,2018-01-01,"hml,smb,mom",mkt,14,5,278,11,9,hml
2015-01-01_to_2018-01-01,2015-01-01,2018-01-01,"hml,smb,mom",mkt,14,5,278,11,10,smb
2015-01-01_to_2018-01-01,2015-01-01,2018-01-01,"hml,smb,mom",mkt,14,5,278,11,11,hml
2015-01-01_to_2018-01-01,2015-01-01,2018-01-01,"hml,smb,mom",mkt,14,5,281,13,1,mom
2015-01-01_to_2018-01-01,2015-01-01,2018-01-01,"hml,smb,mom",mkt,14,5,281,13,2,mom
2015-01-01_to_2018-01-01,2015-01-01,2018-01-01,"hml,smb,mom",mkt,14,5,281,13,3,mom
2015-01-01_to_2018-01-01,2015-01-01,2018-01-01,"hml,smb,mom",mkt,14,5,281,13,4,mom
2015-01-01_to_2018-01-01,2015-01-01,2018-01-01,"hml,smb,mom",mkt,14,5,281,13,5,mom
2015-01-01_to_2018-01-01,2015-01-01,2018-01-01,"hml,smb,mom",mkt,14,5,281,13,6,smb
2015-01-01_to_2018-01-01,2015-01-01,2018-01-01,"hml,smb,mom",mkt,14,5,281,13,7,smb
2015-01-01_to_2018-01-01,2015-01-01,2018-01-01,"hml,smb,mom",mkt,14,5,281,13,8,smb
2015-01-01_to_2018-01-01,2015-01-01,2018-01-01,"hml,smb,mom",mkt,14,5,281,13,9,hml
2015-01-01_to_2018-01-01,2015-01-01,2018-01-01,"hml,smb,mom",mkt,14,5,281,13,10,smb
2015-01-01_to_2018-01-01,2015-01-01,2018-01-01,"hml,smb,mom",mkt,14,5,281,13,11,hml
2015-01-01_to_2018-01-01,2015-01-01,2018-01-01,"hml,smb,mom",mkt,14,5,281,13,12,hml
2015-01-01_to_2018-01-01,2015-01-01,2018-01-01,"hml,smb,mom",mkt,14,5,281,13,13,smb
2015-01-01_to_2018-01-01,2015-01-01,2018-01-01,"hml,smb,mom",mkt,14,5,282,13,1,mom
2015-01-01_to_2018-01-01,2015-01-01,2018-01-01,"hml,smb,mom",mkt,14,5,282,13,2,mom
2015-01-01_to_2018-01-01,2015-01-01,2018-01-01,"hml,smb,mom",mkt,14,5,282,13,3,mom
2015-01-01_to_2018-01-01,2015-01-01,2018-01-01,"hml,smb,mom",mkt,14,5,282,13,4,mom
2015-01-01_to_2018-01-01,2015-01-01,2018-01-01,"hml,smb,mom",mkt,14,5,282,13,5,mom
2015-01-01_to_2018-01-01,2015-01-01,2018-01-01,"hml,smb,mom",mkt,14,5,282,13,6,smb
2015-01-01_to_2018-01-01,2015-01-01,2018-01-01,"hml,smb,mom",mkt,14,5,282,13,7,smb
2015-01-01_to_2018-01-01,2015-01-01,2018-01-01,"hml,smb,mom",mkt,14,5,282,13,8,smb
2015-01-01_to_2018-01-01,2015-01-01,2018-01-01,"hml,smb,mom",mkt,14,5,282,13,9,hml
2015-01-01_to_2018-01-01,2015-01-01,2018-01-01,"hml,smb,mom",mkt,14,5,282,13,10,smb
2015-01-01_to_2018-01-01,2015-01-01,2018-01-01,"hml,smb,mom",mkt,14,5,282,13,11,hml
2015-01-01_to_2018-01-01,2015-01-01,2018-01-01,"hml,smb,mom",mkt,14,5,282,13,12,hml
2015-01-01_to_2018-01-01,2015-01-01,2018-01-01,"hml,smb,mom",mkt,14,5,282,13,13,smb
2015-01-01_to_2018-01-01,2015-01-01,2018-01-01,"hml,smb,mom",mkt,14,5,283,12,1,mom
2015-01-01_to_2018-01-01,2015-01-01,2018-01-01,"hml,smb,mom",mkt,14,5,283,12,2,mom
2015-01-01_to_2018-01-01,2015-01-01,2018-01-01,"hml,smb,mom",mkt,14,5,283,12,3,mom
2015-01-01_to_2018-01-01,2015-01-01,2018-01-01,"hml,smb,mom",mkt,14,5,283,12,4,mom
2015-01-01_to_2018-01-01,2015-01-01,2018-01-01,"hml,smb,mom",mkt,14,5,283,12,5,mom
2015-01-01_to_2018-01-01,2015-01-01,2018-01-01,"hml,smb,mom",mkt,14,5,283,12,6,smb
2015-01-01_to_2018-01-01,2015-01-01,2018-01-01,"hml,smb,mom",mkt,14,5,283,12,7,smb
2015-01-01_to_2018-01-01,2015-01-01,2018-01-01,"hml,smb,mom",mkt,14,5,283,12,8,smb
2015-01-01_to_2018-01-01,2015-01-01,2018-01-01,"hml,smb,mom",mkt,14,5,283,12,9,hml
2015-01-01_to_2018-01-01,2015-01-01,2018-01-01,"hml,smb,mom",mkt,14,5,283,12,10,smb
2015-01-01_to_2018-01-01,2015-01-01,2018-01-01,"hml,smb,mom",mkt,14,5,283,12,11,hml
2015-01-01_to_2018-01-01,2015-01-01,2018-01-01,"hml,smb,mom",mkt,14,5,283,12,12,hml
2015-01-01_to_2018-01-01,2015-01-01,2018-01-01,"hml,smb,mom",mkt,14,5,284,9,1,mom
2015-01-01_to_2018-01-01,2015-01-01,2018-01-01,"hml,smb,mom",mkt,14,5,284,9,2,mom
2015-01-01_to_2018-01-01,2015-01-01,2018-01-01,"hml,smb,mom",mkt,14,5,284,9,3,mom
2015-01-01_to_2018-01-01,2015-01-01,2018-01-01,"hml,smb,mom",mkt,14,5,284,9,4,mom
2015-01-01_to_2018-01-01,2015-01-01,2018-01-01,"hml,smb,mom",mkt,14,5,284,9,5,mom
2015-01-01_to_2018-01-01,2015-01-01,2018-01-01,"hml,smb,mom",mkt,14,5,284,9,6,smb
2015-01-01_to_2018-01-01,2015-01-01,2018-01-01,"hml,smb,mom",mkt,14,5,284,9,7,smb
2015-01-01_to_2018-01-01,2015-01-01,2018-01-01,"hml,smb,mom",mkt,14,5,284,9,8,smb
2015-01-01_to_2018-01-01,2015-01-01,2018-01-01,"hml,smb,mom",mkt,14,5,284,9,9,hml
2015-01-01_to_2018-01-01,2015-01-01,2018-01-01,"hml,smb,mom",mkt,14,5,286,6,1,mom
2015-01-01_to_2018-01-01,2015-01-01,2018-01-01,"hml,smb,mom",mkt,14,5,286,6,2,mom
2015-01-01_to_2018-01-01,2015-01-01,2018-01-01,"hml,smb,mom",mkt,14,5,286,6,3,mom
2015-01-01_to_2018-01-01,2015-01-01,2018-01-01,"hml,smb,mom",mkt,14,5,286,6,4,mom
2015-01-01_to_2018-01-01,2015-01-01,2018-01-01,"hml,smb,mom",mkt,14,5,286,6,5,mom
2015-01-01_to_2018-01-01,2015-01-01,2018-01-01,"hml,smb,mom",mkt,14,5,286,6,6,smb
2015-01-01_to_2018-01-01,2015-01-01,2018-01-01,"hml,smb,mom",mkt,14,5,291,10,1,mom
2015-01-01_to_2018-01-01,2015-01-01,2018-01-01,"hml,smb,mom",mkt,14,5,291,10,2,mom
2015-01-01_to_2018-01-01,2015-01-01,2018-01-01,"hml,smb,mom",mkt,14,5,291,10,3,mom
2015-01-01_to_2018-01-01,2015-01-01,2018-01-01,"hml,smb,mom",mkt,14,5,291,10,4,mom
2015-01-01_to_2018-01-01,2015-01-01,2018-01-01,"hml,smb,mom",mkt,14,5,291,10,5,mom
2015-01-01_to_2018-01-01,2015-01-01,2018-01-01,"hml,smb,mom",mkt,14,5,291,10,6,smb
2015-01-01_to_2018-01-01,2015-01-01,2018-01-01,"hml,smb,mom",mkt,14,5,291,10,7,hml
2015-01-01_to_2018-01-01,2015-01-01,2018-01-01,"hml,smb,mom",mkt,14,5,291,10,8,hml
2015-01-01_to_2018-01-01,2015-01-01,2018-01-01,"hml,smb,mom",mkt,14,5,291,10,9,smb
2015-01-01_to_2018-01-01,2015-01-01,2018-01-01,"hml,smb,mom",mkt,14,5,291,10,10,smb
2015-01-01_to_2018-01-01,2015-01-01,2018-01-01,"hml,smb,mom",mkt,14,5,292,10,1,mom
2015-01-01_to_2018-01-01,2015-01-01,2018-01-01,"hml,smb,mom",mkt,14,5,292,10,2,mom
2015-01-01_to_2018-01-01,2015-01-01,2018-01-01,"hml,smb,mom",mkt,14,5,292,10,3,mom
2015-01-01_to_2018-01-01,2015-01-01,2018-01-01,"hml,smb,mom",mkt,14,5,292,10,4,mom
2015-01-01_to_2018-01-01,2015-01-01,2018-01-01,"hml,smb,mom",mkt,14,5,292,10,5,mom
2015-01-01_to_2018-01-01,2015-01-01,2018-01-01,"hml,smb,mom",mkt,14,5,292,10,6,smb
2015-01-01_to_2018-01-01,2015-01-01,2018-01-01,"hml,smb,mom",mkt,14,5,292,10,7,hml
2015-01-01_to_2018-01-01,2015-01-01,2018-01-01,"hml,smb,mom",mkt,14,5,292,10,8,hml
2015-01-01_to_2018-01-01,2015-01-01,2018-01-01,"hml,smb,mom",mkt,14,5,292,10,9,smb
2015-01-01_to_2018-01-01,2015-01-01,2018-01-01,"hml,smb,mom",mkt,14,5,292,10,10,smb
2015-01-01_to_2018-01-01,2015-01-01,2018-01-01,"hml,smb,mom",mkt,14,5,294,10,1,mom
2015-01-01_to_2018-01-01,2015-01-01,2018-01-01,"hml,smb,mom",mkt,14,5,294,10,2,mom
2015-01-01_to_2018-01-01,2015-01-01,2018-01-01,"hml,smb,mom",mkt,14,5,294,10,3,mom
2015-01-01_to_2018-01-01,2015-01-01,2018-01-01,"hml,smb,mom",mkt,14,5,294,10,4,mom
2015-01-01_to_2018-01-01,2015-01-01,2018-01-01,"hml,smb,mom",mkt,14,5,294,10,5,mom
2015-01-01_to_2018-01-01,2015-01-01,2018-01-01,"hml,smb,mom",mkt,14,5,294,10,6,smb
2015-01-01_to_2018-01-01,2015-01-01,2018-01-01,"hml,smb,mom",mkt,14,5,294,10,7,hml
2015-01-01_to_2018-01-01,2015-01-01,2018-01-01,"hml,smb,mom",mkt,14,5,294,10,8,hml
2015-01-01_to_2018-01-01,2015-01-01,2018-01-01,"hml,smb,mom",mkt,14,5,294,10,9,smb
2015-01-01_to_2018-01-01,2015-01-01,2018-01-01,"hml,smb,mom",mkt,14,5,294,10,10,smb
2015-01-01_to_2018-01-01,2015-01-01,2018-01-01,"hml,smb,mom",mkt,14,5,296,11,1,mom
2015-01-01_to_2018-01-01,2015-01-01,2018-01-01,"hml,smb,mom",mkt,14,5,296,11,2,mom
2015-01-01_to_2018-01-01,2015-01-01,2018-01-01,"hml,smb,mom",mkt,14,5,296,11,3,mom
2015-01-01_to_2018-01-01,2015-01-01,2018-01-01,"hml,smb,mom",mkt,14,5,296,11,4,mom
2015-01-01_to_2018-01-01,2015-01-01,2018-01-01,"hml,smb,mom",mkt,14,5,296,11,5,mom
2015-01-01_to_2018-01-01,2015-01-01,2018-01-01,"hml,smb,mom",mkt,14,5,296,11,6,smb
2015-01-01_to_2018-01-01,2015-01-01,2018-01-01,"hml,smb,mom",mkt,14,5,296,11,7,hml
2015-01-01_to_2018-01-01,2015-01-01,2018-01-01,"hml,smb,mom",mkt,14,5,296,11,8,hml
2015-01-01_to_2018-01-01,2015-01-01,2018-01-01,"hml,smb,mom",mkt,14,5,296,11,9,smb
2015-01-01_to_2018-01-01,2015-01-01,2018-01-01,"hml,smb,mom",mkt,14,5,296,11,10,smb
2015-01-01_to_2018-01-01,2015-01-01,2018-01-01,"hml,smb,mom",mkt,14,5,296,11,11,smb
2015-01-01_to_2018-01-01,2015-01-01,2018-01-01,"hml,smb,mom",mkt,14,5,297,11,1,mom
2015-01-01_to_2018-01-01,2015-01-01,2018-01-01,"hml,smb,mom",mkt,14,5,297,11,2,mom
2015-01-01_to_2018-01-01,2015-01-01,2018-01-01,"hml,smb,mom",mkt,14,5,297,11,3,mom
2015-01-01_to_2018-01-01,2015-01-01,2018-01-01,"hml,smb,mom",mkt,14,5,297,11,4,mom
2015-01-01_to_2018-01-01,2015-01-01,2018-01-01,"hml,smb,mom",mkt,14,5,297,11,5,mom
2015-01-01_to_2018-01-01,2015-01-01,2018-01-01,"hml,smb,mom",mkt,14,5,297,11,6,smb
2015-01-01_to_2018-01-01,2015-01-01,2018-01-01,"hml,smb,mom",mkt,14,5,297,11,7,hml
2015-01-01_to_2018-01-01,2015-01-01,2018-01-01,"hml,smb,mom",mkt,14,5,297,11,8,hml
2015-01-01_to_2018-01-01,2015-01-01,2018-01-01,"hml,smb,mom",mkt,14,5,297,11,9,smb
2015-01-01_to_2018-01-01,2015-01-01,2018-01-01,"hml,smb,mom",mkt,14,5,297,11,10,smb
2015-01-01_to_2018-01-01,2015-01-01,2018-01-01,"hml,smb,mom",mkt,14,5,297,11,11,smb
2015-01-01_to_2018-01-01,2015-01-01,2018-01-01,"hml,smb,mom",mkt,14,5,299,9,1,mom
2015-01-01_to_2018-01-01,2015-01-01,2018-01-01,"hml,smb,mom",mkt,14,5,299,9,2,mom
2015-01-01_to_2018-01-01,2015-01-01,2018-01-01,"hml,smb,mom",mkt,14,5,299,9,3,mom
2015-01-01_to_2018-01-01,2015-01-01,2018-01-01,"hml,smb,mom",mkt,14,5,299,9,4,mom
2015-01-01_to_2018-01-01,2015-01-01,2018-01-01,"hml,smb,mom",mkt,14,5,299,9,5,mom
2015-01-01_to_2018-01-01,2015-01-01,2018-01-01,"hml,smb,mom",mkt,14,5,299,9,6,smb
2015-01-01_to_2018-01-01,2015-01-01,2018-01-01,"hml,smb,mom",mkt,14,5,299,9,7,hml
2015-01-01_to_2018-01-01,2015-01-01,2018-01-01,"hml,smb,mom",mkt,14,5,299,9,8,hml
2015-01-01_to_2018-01-01,2015-01-01,2018-01-01,"hml,smb,mom",mkt,14,5,299,9,9,smb
2015-01-01_to_2018-01-01,2015-01-01,2018-01-01,"hml,smb,mom",mkt,14,5,300,9,1,mom
2015-01-01_to_2018-01-01,2015-01-01,2018-01-01,"hml,smb,mom",mkt,14,5,300,9,2,mom
2015-01-01_to_2018-01-01,2015-01-01,2018-01-01,"hml,smb,mom",mkt,14,5,300,9,3,mom
2015-01-01_to_2018-01-01,2015-01-01,2018-01-01,"hml,smb,mom",mkt,14,5,300,9,4,mom
2015-01-01_to_2018-01-01,2015-01-01,2018-01-01,"hml,smb,mom",mkt,14,5,300,9,5,mom
2015-01-01_to_2018-01-01,2015-01-01,2018-01-01,"hml,smb,mom",mkt,14,5,300,9,6,smb
2015-01-01_to_2018-01-01,2015-01-01,2018-01-01,"hml,smb,mom",mkt,14,5,300,9,7,hml
2015-01-01_to_2018-01-01,2015-01-01,2018-01-01,"hml,smb,mom",mkt,14,5,300,9,8,hml
2015-01-01_to_2018-01-01,2015-01-01,2018-01-01,"hml,smb,mom",mkt,14,5,300,9,9,smb
2015-01-01_to_2018-01-01,2015-01-01,2018-01-01,"hml,smb,mom",mkt,14,5,301,7,1,mom
2015-01-01_to_2018-01-01,2015-01-01,2018-01-01,"hml,smb,mom",mkt,14,5,301,7,2,mom
2015-01-01_to_2018-01-01,2015-01-01,2018-01-01,"hml,smb,mom",mkt,14,5,301,7,3,mom
2015-01-01_to_2018-01-01,2015-01-01,2018-01-01,"hml,smb,mom",mkt,14,5,301,7,4,mom
2015-01-01_to_2018-01-01,2015-01-01,2018-01-01,"hml,smb,mom",mkt,14,5,301,7,5,mom
2015-01-01_to_2018-01-01,2015-01-01,2018-01-01,"hml,smb,mom",mkt,14,5,301,7,6,smb
2015-01-01_to_2018-01-01,2015-01-01,2018-01-01,"hml,smb,mom",mkt,14,5,301,7,7,hml
2015-01-01_to_2018-01-01,2015-01-01,2018-01-01,"hml,smb,mom",mkt,14,5,305,7,1,mom
2015-01-01_to_2018-01-01,2015-01-01,2018-01-01,"hml,smb,mom",mkt,14,5,305,7,2,mom
2015-01-01_to_2018-01-01,2015-01-01,2018-01-01,"hml,smb,mom",mkt,14,5,305,7,3,mom
2015-01-01_to_2018-01-01,2015-01-01,2018-01-01,"hml,smb,mom",mkt,14,5,305,7,4,mom
2015-01-01_to_2018-01-01,2015-01-01,2018-01-01,"hml,smb,mom",mkt,14,5,305,7,5,mom
2015-01-01_to_2018-01-01,2015-01-01,2018-01-01,"hml,smb,mom",mkt,14,5,305,7,6,smb
2015-01-01_to_2018-01-01,2015-01-01,2018-01-01,"hml,smb,mom",mkt,14,5,305,7,7,smb
2015-01-01_to_2018-01-01,2015-01-01,2018-01-01,"hml,smb,mom",mkt,14,5,307,8,1,mom
2015-01-01_to_2018-01-01,2015-01-01,2018-01-01,"hml,smb,mom",mkt,14,5,307,8,2,mom
2015-01-01_to_2018-01-01,2015-01-01,2018-01-01,"hml,smb,mom",mkt,14,5,307,8,3,mom
2015-01-01_to_2018-01-01,2015-01-01,2018-01-01,"hml,smb,mom",mkt,14,5,307,8,4,mom
2015-01-01_to_2018-01-01,2015-01-01,2018-01-01,"hml,smb,mom",mkt,14,5,307,8,5,mom
2015-01-01_to_2018-01-01,2015-01-01,2018-01-01,"hml,smb,mom",mkt,14,5,307,8,6,smb
2015-01-01_to_2018-01-01,2015-01-01,2018-01-01,"hml,smb,mom",mkt,14,5,307,8,7,smb
2015-01-01_to_2018-01-01,2015-01-01,2018-01-01,"hml,smb,mom",mkt,14,5,307,8,8,smb
2015-01-01_to_2018-01-01,2015-01-01,2018-01-01,"hml,smb,mom",mkt,14,5,308,8,1,mom
2015-01-01_to_2018-01-01,2015-01-01,2018-01-01,"hml,smb,mom",mkt,14,5,308,8,2,mom
2015-01-01_to_2018-01-01,2015-01-01,2018-01-01,"hml,smb,mom",mkt,14,5,308,8,3,mom
2015-01-01_to_2018-01-01,2015-01-01,2018-01-01,"hml,smb,mom",mkt,14,5,308,8,4,mom
2015-01-01_to_2018-01-01,2015-01-01,2018-01-01,"hml,smb,mom",mkt,14,5,308,8,5,mom
2015-01-01_to_2018-01-01,2015-01-01,2018-01-01,"hml,smb,mom",mkt,14,5,308,8,6,smb
2015-01-01_to_2018-01-01,2015-01-01,2018-01-01,"hml,smb,mom",mkt,14,5,308,8,7,smb
2015-01-01_to_2018-01-01,2015-01-01,2018-01-01,"hml,smb,mom",mkt,14,5,308,8,8,smb
2015-01-01_to_2018-01-01,2015-01-01,2018-01-01,"hml,smb,mom",mkt,14,5,310,7,1,mom
2015-01-01_to_2018-01-01,2015-01-01,2018-01-01,"hml,smb,mom",mkt,14,5,310,7,2,mom
2015-01-01_to_2018-01-01,2015-01-01,2018-01-01,"hml,smb,mom",mkt,14,5,310,7,3,mom
2015-01-01_to_2018-01-01,2015-01-01,2018-01-01,"hml,smb,mom",mkt,14,5,310,7,4,mom
2015-01-01_to_2018-01-01,2015-01-01,2018-01-01,"hml,smb,mom",mkt,14,5,310,7,5,mom
2015-01-01_to_2018-01-01,2015-01-01,2018-01-01,"hml,smb,mom",mkt,14,5,310,7,6,smb
2015-01-01_to_2018-01-01,2015-01-01,2018-01-01,"hml,smb,mom",mkt,14,5,310,7,7,smb
2015-01-01_to_2018-01-01,2015-01-01,2018-01-01,"hml,smb,mom",mkt,14,5,311,7,1,mom
2015-01-01_to_2018-01-01,2015-01-01,2018-01-01,"hml,smb,mom",mkt,14,5,311,7,2,mom
2015-01-01_to_2018-01-01,2015-01-01,2018-01-01,"hml,smb,mom",mkt,14,5,311,7,3,mom
2015-01-01_to_2018-01-01,2015-01-01,2018-01-01,"hml,smb,mom",mkt,14,5,311,7,4,mom
2015-01-01_to_2018-01-01,2015-01-01,2018-01-01,"hml,smb,mom",mkt,14,5,311,7,5,mom
2015-01-01_to_2018-01-01,2015-01-01,2018-01-01,"hml,smb,mom",mkt,14,5,311,7,6,smb
2015-01-01_to_2018-01-01,2015-01-01,2018-01-01,"hml,smb,mom",mkt,14,5,311,7,7,smb
2015-01-01_to_2018-01-01,2015-01-01,2018-01-01,"hml,smb,mom",mkt,14,5,315,8,1,mom
2015-01-01_to_2018-01-01,2015-01-01,2018-01-01,"hml,smb,mom",mkt,14,5,315,8,2,mom
2015-01-01_to_2018-01-01,2015-01-01,2018-01-01,"hml,smb,mom",mkt,14,5,315,8,3,mom
2015-01-01_to_2018-01-01,2015-01-01,2018-01-01,"hml,smb,mom",mkt,14,5,315,8,4,mom
2015-01-01_to_2018-01-01,2015-01-01,2018-01-01,"hml,smb,mom",mkt,14,5,315,8,5,mom
2015-01-01_to_2018-01-01,2015-01-01,2018-01-01,"hml,smb,mom",mkt,14,5,315,8,6,smb
2015-01-01_to_2018-01-01,2015-01-01,2018-01-01,"hml,smb,mom",mkt,14,5,315,8,7,smb
2015-01-01_to_2018-01-01,2015-01-01,2018-01-01,"hml,smb,mom",mkt,14,5,315,8,8,smb
2015-01-01_to_2018-01-01,2015-01-01,2018-01-01,"hml,smb,mom",mkt,14,5,316,8,1,mom
2015-01-01_to_2018-01-01,2015-01-01,2018-01-01,"hml,smb,mom",mkt,14,5,316,8,2,mom
2015-01-01_to_2018-01-01,2015-01-01,2018-01-01,"hml,smb,mom",mkt,14,5,316,8,3,mom
2015-01-01_to_2018-01-01,2015-01-01,2018-01-01,"hml,smb,mom",mkt,14,5,316,8,4,mom
2015-01-01_to_2018-01-01,2015-01-01,2018-01-01,"hml,smb,mom",mkt,14,5,316,8,5,mom
2015-01-01_to_2018-01-01,2015-01-01,2018-01-01,"hml,smb,mom",mkt,14,5,316,8,6,smb
2015-01-01_to_2018-01-01,2015-01-01,2018-01-01,"hml,smb,mom",mkt,14,5,316,8,7,smb
2015-01-01_to_2018-01-01,2015-01-01,2018-01-01,"hml,smb,mom",mkt,14,5,316,8,8,smb
2015-01-01_to_2018-01-01,2015-01-01,2018-01-01,"hml,smb,mom",mkt,14,5,317,7,1,mom
2015-01-01_to_2018-01-01,2015-01-01,2018-01-01,"hml,smb,mom",mkt,14,5,317,7,2,mom
2015-01-01_to_2018-01-01,2015-01-01,2018-01-01,"hml,smb,mom",mkt,14,5,317,7,3,mom
2015-01-01_to_2018-01-01,2015-01-01,2018-01-01,"hml,smb,mom",mkt,14,5,317,7,4,mom
2015-01-01_to_2018-01-01,2015-01-01,2018-01-01,"hml,smb,mom",mkt,14,5,317,7,5,mom
2015-01-01_to_2018-01-01,2015-01-01,2018-01-01,"hml,smb,mom",mkt,14,5,317,7,6,smb
2015-01-01_to_2018-01-01,2015-01-01,2018-01-01,"hml,smb,mom",mkt,14,5,317,7,7,smb
2015-01-01_to_2018-01-01,2015-01-01,2018-01-01,"hml,smb,mom",mkt,14,5,319,7,1,mom
2015-01-01_to_2018-01-01,2015-01-01,2018-01-01,"hml,smb,mom",mkt,14,5,319,7,2,mom
2015-01-01_to_2018-01-01,2015-01-01,2018-01-01,"hml,smb,mom",mkt,14,5,319,7,3,mom
2015-01-01_to_2018-01-01,2015-01-01,2018-01-01,"hml,smb,mom",mkt,14,5,319,7,4,mom
2015-01-01_to_2018-01-01,2015-01-01,2018-01-01,"hml,smb,mom",mkt,14,5,319,7,5,mom
2015-01-01_to_2018-01-01,2015-01-01,2018-01-01,"hml,smb,mom",mkt,14,5,319,7,6,smb
2015-01-01_to_2018-01-01,2015-01-01,2018-01-01,"hml,smb,mom",mkt,14,5,319,7,7,hml
2015-01-01_to_2018-01-01,2015-01-01,2018-01-01,"hml,smb,mom",mkt,14,5,320,7,1,mom
2015-01-01_to_2018-01-01,2015-01-01,2018-01-01,"hml,smb,mom",mkt,14,5,320,7,2,mom
2015-01-01_to_2018-01-01,2015-01-01,2018-01-01,"hml,smb,mom",mkt,14,5,320,7,3,mom
2015-01-01_to_2018-01-01,2015-01-01,2018-01-01,"hml,smb,mom",mkt,14,5,320,7,4,mom
2015-01-01_to_2018-01-01,2015-01-01,2018-01-01,"hml,smb,mom",mkt,14,5,320,7,5,mom
2015-01-01_to_2018-01-01,2015-01-01,2018-01-01,"hml,smb,mom",mkt,14,5,320,7,6,smb
2015-01-01_to_2018-01-01,2015-01-01,2018-01-01,"hml,smb,mom",mkt,14,5,320,7,7,hml
2015-01-01_to_2018-01-01,2015-01-01,2018-01-01,"hml,smb,mom",mkt,14,5,322,4,1,mom
2015-01-01_to_2018-01-01,2015-01-01,2018-01-01,"hml,smb,mom",mkt,14,5,322,4,2,mom
2015-01-01_to_2018-01-01,2015-01-01,2018-01-01,"hml,smb,mom",mkt,14,5,322,4,3,mom
2015-01-01_to_2018-01-01,2015-01-01,2018-01-01,"hml,smb,mom",mkt,14,5,322,4,4,mom
2015-01-01_to_2018-01-01,2015-01-01,2018-01-01,"hml,smb,mom",mkt,14,5,324,5,1,mom
2015-01-01_to_2018-01-01,2015-01-01,2018-01-01,"hml,smb,mom",mkt,14,5,324,5,2,mom
2015-01-01_to_2018-01-01,2015-01-01,2018-01-01,"hml,smb,mom",mkt,14,5,324,5,3,mom
2015-01-01_to_2018-01-01,2015-01-01,2018-01-01,"hml,smb,mom",mkt,14,5,324,5,4,mom
2015-01-01_to_2018-01-01,2015-01-01,2018-01-01,"hml,smb,mom",mkt,14,5,324,5,5,smb
2015-01-01_to_2018-01-01,2015-01-01,2018-01-01,"hml,smb,mom",mkt,14,5,326,6,1,mom
2015-01-01_to_2018-01-01,2015-01-01,2018-01-01,"hml,smb,mom",mkt,14,5,326,6,2,mom
2015-01-01_to_2018-01-01,2015-01-01,2018-01-01,"hml,smb,mom",mkt,14,5,326,6,3,mom
2015-01-01_to_2018-01-01,2015-01-01,2018-01-01,"hml,smb,mom",mkt,14,5,326,6,4,mom
2015-01-01_to_2018-01-01,2015-01-01,2018-01-01,"hml,smb,mom",mkt,14,5,326,6,5,smb
2015-01-01_to_2018-01-01,2015-01-01,2018-01-01,"hml,smb,mom",mkt,14,5,326,6,6,mom
2015-01-01_to_2018-01-01,2015-01-01,2018-01-01,"hml,smb,mom",mkt,14,5,327,6,1,mom
2015-01-01_to_2018-01-01,2015-01-01,2018-01-01,"hml,smb,mom",mkt,14,5,327,6,2,mom
2015-01-01_to_2018-01-01,2015-01-01,2018-01-01,"hml,smb,mom",mkt,14,5,327,6,3,mom
2015-01-01_to_2018-01-01,2015-01-01,2018-01-01,"hml,smb,mom",mkt,14,5,327,6,4,mom
2015-01-01_to_2018-01-01,2015-01-01,2018-01-01,"hml,smb,mom",mkt,14,5,327,6,5,smb
2015-01-01_to_2018-01-01,2015-01-01,2018-01-01,"hml,smb,mom",mkt,14,5,327,6,6,mom
2015-01-01_to_2018-01-01,2015-01-01,2018-01-01,"hml,smb,mom",mkt,14,5,328,1,1,mom
